0
1e-09
2.595682117e-08
5.918585175e-08
2.200819737e-07
9.387250037e-07
9.809866398e-07
1.018823481e-06
1.053590315e-06
1.138733029e-06
1.875921218e-06
1.895487335e-06
1.914607295e-06
1.955304581e-06
2.094613507e-06
2.818357268e-06
2.830471658e-06
2.854335099e-06
2.882982053e-06
3.022105599e-06
3.7515077e-06
3.759755921e-06
3.785297901e-06
3.825284561e-06
3.960647284e-06
4.692174396e-06
4.698238007e-06
4.704284305e-06
4.730024451e-06
4.757933703e-06
4.901395017e-06
5.630933803e-06
5.635715615e-06
5.640488962e-06
5.6660077e-06
5.698157887e-06
5.840412813e-06
6.56995213e-06
6.573912709e-06
6.577868592e-06
6.581819957e-06
6.60710369e-06
6.637610217e-06
6.779557511e-06
7.512616855e-06
7.516013754e-06
7.519407911e-06
7.544624868e-06
7.577913994e-06
7.716908823e-06
8.451237326e-06
8.454233031e-06
8.457226875e-06
8.46021886e-06
8.485521998e-06
8.517844664e-06
8.655560158e-06
9.390271054e-06
9.392969298e-06
9.395666256e-06
9.398362012e-06
9.401056484e-06
9.423721374e-06
9.458420798e-06
9.596154538e-06
1.033122718e-05
1.033369924e-05
1.03361704e-05
1.033864062e-05
1.03646018e-05
1.039626423e-05
1.053514402e-05
1.126912944e-05
1.127142835e-05
1.12737266e-05
1.127602413e-05
1.127832096e-05
1.130237914e-05
1.133659421e-05
1.147507981e-05
1.220920241e-05
1.221136678e-05
1.22135306e-05
1.22156939e-05
1.221785666e-05
1.222001889e-05
1.224260841e-05
1.227701578e-05
1.241626997e-05
1.314986997e-05
1.315193047e-05
1.315399058e-05
1.315605025e-05
1.315810953e-05
1.318393228e-05
1.321663751e-05
1.335557618e-05
1.408848434e-05
1.409046611e-05
1.409244751e-05
1.409442859e-05
1.40964093e-05
1.40983897e-05
1.412318495e-05
1.41566797e-05
1.429644663e-05
1.502853602e-05
1.503045959e-05
1.503238284e-05
1.503430584e-05
1.503622858e-05
1.503815101e-05
1.506219335e-05
1.509670148e-05
1.523436886e-05
1.596972305e-05
1.597160633e-05
1.597348936e-05
1.597537219e-05
1.597725475e-05
1.597913711e-05
1.600266037e-05
1.603642441e-05
1.617520441e-05
1.690820643e-05
1.691006606e-05
1.691192552e-05
1.691378477e-05
1.691564381e-05
1.691750269e-05
1.694267973e-05
1.697601991e-05
1.711508579e-05
1.784792095e-05
1.784977193e-05
1.785162279e-05
1.785347347e-05
1.7855324e-05
1.785717435e-05
1.82449132e-05
1.863799281e-05
1.903853247e-05
1.946004171e-05
1.992244937e-05
2.04674606e-05
2.117683321e-05
2.222456114e-05
2.393502859e-05
2.691791106e-05
3.219168046e-05
4.108895431e-05
5.452279345e-05
7.141377213e-05
