0
0.10e-05
0.20e-05
0.30e-05
0.40e-05
0.50e-05
0.60e-05
0.70e-05
0.80e-05
0.90e-05
1.00e-05
1.10e-05
1.20e-05
1.30e-05
1.40e-05
1.50e-05
1.60e-05
1.70e-05
1.80e-05
1.90e-05
2.00e-05
2.10e-05
2.20e-05
2.30e-05
2.40e-05
2.50e-05
2.60e-05
2.70e-05
2.80e-05
2.90e-05
3.00e-05
3.10e-05
3.20e-05
3.30e-05
3.40e-05
3.50e-05
3.60e-05
3.70e-05
3.80e-05
3.90e-05
4.00e-05
4.10e-05
4.20e-05
4.30e-05
4.40e-05
4.50e-05
4.60e-05
4.70e-05
4.80e-05
4.90e-05
5e-05
5.0001e-05
5.056673723e-05
5.116248164e-05
5.177999684e-05
5.260817693e-05
5.384882922e-05
5.501459416e-05
5.551680093e-05
5.604406675e-05
5.661821664e-05
5.730936369e-05
5.844990914e-05
6.000347886e-05
6.045474836e-05
6.092551136e-05
6.143034652e-05
6.205841706e-05
6.306383828e-05
6.500461894e-05
6.540290548e-05
6.580367536e-05
6.624534214e-05
6.679754087e-05
6.767782877e-05
6.95053321e-05
7.388257953e-05
8.371604002e-05
0.0001000102286
