/*--------------------------------*- C++ -*----------------------------------*\
  =========                 |
  \\      /  F ield         | OpenFOAM: The Open Source CFD Toolbox
   \\    /   O peration     | Website:  https://openfoam.org
    \\  /    A nd           | Version:  7
     \\/     M anipulation  |
\*---------------------------------------------------------------------------*/
FoamFile
{
    version     2.0;
    format      ascii;
    class       volVectorField;
    location    "0.01/air";
    object      qAir;
}
// * * * * * * * * * * * * * * * * * * * * * * * * * * * * * * * * * * * * * //

dimensions      [0 -1 0 1 0 0 0];

internalField   nonuniform List<vector> 
3600
(
(1910.29 -1909.42 -0)
(549.732 -1088.83 -0)
(200.438 -721.764 -0)
(93.4089 -529.346 -0)
(52.9256 -414.675 -0)
(34.2155 -339.417 -0)
(24.0936 -286.401 -0)
(17.9713 -247.042 -0)
(13.9677 -216.636 -0)
(11.1977 -192.405 -0)
(9.1976 -172.614 -0)
(7.70398 -156.121 -0)
(6.55762 -142.146 -0)
(5.65755 -130.137 -0)
(4.93706 -119.695 -0)
(4.35062 -110.523 -0)
(3.86631 -102.395 -0)
(3.4612 -95.1371 -0)
(3.11844 -88.6125 -0)
(2.82547 -82.713 -0)
(2.57275 -77.351 -0)
(2.35291 -72.4549 -0)
(2.16023 -67.9665 -0)
(1.99019 -63.8367 -0)
(1.83917 -60.0247 -0)
(1.70427 -56.4962 -0)
(1.58313 -53.2215 -0)
(1.47382 -50.1755 -0)
(1.37475 -47.3364 -0)
(1.28458 -44.6855 -0)
(1.20221 -42.2059 -0)
(1.12671 -39.8835 -0)
(1.05728 -37.7052 -0)
(0.993258 -35.6597 -0)
(0.934064 -33.737 -0)
(0.879202 -31.9279 -0)
(0.828243 -30.2241 -0)
(0.780815 -28.6184 -0)
(0.736594 -27.1041 -0)
(0.695292 -25.6749 -0)
(0.656661 -24.3256 -0)
(0.620478 -23.0508 -0)
(0.586544 -21.8459 -0)
(0.554685 -20.7067 -0)
(0.524744 -19.6291 -0)
(0.496577 -18.6095 -0)
(0.470058 -17.6444 -0)
(0.445072 -16.7308 -0)
(0.421514 -15.8656 -0)
(0.399288 -15.0461 -0)
(0.378308 -14.2697 -0)
(0.358492 -13.534 -0)
(0.33977 -12.8368 -0)
(0.322072 -12.176 -0)
(0.305337 -11.5495 -0)
(0.289507 -10.9555 -0)
(0.274528 -10.3923 -0)
(0.260351 -9.85819 -0)
(0.246931 -9.35165 -0)
(0.234223 -8.8712 -0)
(1091.45 -548.859 -0)
(637.927 -635.308 -0)
(359.048 -547.113 -0)
(213.68 -451.601 -0)
(137.004 -375.261 -0)
(94.0578 -317.175 -0)
(68.281 -272.745 -0)
(51.795 -238.09 -0)
(40.6695 -210.459 -0)
(32.8231 -187.966 -0)
(27.0863 -169.317 -0)
(22.7646 -153.604 -0)
(19.4265 -140.179 -0)
(16.7931 -128.57 -0)
(14.6771 -118.426 -0)
(12.9497 -109.479 -0)
(11.5197 -101.525 -0)
(10.3212 -94.4035 -0)
(9.30551 -87.9876 -0)
(8.43616 -82.1756 -0)
(7.68534 -76.8848 -0)
(7.03155 -72.0475 -0)
(6.45804 -67.6078 -0)
(5.95152 -63.5189 -0)
(5.50137 -59.7414 -0)
(5.09904 -56.2423 -0)
(4.73756 -52.9928 -0)
(4.41122 -49.9685 -0)
(4.11532 -47.1484 -0)
(3.84593 -44.5139 -0)
(3.59975 -42.0489 -0)
(3.37404 -39.7393 -0)
(3.16643 -37.5724 -0)
(2.97494 -35.5371 -0)
(2.79785 -33.6234 -0)
(2.6337 -31.8224 -0)
(2.48119 -30.1261 -0)
(2.33924 -28.5271 -0)
(2.20686 -27.0188 -0)
(2.0832 -25.5953 -0)
(1.96753 -24.251 -0)
(1.85918 -22.9808 -0)
(1.75755 -21.7803 -0)
(1.66214 -20.645 -0)
(1.57245 -19.5711 -0)
(1.48808 -18.5549 -0)
(1.40864 -17.593 -0)
(1.33379 -16.6823 -0)
(1.26321 -15.8199 -0)
(1.19662 -15.0029 -0)
(1.13376 -14.229 -0)
(1.07438 -13.4955 -0)
(1.01828 -12.8004 -0)
(0.965252 -12.1416 -0)
(0.915103 -11.517 -0)
(0.867666 -10.9247 -0)
(0.82278 -10.3632 -0)
(0.780296 -9.83064 -0)
(0.740078 -9.32557 -0)
(0.701996 -8.84649 -0)
(726.129 -199.565 -0)
(551.478 -356.429 -0)
(384.145 -379.78 -0)
(265.261 -354.683 -0)
(187.351 -317.593 -0)
(136.731 -281.277 -0)
(103.178 -249.314 -0)
(80.2581 -222.115 -0)
(64.092 -199.142 -0)
(52.3393 -179.683 -0)
(43.5597 -163.083 -0)
(36.8415 -148.798 -0)
(31.591 -136.397 -0)
(27.411 -125.539 -0)
(24.0285 -115.958 -0)
(21.2514 -107.442 -0)
(18.9417 -99.8222 -0)
(16.9984 -92.9644 -0)
(15.3463 -86.7589 -0)
(13.9283 -81.117 -0)
(12.7009 -75.9652 -0)
(11.6299 -71.2424 -0)
(10.6889 -66.8982 -0)
(9.85649 -62.8895 -0)
(9.11575 -59.1799 -0)
(8.45295 -55.7386 -0)
(7.85684 -52.5389 -0)
(7.31819 -49.5575 -0)
(6.82939 -46.7747 -0)
(6.38405 -44.1729 -0)
(5.97683 -41.7366 -0)
(5.60325 -39.4523 -0)
(5.25947 -37.308 -0)
(4.94222 -35.2927 -0)
(4.64872 -33.3971 -0)
(4.37654 -31.6124 -0)
(4.1236 -29.9307 -0)
(3.88808 -28.345 -0)
(3.66839 -26.8488 -0)
(3.46313 -25.4363 -0)
(3.27109 -24.1022 -0)
(3.09115 -22.8414 -0)
(2.92236 -21.6493 -0)
(2.76385 -20.522 -0)
(2.61485 -19.4554 -0)
(2.47465 -18.446 -0)
(2.34263 -17.4905 -0)
(2.21823 -16.5857 -0)
(2.10091 -15.7287 -0)
(1.99022 -14.9169 -0)
(1.88571 -14.1477 -0)
(1.787 -13.4187 -0)
(1.69373 -12.7279 -0)
(1.60555 -12.073 -0)
(1.52216 -11.452 -0)
(1.44327 -10.8633 -0)
(1.36863 -10.3051 -0)
(1.29798 -9.77563 -0)
(1.23109 -9.27348 -0)
(1.16775 -8.79716 -0)
(535.457 -92.5358 -0)
(457.712 -211.061 -0)
(360.793 -260.896 -0)
(275.867 -269.757 -0)
(210.409 -259.15 -0)
(162.336 -241.025 -0)
(127.443 -221.121 -0)
(101.967 -201.911 -0)
(83.1008 -184.312 -0)
(68.8826 -168.543 -0)
(57.9719 -154.533 -0)
(49.4507 -142.108 -0)
(42.685 -131.07 -0)
(37.2316 -121.232 -0)
(32.7746 -112.426 -0)
(29.0856 -104.508 -0)
(25.9973 -97.3579 -0)
(23.3845 -90.8727 -0)
(21.1528 -84.9668 -0)
(19.23 -79.5683 -0)
(17.5599 -74.6163 -0)
(16.0985 -70.059 -0)
(14.811 -65.8531 -0)
(13.6698 -61.9609 -0)
(12.6522 -58.3502 -0)
(11.7402 -54.9934 -0)
(10.9187 -51.8664 -0)
(10.1753 -48.948 -0)
(9.49999 -46.2201 -0)
(8.88406 -43.6663 -0)
(8.3203 -41.2722 -0)
(7.80268 -39.0254 -0)
(7.32598 -36.9144 -0)
(6.88576 -34.9289 -0)
(6.47825 -33.06 -0)
(6.10015 -31.2993 -0)
(5.74858 -29.6393 -0)
(5.42109 -28.0733 -0)
(5.1155 -26.5952 -0)
(4.82986 -25.1991 -0)
(4.56253 -23.88 -0)
(4.31199 -22.633 -0)
(4.07689 -21.4538 -0)
(3.85607 -20.3382 -0)
(3.64844 -19.2826 -0)
(3.45304 -18.2833 -0)
(3.26902 -17.3372 -0)
(3.09558 -16.4411 -0)
(2.93199 -15.5923 -0)
(2.77763 -14.7881 -0)
(2.63188 -14.0261 -0)
(2.49419 -13.3039 -0)
(2.36407 -12.6193 -0)
(2.24106 -11.9703 -0)
(2.12471 -11.355 -0)
(2.01465 -10.7715 -0)
(1.91049 -10.2181 -0)
(1.81189 -9.69332 -0)
(1.71855 -9.19555 -0)
(1.63016 -8.72336 -0)
(422.532 -52.0525 -0)
(383.118 -134.384 -0)
(325.449 -182.986 -0)
(267.006 -204.298 -0)
(216.082 -208.226 -0)
(174.76 -202.554 -0)
(142.292 -192.233 -0)
(117.067 -180.098 -0)
(97.4607 -167.653 -0)
(82.1187 -155.643 -0)
(69.9945 -144.398 -0)
(60.304 -134.031 -0)
(52.4669 -124.545 -0)
(46.0557 -115.893 -0)
(40.7524 -108.005 -0)
(36.3193 -100.807 -0)
(32.5772 -94.2283 -0)
(29.3895 -88.2017 -0)
(26.6506 -82.6674 -0)
(24.2789 -77.5731 -0)
(22.2101 -72.8724 -0)
(20.393 -68.5245 -0)
(18.7871 -64.4943 -0)
(17.3594 -60.7508 -0)
(16.0832 -57.2667 -0)
(14.9369 -54.0185 -0)
(13.9023 -50.9852 -0)
(12.9645 -48.1482 -0)
(12.1112 -45.4912 -0)
(11.3318 -42.9998 -0)
(10.6177 -40.6608 -0)
(9.96117 -38.4627 -0)
(9.35598 -36.3952 -0)
(8.79661 -34.4486 -0)
(8.27838 -32.6146 -0)
(7.7972 -30.8854 -0)
(7.3495 -29.2539 -0)
(6.93222 -27.7139 -0)
(6.54262 -26.2594 -0)
(6.1783 -24.885 -0)
(5.83718 -23.5857 -0)
(5.51736 -22.357 -0)
(5.21715 -21.1946 -0)
(4.93508 -20.0946 -0)
(4.66979 -19.0533 -0)
(4.42007 -18.0674 -0)
(4.18482 -17.1337 -0)
(3.96306 -16.2493 -0)
(3.75386 -15.4113 -0)
(3.55642 -14.6173 -0)
(3.36997 -13.8648 -0)
(3.19381 -13.1514 -0)
(3.02732 -12.4752 -0)
(2.86989 -11.834 -0)
(2.72099 -11.226 -0)
(2.58011 -10.6495 -0)
(2.44678 -10.1027 -0)
(2.32056 -9.584 -0)
(2.20106 -9.09202 -0)
(2.08789 -8.62532 -0)
(349.021 -33.3421 -0)
(326.778 -91.4377 -0)
(290.879 -132.365 -0)
(250.627 -156.224 -0)
(212.154 -166.904 -0)
(178.329 -168.729 -0)
(149.899 -165.161 -0)
(126.548 -158.594 -0)
(107.556 -150.558 -0)
(92.1373 -141.977 -0)
(79.5836 -133.385 -0)
(69.3034 -125.073 -0)
(60.8233 -117.186 -0)
(53.772 -109.789 -0)
(47.86 -102.893 -0)
(42.862 -96.4877 -0)
(38.6029 -90.5466 -0)
(34.9454 -85.038 -0)
(31.7813 -79.9282 -0)
(29.0251 -75.1845 -0)
(26.6085 -70.7755 -0)
(24.4765 -66.6723 -0)
(22.5848 -62.8489 -0)
(20.8974 -59.2811 -0)
(19.3844 -55.9474 -0)
(18.0218 -52.8287 -0)
(16.789 -49.9076 -0)
(15.6692 -47.1683 -0)
(14.6484 -44.5969 -0)
(13.7145 -42.1808 -0)
(12.8573 -39.9084 -0)
(12.0683 -37.7696 -0)
(11.3401 -35.7549 -0)
(10.6663 -33.8557 -0)
(10.0415 -32.0643 -0)
(9.46075 -30.3737 -0)
(8.92001 -28.7772 -0)
(8.41565 -27.269 -0)
(7.94445 -25.8435 -0)
(7.50356 -24.4957 -0)
(7.09053 -23.2208 -0)
(6.7031 -22.0146 -0)
(6.33928 -20.8729 -0)
(5.99731 -19.7921 -0)
(5.67557 -18.7687 -0)
(5.37262 -17.7994 -0)
(5.08715 -16.8811 -0)
(4.81797 -16.011 -0)
(4.56399 -15.1865 -0)
(4.32422 -14.405 -0)
(4.09777 -13.6642 -0)
(3.88377 -12.9618 -0)
(3.68149 -12.2959 -0)
(3.4902 -11.6645 -0)
(3.30924 -11.0657 -0)
(3.13802 -10.4977 -0)
(2.97595 -9.95901 -0)
(2.82252 -9.448 -0)
(2.67724 -8.96324 -0)
(2.53964 -8.50334 -0)
(297.752 -23.2198 -0)
(284.095 -65.66 -0)
(260.663 -98.8105 -0)
(232.467 -121.33 -0)
(203.577 -134.434 -0)
(176.503 -140.298 -0)
(152.428 -141.086 -0)
(131.67 -138.558 -0)
(114.077 -134.008 -0)
(99.2914 -128.324 -0)
(86.8993 -122.093 -0)
(76.5027 -115.688 -0)
(67.751 -109.339 -0)
(60.3491 -103.182 -0)
(54.0534 -97.2917 -0)
(48.6659 -91.704 -0)
(44.0271 -86.4324 -0)
(40.0079 -81.4754 -0)
(36.5042 -76.823 -0)
(33.4318 -72.461 -0)
(30.7222 -68.3727 -0)
(28.3196 -64.5406 -0)
(26.1784 -60.9477 -0)
(24.2608 -57.5771 -0)
(22.5355 -54.4132 -0)
(20.9768 -51.4414 -0)
(19.5627 -48.6481 -0)
(18.2752 -46.0205 -0)
(17.0987 -43.5474 -0)
(16.0203 -41.218 -0)
(15.0289 -39.0226 -0)
(14.1148 -36.9524 -0)
(13.2699 -34.999 -0)
(12.4872 -33.155 -0)
(11.7604 -31.4134 -0)
(11.0843 -29.7678 -0)
(10.4542 -28.2122 -0)
(9.86594 -26.7413 -0)
(9.31596 -25.35 -0)
(8.80101 -24.0334 -0)
(8.31829 -22.7873 -0)
(7.86524 -21.6076 -0)
(7.43959 -20.4905 -0)
(7.03932 -19.4324 -0)
(6.66258 -18.43 -0)
(6.3077 -17.4802 -0)
(5.9732 -16.5802 -0)
(5.65768 -15.7272 -0)
(5.3599 -14.9185 -0)
(5.07873 -14.152 -0)
(4.8131 -13.4251 -0)
(4.56204 -12.7359 -0)
(4.32468 -12.0823 -0)
(4.10018 -11.4624 -0)
(3.88778 -10.8744 -0)
(3.68677 -10.3167 -0)
(3.4965 -9.78767 -0)
(3.31634 -9.28576 -0)
(3.14573 -8.80959 -0)
(2.98414 -8.3578 -0)
(260.141 -17.097 -0)
(251.187 -49.1723 -0)
(235.209 -75.8879 -0)
(215.003 -95.8509 -0)
(193.185 -109.206 -0)
(171.678 -116.945 -0)
(151.639 -120.327 -0)
(133.626 -120.546 -0)
(117.79 -118.591 -0)
(104.052 -115.217 -0)
(92.2193 -110.974 -0)
(82.0567 -106.248 -0)
(73.329 -101.301 -0)
(65.8198 -96.3097 -0)
(59.3383 -91.3871 -0)
(53.7212 -86.6043 -0)
(48.8316 -82.0037 -0)
(44.5548 -77.6081 -0)
(40.7956 -73.4275 -0)
(37.4754 -69.4639 -0)
(34.5288 -65.7137 -0)
(31.9015 -62.1699 -0)
(29.5484 -58.8241 -0)
(27.4318 -55.6665 -0)
(25.5201 -52.687 -0)
(23.787 -49.8757 -0)
(22.2099 -47.2227 -0)
(20.7699 -44.7184 -0)
(19.4509 -42.3541 -0)
(18.2392 -40.1212 -0)
(17.1229 -38.0117 -0)
(16.092 -36.0183 -0)
(15.1375 -34.1338 -0)
(14.252 -32.3519 -0)
(13.4287 -30.6665 -0)
(12.6619 -29.0718 -0)
(11.9465 -27.5627 -0)
(11.2779 -26.1341 -0)
(10.6524 -24.7816 -0)
(10.0662 -23.5007 -0)
(9.51634 -22.2874 -0)
(8.99995 -21.138 -0)
(8.5145 -20.0489 -0)
(8.05777 -19.0169 -0)
(7.62769 -18.0387 -0)
(7.2224 -17.1114 -0)
(6.84023 -16.2324 -0)
(6.47964 -15.3989 -0)
(6.13921 -14.6086 -0)
(5.81767 -13.8592 -0)
(5.51384 -13.1484 -0)
(5.22661 -12.4743 -0)
(4.95499 -11.8349 -0)
(4.69805 -11.2283 -0)
(4.45491 -10.6529 -0)
(4.22478 -10.1071 -0)
(4.00691 -9.58918 -0)
(3.8006 -9.09779 -0)
(3.60521 -8.63156 -0)
(3.42012 -8.18915 -0)
(231.483 -13.0926 -0)
(225.304 -38.0445 -0)
(213.984 -59.7181 -0)
(199.149 -76.9797 -0)
(182.484 -89.5947 -0)
(165.382 -97.9479 -0)
(148.826 -102.73 -0)
(133.405 -104.709 -0)
(119.406 -104.594 -0)
(106.908 -102.98 -0)
(95.8688 -100.339 -0)
(86.1757 -97.0272 -0)
(77.6888 -93.3074 -0)
(70.263 -89.3682 -0)
(63.7587 -85.3427 -0)
(58.0492 -81.3225 -0)
(53.0233 -77.37 -0)
(48.584 -73.5257 -0)
(44.6482 -69.8151 -0)
(41.1456 -66.2534 -0)
(38.0161 -62.848 -0)
(35.2091 -59.6013 -0)
(32.6818 -56.5123 -0)
(30.3978 -53.5777 -0)
(28.3263 -50.7927 -0)
(26.4411 -48.1517 -0)
(24.7199 -45.6484 -0)
(23.1436 -43.2764 -0)
(21.6959 -41.0294 -0)
(20.3627 -38.901 -0)
(19.1318 -36.8848 -0)
(17.9927 -34.9751 -0)
(16.9362 -33.1661 -0)
(15.9545 -31.4523 -0)
(15.0405 -29.8287 -0)
(14.1881 -28.2903 -0)
(13.3918 -26.8325 -0)
(12.647 -25.451 -0)
(11.9494 -24.1416 -0)
(11.2951 -22.9003 -0)
(10.6809 -21.7237 -0)
(10.1037 -20.6082 -0)
(9.56072 -19.5504 -0)
(9.04958 -18.5475 -0)
(8.56801 -17.5964 -0)
(8.11399 -16.6944 -0)
(7.68569 -15.8389 -0)
(7.28142 -15.0275 -0)
(6.89963 -14.2578 -0)
(6.53892 -13.5277 -0)
(6.19797 -12.8351 -0)
(5.87557 -12.178 -0)
(5.57063 -11.5546 -0)
(5.28211 -10.9631 -0)
(5.00903 -10.4019 -0)
(4.75053 -9.86944 -0)
(4.50576 -9.36417 -0)
(4.27394 -8.88469 -0)
(4.05437 -8.42969 -0)
(3.84636 -7.99791 -0)
(209.004 -10.3214 -0)
(204.562 -30.1946 -0)
(196.274 -47.9598 -0)
(185.126 -62.7543 -0)
(172.217 -74.2446 -0)
(158.542 -82.5211 -0)
(144.878 -87.9373 -0)
(131.763 -90.9652 -0)
(119.52 -92.0935 -0)
(108.307 -91.7696 -0)
(98.172 -90.3739 -0)
(89.0882 -88.2146 -0)
(80.988 -85.5329 -0)
(73.7846 -82.513 -0)
(67.384 -79.2926 -0)
(61.6939 -75.973 -0)
(56.6285 -72.6279 -0)
(52.1097 -69.3094 -0)
(48.0679 -66.0539 -0)
(44.4426 -62.8866 -0)
(41.181 -59.8236 -0)
(38.2372 -56.8749 -0)
(35.572 -54.046 -0)
(33.1514 -51.3393 -0)
(30.9462 -48.7544 -0)
(28.9313 -46.2899 -0)
(27.0851 -43.9428 -0)
(25.3889 -41.7095 -0)
(23.8265 -39.5862 -0)
(22.3839 -37.5683 -0)
(21.0488 -35.6514 -0)
(19.8107 -33.8312 -0)
(18.6603 -32.1031 -0)
(17.5893 -30.4626 -0)
(16.5907 -28.9057 -0)
(15.6581 -27.4282 -0)
(14.7858 -26.0261 -0)
(13.969 -24.6957 -0)
(13.203 -23.4333 -0)
(12.4841 -22.2354 -0)
(11.8085 -21.0988 -0)
(11.1732 -20.0204 -0)
(10.5752 -18.9972 -0)
(10.0118 -18.0263 -0)
(9.4808 -17.105 -0)
(8.97989 -16.2309 -0)
(8.50714 -15.4014 -0)
(8.06074 -14.6143 -0)
(7.639 -13.8675 -0)
(7.24041 -13.1588 -0)
(6.86356 -12.4862 -0)
(6.5071 -11.848 -0)
(6.16987 -11.2424 -0)
(5.85072 -10.6677 -0)
(5.5486 -10.1222 -0)
(5.26255 -9.60459 -0)
(4.99166 -9.11334 -0)
(4.73507 -8.6471 -0)
(4.49199 -8.20462 -0)
(4.26169 -7.78465 -0)
(190.967 -8.31963 -0)
(187.666 -24.4529 -0)
(181.424 -39.1726 -0)
(172.864 -51.8336 -0)
(162.717 -62.1087 -0)
(151.69 -69.9549 -0)
(140.382 -75.533 -0)
(129.249 -79.1214 -0)
(118.602 -81.0461 -0)
(108.628 -81.6314 -0)
(99.4239 -81.1729 -0)
(91.0167 -79.9247 -0)
(83.3905 -78.0969 -0)
(76.5034 -75.8585 -0)
(70.2986 -73.3418 -0)
(64.714 -70.6494 -0)
(59.6871 -67.8593 -0)
(55.158 -65.03 -0)
(51.071 -62.2048 -0)
(47.376 -59.4155 -0)
(44.0279 -56.6849 -0)
(40.9867 -54.0287 -0)
(38.2175 -51.4578 -0)
(35.6894 -48.9789 -0)
(33.3757 -46.5959 -0)
(31.2528 -44.3107 -0)
(29.3003 -42.1233 -0)
(27.5003 -40.0328 -0)
(25.8372 -38.0374 -0)
(24.2974 -36.1346 -0)
(22.8688 -34.3216 -0)
(21.5411 -32.5952 -0)
(20.3048 -30.9523 -0)
(19.1518 -29.3895 -0)
(18.0749 -27.9034 -0)
(17.0677 -26.4907 -0)
(16.1244 -25.1481 -0)
(15.2399 -23.8724 -0)
(14.4097 -22.6604 -0)
(13.6296 -21.5092 -0)
(12.8959 -20.4159 -0)
(12.2054 -19.3775 -0)
(11.5549 -18.3916 -0)
(10.9417 -17.4554 -0)
(10.3634 -16.5665 -0)
(9.8176 -15.7226 -0)
(9.30223 -14.9215 -0)
(8.81536 -14.161 -0)
(8.35521 -13.439 -0)
(7.92017 -12.7536 -0)
(7.5087 -12.103 -0)
(7.11941 -11.4855 -0)
(6.75101 -10.8993 -0)
(6.40229 -10.3429 -0)
(6.0721 -9.8147 -0)
(5.75941 -9.31337 -0)
(5.46325 -8.8375 -0)
(5.18267 -8.38579 -0)
(4.91683 -7.95703 -0)
(4.66493 -7.55004 -0)
(176.232 -6.82384 -0)
(173.709 -20.1248 -0)
(168.894 -32.4441 -0)
(162.19 -43.2987 -0)
(154.096 -52.4019 -0)
(145.118 -59.6568 -0)
(135.712 -65.1181 -0)
(126.25 -68.9415 -0)
(117.01 -71.3382 -0)
(108.18 -72.5371 -0)
(99.8787 -72.7615 -0)
(92.1641 -72.2143 -0)
(85.0542 -71.0717 -0)
(78.5397 -69.4821 -0)
(72.593 -67.5668 -0)
(67.1764 -65.4235 -0)
(62.248 -63.1299 -0)
(57.7641 -60.7464 -0)
(53.6822 -58.3197 -0)
(49.9625 -55.8859 -0)
(46.5678 -53.4717 -0)
(43.4643 -51.0973 -0)
(40.6218 -48.7775 -0)
(38.0132 -46.5225 -0)
(35.6143 -44.3396 -0)
(33.4039 -42.2336 -0)
(31.3629 -40.207 -0)
(29.4747 -38.2611 -0)
(27.7247 -36.3961 -0)
(26.0997 -34.6112 -0)
(24.5881 -32.905 -0)
(23.1799 -31.2759 -0)
(21.866 -29.7215 -0)
(20.6382 -28.2396 -0)
(19.4895 -26.8277 -0)
(18.4134 -25.4831 -0)
(17.4041 -24.2031 -0)
(16.4566 -22.9853 -0)
(15.5662 -21.8268 -0)
(14.7286 -20.7252 -0)
(13.9402 -19.6778 -0)
(13.1975 -18.6823 -0)
(12.4973 -17.7362 -0)
(11.8368 -16.8372 -0)
(11.2135 -15.9831 -0)
(10.6249 -15.1717 -0)
(10.0688 -14.401 -0)
(9.54326 -13.669 -0)
(9.04633 -12.9738 -0)
(8.57633 -12.3137 -0)
(8.13167 -11.6868 -0)
(7.71084 -11.0916 -0)
(7.31248 -10.5264 -0)
(6.9353 -9.98984 -0)
(6.57809 -9.48036 -0)
(6.23976 -8.99669 -0)
(5.91923 -8.53749 -0)
(5.61553 -8.10153 -0)
(5.32774 -7.68767 -0)
(5.05501 -7.29476 -0)
(164.018 -5.67465 -0)
(162.045 -16.7784 -0)
(158.251 -27.18 -0)
(152.906 -36.515 -0)
(146.359 -44.5431 -0)
(138.973 -51.1522 -0)
(131.097 -56.3405 -0)
(123.029 -60.1882 -0)
(115.006 -62.8276 -0)
(107.205 -64.4171 -0)
(99.7467 -65.1215 -0)
(92.7064 -65.099 -0)
(86.1227 -64.4935 -0)
(80.0083 -63.4311 -0)
(74.3572 -62.0195 -0)
(69.1509 -60.3479 -0)
(64.3643 -58.4902 -0)
(59.9681 -56.5057 -0)
(55.9315 -54.4418 -0)
(52.224 -52.3364 -0)
(48.8164 -50.2187 -0)
(45.6809 -48.1114 -0)
(42.7923 -46.0322 -0)
(40.1273 -43.994 -0)
(37.6646 -42.0066 -0)
(35.3855 -40.0769 -0)
(33.2728 -38.2099 -0)
(31.3112 -36.4084 -0)
(29.4872 -34.6745 -0)
(27.7885 -33.0089 -0)
(26.2042 -31.4114 -0)
(24.7246 -29.8816 -0)
(23.3411 -28.4182 -0)
(22.0457 -27.0197 -0)
(20.8315 -25.6846 -0)
(19.6922 -24.4107 -0)
(18.6222 -23.1962 -0)
(17.6162 -22.0388 -0)
(16.6698 -20.9364 -0)
(15.7786 -19.8868 -0)
(14.9388 -18.888 -0)
(14.147 -17.9376 -0)
(13.4 -17.0337 -0)
(12.6949 -16.1741 -0)
(12.0289 -15.3569 -0)
(11.3997 -14.58 -0)
(10.8049 -13.8418 -0)
(10.2425 -13.1403 -0)
(9.71054 -12.4737 -0)
(9.2072 -11.8405 -0)
(8.73081 -11.239 -0)
(8.27982 -10.6676 -0)
(7.85278 -10.125 -0)
(7.44835 -9.60965 -0)
(7.06525 -9.12024 -0)
(6.7023 -8.65551 -0)
(6.3584 -8.21422 -0)
(6.03249 -7.79519 -0)
(5.72362 -7.39733 -0)
(5.43085 -7.01957 -0)
(153.778 -4.77098 -0)
(152.204 -14.1343 -0)
(149.157 -22.9827 -0)
(144.827 -31.0382 -0)
(139.459 -38.1035 -0)
(133.32 -44.0686 -0)
(126.676 -48.9039 -0)
(119.763 -52.6434 -0)
(112.781 -55.3672 -0)
(105.886 -57.1824 -0)
(99.1969 -58.2085 -0)
(92.7921 -58.5668 -0)
(86.722 -58.3722 -0)
(81.0138 -57.7298 -0)
(75.6762 -56.7321 -0)
(70.7056 -55.4588 -0)
(66.0903 -53.9775 -0)
(61.8125 -52.3444 -0)
(57.8515 -50.6058 -0)
(54.1857 -48.7992 -0)
(50.7927 -46.9552 -0)
(47.6507 -45.0976 -0)
(44.7393 -43.2459 -0)
(42.0388 -41.4148 -0)
(39.5314 -39.6158 -0)
(37.2006 -37.8578 -0)
(35.0314 -36.1471 -0)
(33.0101 -34.4883 -0)
(31.1243 -32.8848 -0)
(29.3628 -31.3384 -0)
(27.7154 -29.8503 -0)
(26.1732 -28.4209 -0)
(24.7279 -27.05 -0)
(23.3719 -25.7367 -0)
(22.0986 -24.4802 -0)
(20.9018 -23.2791 -0)
(19.7761 -22.132 -0)
(18.7164 -21.0373 -0)
(17.7181 -19.9932 -0)
(16.777 -18.9979 -0)
(15.8894 -18.0496 -0)
(15.0518 -17.1465 -0)
(14.2608 -16.2868 -0)
(13.5137 -15.4686 -0)
(12.8076 -14.6903 -0)
(12.14 -13.9499 -0)
(11.5086 -13.2459 -0)
(10.9113 -12.5765 -0)
(10.3461 -11.9403 -0)
(9.81108 -11.3356 -0)
(9.30453 -10.761 -0)
(8.82482 -10.215 -0)
(8.37047 -9.69627 -0)
(7.94005 -9.20352 -0)
(7.53223 -8.73546 -0)
(7.14579 -8.2909 -0)
(6.77955 -7.86869 -0)
(6.43241 -7.4677 -0)
(6.10337 -7.08691 -0)
(5.79145 -6.72531 -0)
(145.113 -4.04599 -0)
(143.834 -12.0049 -0)
(141.347 -19.5784 -0)
(137.786 -26.5517 -0)
(133.328 -32.764 -0)
(128.173 -38.115 -0)
(122.523 -42.5627 -0)
(116.566 -46.1144 -0)
(110.467 -48.8155 -0)
(104.363 -50.7367 -0)
(98.3623 -51.9636 -0)
(92.5427 -52.5874 -0)
(86.9597 -52.6989 -0)
(81.6485 -52.3837 -0)
(76.6281 -51.7202 -0)
(71.9054 -50.7776 -0)
(67.4787 -49.6166 -0)
(63.3398 -48.2887 -0)
(59.4766 -46.8376 -0)
(55.8746 -45.2997 -0)
(52.518 -43.705 -0)
(49.3901 -42.0781 -0)
(46.4751 -40.439 -0)
(43.7573 -38.8035 -0)
(41.2216 -37.1842 -0)
(38.8542 -35.5913 -0)
(36.6422 -34.0323 -0)
(34.5734 -32.5131 -0)
(32.637 -31.0378 -0)
(30.8229 -29.6097 -0)
(29.1216 -28.2306 -0)
(27.525 -26.9018 -0)
(26.0253 -25.6239 -0)
(24.6154 -24.3969 -0)
(23.289 -23.2203 -0)
(22.0404 -22.0936 -0)
(20.864 -21.0155 -0)
(19.7551 -19.9852 -0)
(18.7092 -19.0011 -0)
(17.7221 -18.0619 -0)
(16.7901 -17.1661 -0)
(15.9098 -16.3121 -0)
(15.0779 -15.4984 -0)
(14.2914 -14.7234 -0)
(13.5477 -13.9856 -0)
(12.8441 -13.2834 -0)
(12.1783 -12.6152 -0)
(11.5481 -11.9797 -0)
(10.9515 -11.3753 -0)
(10.3865 -10.8006 -0)
(9.8514 -10.2543 -0)
(9.34449 -9.73504 -0)
(8.86423 -9.24158 -0)
(8.40915 -8.7727 -0)
(7.97785 -8.32719 -0)
(7.56907 -7.90396 -0)
(7.18159 -7.50192 -0)
(6.81426 -7.12002 -0)
(6.46601 -6.7573 -0)
(6.13583 -6.41281 -0)
(137.727 -3.45398 -0)
(136.671 -10.261 -0)
(134.61 -16.7742 -0)
(131.641 -22.8261 -0)
(127.895 -28.2856 -0)
(123.522 -33.0646 -0)
(118.676 -37.1174 -0)
(113.51 -40.436 -0)
(108.158 -43.0434 -0)
(102.738 -44.9852 -0)
(97.3462 -46.3214 -0)
(92.0567 -47.1202 -0)
(86.9257 -47.452 -0)
(81.9925 -47.386 -0)
(77.2823 -46.9871 -0)
(72.8093 -46.3149 -0)
(68.5792 -45.4223 -0)
(64.5915 -44.356 -0)
(60.8405 -43.1561 -0)
(57.3183 -41.8568 -0)
(54.0143 -40.487 -0)
(50.9168 -39.0708 -0)
(48.014 -37.6283 -0)
(45.2935 -36.1757 -0)
(42.7435 -34.7263 -0)
(40.3526 -33.2908 -0)
(38.1097 -31.8778 -0)
(36.0046 -30.4937 -0)
(34.0277 -29.1438 -0)
(32.17 -27.8318 -0)
(30.4233 -26.5605 -0)
(28.7799 -25.3319 -0)
(27.2328 -24.147 -0)
(25.7755 -23.0066 -0)
(24.4019 -21.9107 -0)
(23.1066 -20.8592 -0)
(21.8845 -19.8514 -0)
(20.7309 -18.8867 -0)
(19.6414 -17.9641 -0)
(18.6121 -17.0824 -0)
(17.6392 -16.2406 -0)
(16.7194 -15.4373 -0)
(15.8495 -14.6712 -0)
(15.0265 -13.941 -0)
(14.2476 -13.2453 -0)
(13.5104 -12.5828 -0)
(12.8123 -11.952 -0)
(12.1513 -11.3517 -0)
(11.5252 -10.7805 -0)
(10.9321 -10.2372 -0)
(10.3701 -9.72056 -0)
(9.83753 -9.22931 -0)
(9.33283 -8.76232 -0)
(8.85445 -8.31847 -0)
(8.40097 -7.89664 -0)
(7.97107 -7.49581 -0)
(7.56349 -7.11498 -0)
(7.17703 -6.75316 -0)
(6.81059 -6.40946 -0)
(6.46312 -6.08298 -0)
(131.398 -2.96291 -0)
(130.513 -8.8109 -0)
(128.782 -14.4316 -0)
(126.274 -19.6928 -0)
(123.09 -24.4878 -0)
(119.341 -28.7406 -0)
(115.151 -32.4063 -0)
(110.64 -35.4688 -0)
(105.918 -37.9372 -0)
(101.085 -39.8394 -0)
(96.2273 -41.2169 -0)
(91.4122 -42.1201 -0)
(86.6939 -42.6031 -0)
(82.1134 -42.7211 -0)
(77.6992 -42.5276 -0)
(73.4702 -42.0726 -0)
(69.4375 -41.402 -0)
(65.6061 -40.5571 -0)
(61.9759 -39.5741 -0)
(58.5438 -38.4845 -0)
(55.3039 -37.3154 -0)
(52.2489 -36.09 -0)
(49.3703 -34.8277 -0)
(46.6593 -33.5448 -0)
(44.1064 -32.2545 -0)
(41.7028 -30.968 -0)
(39.4394 -29.6943 -0)
(37.3074 -28.4403 -0)
(35.299 -27.2118 -0)
(33.4061 -26.0133 -0)
(31.6216 -24.8479 -0)
(29.9385 -23.7181 -0)
(28.3506 -22.6257 -0)
(26.8517 -21.5717 -0)
(25.4365 -20.5568 -0)
(24.0997 -19.581 -0)
(22.8364 -18.6443 -0)
(21.6424 -17.7462 -0)
(20.5134 -16.8861 -0)
(19.4456 -16.0633 -0)
(18.4353 -15.2767 -0)
(17.4792 -14.5254 -0)
(16.5742 -13.8083 -0)
(15.7173 -13.1242 -0)
(14.9059 -12.4719 -0)
(14.1374 -11.8504 -0)
(13.4094 -11.2583 -0)
(12.7196 -10.6945 -0)
(12.0659 -10.1579 -0)
(11.4465 -9.64723 -0)
(10.8593 -9.16142 -0)
(10.3027 -8.69934 -0)
(9.77508 -8.25995 -0)
(9.27483 -7.84221 -0)
(8.8005 -7.4451 -0)
(8.35074 -7.06769 -0)
(7.92424 -6.70902 -0)
(7.51977 -6.36821 -0)
(7.1362 -6.04441 -0)
(6.77243 -5.73678 -0)
(125.954 -2.54963 -0)
(125.203 -7.58811 -0)
(123.728 -12.4485 -0)
(121.585 -17.0256 -0)
(118.847 -21.2324 -0)
(115.603 -25.0038 -0)
(111.948 -28.2982 -0)
(107.979 -31.0959 -0)
(103.788 -33.3972 -0)
(99.4586 -35.2181 -0)
(95.0654 -36.5869 -0)
(90.6705 -37.5401 -0)
(86.3247 -38.1193 -0)
(82.0681 -38.3679 -0)
(77.9309 -38.3294 -0)
(73.9348 -38.0458 -0)
(70.0947 -37.5561 -0)
(66.4194 -36.8963 -0)
(62.9132 -36.0986 -0)
(59.5769 -35.1916 -0)
(56.4087 -34.2002 -0)
(53.4045 -33.1461 -0)
(50.5592 -32.0479 -0)
(47.8667 -30.9211 -0)
(45.3202 -29.779 -0)
(42.9128 -28.6326 -0)
(40.6374 -27.4909 -0)
(38.4869 -26.3614 -0)
(36.4547 -25.25 -0)
(34.534 -24.1615 -0)
(32.7184 -23.0996 -0)
(31.0021 -22.067 -0)
(29.3792 -21.066 -0)
(27.8444 -20.0978 -0)
(26.3926 -19.1636 -0)
(25.0191 -18.2638 -0)
(23.7192 -17.3985 -0)
(22.489 -16.5677 -0)
(21.3243 -15.771 -0)
(20.2215 -15.0078 -0)
(19.1771 -14.2775 -0)
(18.1879 -13.5793 -0)
(17.2507 -12.9122 -0)
(16.3628 -12.2754 -0)
(15.5214 -11.6679 -0)
(14.724 -11.0885 -0)
(13.9682 -10.5363 -0)
(13.2517 -10.0103 -0)
(12.5725 -9.50931 -0)
(11.9285 -9.0324 -0)
(11.318 -8.57853 -0)
(10.739 -8.14669 -0)
(10.19 -7.73593 -0)
(9.66929 -7.34531 -0)
(9.17548 -6.97389 -0)
(8.70715 -6.62081 -0)
(8.26296 -6.28521 -0)
(7.84164 -5.96625 -0)
(7.44202 -5.66317 -0)
(7.06297 -5.37519 -0)
(121.26 -2.19712 -0)
(120.615 -6.54336 -0)
(119.344 -10.7486 -0)
(117.491 -14.7286 -0)
(115.111 -18.4121 -0)
(112.276 -21.744 -0)
(109.059 -24.6867 -0)
(105.541 -27.2194 -0)
(101.796 -29.3374 -0)
(97.8958 -31.0488 -0)
(93.9053 -32.3722 -0)
(89.8798 -33.3341 -0)
(85.8662 -33.9658 -0)
(81.9033 -34.3015 -0)
(78.0213 -34.3764 -0)
(74.2435 -34.2249 -0)
(70.587 -33.8802 -0)
(67.0636 -33.3733 -0)
(63.6806 -32.7324 -0)
(60.4422 -31.9829 -0)
(57.3494 -31.1477 -0)
(54.4012 -30.2464 -0)
(51.5954 -29.2964 -0)
(48.9282 -28.3126 -0)
(46.395 -27.3077 -0)
(43.9909 -26.2923 -0)
(41.7105 -25.2753 -0)
(39.5483 -24.2643 -0)
(37.4989 -23.2653 -0)
(35.5566 -22.2832 -0)
(33.7161 -21.3218 -0)
(31.9721 -20.3844 -0)
(30.3198 -19.4733 -0)
(28.7541 -18.5901 -0)
(27.2706 -17.736 -0)
(25.8648 -16.912 -0)
(24.5325 -16.1182 -0)
(23.27 -15.355 -0)
(22.0733 -14.6222 -0)
(20.939 -13.9194 -0)
(19.8638 -13.2462 -0)
(18.8445 -12.602 -0)
(17.878 -11.986 -0)
(16.9617 -11.3975 -0)
(16.0929 -10.8356 -0)
(15.2689 -10.2995 -0)
(14.4876 -9.78822 -0)
(13.7466 -9.30093 -0)
(13.0438 -8.83665 -0)
(12.3773 -8.39451 -0)
(11.745 -7.97358 -0)
(11.1453 -7.57295 -0)
(10.5765 -7.19177 -0)
(10.0369 -6.82918 -0)
(9.525 -6.48433 -0)
(9.03943 -6.15645 -0)
(8.5788 -5.84473 -0)
(8.14181 -5.54843 -0)
(7.72727 -5.26682 -0)
(7.33402 -4.99921 -0)
(117.213 -1.89261 -0)
(116.651 -5.6396 -0)
(115.543 -9.27415 -0)
(113.922 -12.7282 -0)
(111.832 -15.9435 -0)
(109.329 -18.8735 -0)
(106.473 -21.485 -0)
(103.328 -23.7579 -0)
(99.9585 -25.6843 -0)
(96.4238 -27.2675 -0)
(92.7801 -28.5193 -0)
(89.0769 -29.4584 -0)
(85.3572 -30.1085 -0)
(81.6575 -30.4962 -0)
(78.0075 -30.6497 -0)
(74.4309 -30.5973 -0)
(70.9463 -30.3668 -0)
(67.5673 -29.9844 -0)
(64.3036 -29.4747 -0)
(61.1617 -28.8602 -0)
(58.1453 -28.1611 -0)
(55.2557 -27.3954 -0)
(52.493 -26.5789 -0)
(49.8555 -25.7254 -0)
(47.3406 -24.8469 -0)
(44.9452 -23.9535 -0)
(42.6654 -23.0539 -0)
(40.497 -22.1553 -0)
(38.4359 -21.2637 -0)
(36.4774 -20.384 -0)
(34.6171 -19.5203 -0)
(32.8507 -18.6756 -0)
(31.1736 -17.8526 -0)
(29.5816 -17.0531 -0)
(28.0707 -16.2785 -0)
(26.6369 -15.5298 -0)
(25.2762 -14.8075 -0)
(23.985 -14.1121 -0)
(22.7599 -13.4435 -0)
(21.5975 -12.8015 -0)
(20.4946 -12.186 -0)
(19.4481 -11.5964 -0)
(18.4552 -11.0322 -0)
(17.5132 -10.4928 -0)
(16.6194 -9.97753 -0)
(15.7713 -9.48556 -0)
(14.9667 -9.01616 -0)
(14.2033 -8.56855 -0)
(13.4789 -8.1419 -0)
(12.7916 -7.73543 -0)
(12.1395 -7.34833 -0)
(11.5208 -6.97978 -0)
(10.9337 -6.62903 -0)
(10.3767 -6.29531 -0)
(9.84821 -5.97784 -0)
(9.34676 -5.67592 -0)
(8.87098 -5.38885 -0)
(8.41954 -5.11591 -0)
(7.99124 -4.85649 -0)
(7.58487 -4.60992 -0)
(113.728 -1.6263 -0)
(113.233 -4.84831 -0)
(112.256 -7.9801 -0)
(110.821 -10.9667 -0)
(108.966 -13.7602 -0)
(106.734 -16.3216 -0)
(104.175 -18.622 -0)
(101.341 -20.6427 -0)
(98.286 -22.3746 -0)
(95.0609 -23.8176 -0)
(91.7144 -24.9789 -0)
(88.2905 -25.8717 -0)
(84.8284 -26.5136 -0)
(81.3621 -26.9252 -0)
(77.9202 -27.1289 -0)
(74.5264 -27.1479 -0)
(71.1999 -27.0051 -0)
(67.9556 -26.7228 -0)
(64.8047 -26.322 -0)
(61.7558 -25.8222 -0)
(58.8142 -25.2412 -0)
(55.9835 -24.5952 -0)
(53.2654 -23.8983 -0)
(50.6601 -23.1633 -0)
(48.1668 -22.401 -0)
(45.7838 -21.621 -0)
(43.5087 -20.8315 -0)
(41.3385 -20.0393 -0)
(39.2701 -19.2501 -0)
(37.3 -18.4689 -0)
(35.4244 -17.6996 -0)
(33.6398 -16.9452 -0)
(31.9423 -16.2085 -0)
(30.3282 -15.4913 -0)
(28.7939 -14.7952 -0)
(27.3358 -14.1212 -0)
(25.9503 -13.47 -0)
(24.6341 -12.8423 -0)
(23.3839 -12.238 -0)
(22.1965 -11.6572 -0)
(21.0689 -11.0998 -0)
(19.9982 -10.5655 -0)
(18.9816 -10.0537 -0)
(18.0164 -9.56415 -0)
(17.1001 -9.09615 -0)
(16.2303 -8.64908 -0)
(15.4046 -8.22233 -0)
(14.6209 -7.8152 -0)
(13.8769 -7.42698 -0)
(13.1708 -7.05699 -0)
(12.5007 -6.70451 -0)
(11.8646 -6.36883 -0)
(11.261 -6.04928 -0)
(10.6881 -5.74516 -0)
(10.1444 -5.4558 -0)
(9.62842 -5.18056 -0)
(9.1388 -4.91881 -0)
(8.67416 -4.66991 -0)
(8.23327 -4.43329 -0)
(7.8149 -4.20838 -0)
(110.739 -1.39059 -0)
(110.297 -4.14719 -0)
(109.425 -6.83124 -0)
(108.142 -9.39819 -0)
(106.477 -11.8088 -0)
(104.467 -14.0306 -0)
(102.152 -16.0387 -0)
(99.5756 -17.8161 -0)
(96.7835 -19.3537 -0)
(93.8195 -20.6494 -0)
(90.726 -21.707 -0)
(87.5423 -22.5358 -0)
(84.3038 -23.1488 -0)
(81.0422 -23.5619 -0)
(77.7848 -23.7927 -0)
(74.5547 -23.8601 -0)
(71.3714 -23.7828 -0)
(68.2504 -23.5796 -0)
(65.2042 -23.2681 -0)
(62.2424 -22.8652 -0)
(59.3723 -22.3863 -0)
(56.5986 -21.8456 -0)
(53.9249 -21.2558 -0)
(51.3528 -20.6282 -0)
(48.8828 -19.9727 -0)
(46.5147 -19.2981 -0)
(44.2471 -18.6117 -0)
(42.0784 -17.9201 -0)
(40.0062 -17.2287 -0)
(38.028 -16.542 -0)
(36.1408 -15.8638 -0)
(34.3417 -15.1972 -0)
(32.6275 -14.5448 -0)
(30.995 -13.9084 -0)
(29.4409 -13.2896 -0)
(27.962 -12.6896 -0)
(26.5551 -12.1092 -0)
(25.2171 -11.5489 -0)
(23.945 -11.0089 -0)
(22.7357 -10.4895 -0)
(21.5863 -9.99055 -0)
(20.4942 -9.51183 -0)
(19.4565 -9.05306 -0)
(18.4708 -8.61386 -0)
(17.5345 -8.19378 -0)
(16.6451 -7.79228 -0)
(15.8006 -7.40886 -0)
(14.9986 -7.0429 -0)
(14.2371 -6.69382 -0)
(13.5141 -6.36101 -0)
(12.8277 -6.04386 -0)
(12.176 -5.74175 -0)
(11.5574 -5.45408 -0)
(10.9702 -5.18024 -0)
(10.4128 -4.91963 -0)
(9.88376 -4.67171 -0)
(9.38163 -4.43588 -0)
(8.90506 -4.21161 -0)
(8.45277 -3.99838 -0)
(8.02355 -3.79567 -0)
(108.191 -1.17946 -0)
(107.792 -3.51864 -0)
(107.005 -5.79952 -0)
(105.844 -7.98609 -0)
(104.334 -10.0463 -0)
(102.504 -11.9533 -0)
(100.389 -13.686 -0)
(98.0261 -15.2295 -0)
(95.4528 -16.5749 -0)
(92.7076 -17.7191 -0)
(89.8279 -18.6641 -0)
(86.8487 -19.4158 -0)
(83.8023 -19.9841 -0)
(80.7182 -20.3809 -0)
(77.622 -20.6202 -0)
(74.5363 -20.717 -0)
(71.4804 -20.6867 -0)
(68.4703 -20.5446 -0)
(65.5191 -20.3057 -0)
(62.6375 -19.9842 -0)
(59.8338 -19.5934 -0)
(57.114 -19.1453 -0)
(54.4828 -18.6513 -0)
(51.9433 -18.1211 -0)
(49.497 -17.5637 -0)
(47.1449 -16.9868 -0)
(44.8867 -16.3972 -0)
(42.7216 -15.8008 -0)
(40.6483 -15.2025 -0)
(38.6649 -14.6065 -0)
(36.7692 -14.0164 -0)
(34.9588 -13.4351 -0)
(33.2311 -12.865 -0)
(31.5833 -12.3079 -0)
(30.0126 -11.7654 -0)
(28.5162 -11.2386 -0)
(27.091 -10.7283 -0)
(25.7343 -10.2351 -0)
(24.4432 -9.75945 -0)
(23.2149 -9.30141 -0)
(22.0466 -8.86106 -0)
(20.9357 -8.43828 -0)
(19.8796 -8.03285 -0)
(18.8757 -7.64449 -0)
(17.9217 -7.27284 -0)
(17.0152 -6.91746 -0)
(16.154 -6.57793 -0)
(15.3359 -6.25375 -0)
(14.5588 -5.94441 -0)
(13.8208 -5.6494 -0)
(13.1199 -5.36819 -0)
(12.4544 -5.10025 -0)
(11.8225 -4.84505 -0)
(11.2225 -4.60208 -0)
(10.6529 -4.37081 -0)
(10.1122 -4.15076 -0)
(9.59889 -3.94141 -0)
(9.11166 -3.7423 -0)
(8.64921 -3.55297 -0)
(8.2103 -3.37295 -0)
(106.041 -0.988048 -0)
(105.677 -2.94839 -0)
(104.957 -4.86212 -0)
(103.895 -6.70033 -0)
(102.51 -8.43708 -0)
(100.827 -10.0503 -0)
(98.8755 -11.5226 -0)
(96.6867 -12.8409 -0)
(94.2938 -13.9973 -0)
(91.7303 -14.9882 -0)
(89.0293 -15.8143 -0)
(86.2223 -16.4794 -0)
(83.3387 -16.9908 -0)
(80.4061 -17.3574 -0)
(77.4487 -17.5902 -0)
(74.4882 -17.701 -0)
(71.5437 -17.7023 -0)
(68.6313 -17.6065 -0)
(65.7645 -17.426 -0)
(62.9548 -17.1726 -0)
(60.2112 -16.8575 -0)
(57.5407 -16.4911 -0)
(54.9491 -16.0828 -0)
(52.4404 -15.6413 -0)
(50.0171 -15.1741 -0)
(47.6811 -14.6883 -0)
(45.4332 -14.1896 -0)
(43.2731 -13.6834 -0)
(41.2005 -13.174 -0)
(39.214 -12.6652 -0)
(37.3122 -12.1603 -0)
(35.4932 -11.6618 -0)
(33.7547 -11.1721 -0)
(32.0945 -10.6928 -0)
(30.5102 -10.2254 -0)
(28.9991 -9.77095 -0)
(27.5585 -9.33024 -0)
(26.1859 -8.9039 -0)
(24.8787 -8.4923 -0)
(23.634 -8.09563 -0)
(22.4495 -7.71401 -0)
(21.3224 -7.34737 -0)
(20.2503 -6.99557 -0)
(19.2308 -6.65841 -0)
(18.2615 -6.3356 -0)
(17.34 -6.0268 -0)
(16.4643 -5.73165 -0)
(15.6321 -5.44975 -0)
(14.8415 -5.18067 -0)
(14.0903 -4.92399 -0)
(13.3768 -4.67925 -0)
(12.6991 -4.446 -0)
(12.0556 -4.22381 -0)
(11.4444 -4.01222 -0)
(10.8641 -3.81079 -0)
(10.3132 -3.6191 -0)
(9.79008 -3.43671 -0)
(9.2935 -3.26322 -0)
(8.82212 -3.09822 -0)
(8.37469 -2.94134 -0)
(104.254 -0.812385 -0)
(103.918 -2.42472 -0)
(103.253 -4.00023 -0)
(102.269 -5.51599 -0)
(100.984 -6.95129 -0)
(99.4188 -8.28838 -0)
(97.5988 -9.51291 -0)
(95.5514 -10.6141 -0)
(93.3054 -11.585 -0)
(90.8906 -12.4222 -0)
(88.3367 -13.1252 -0)
(85.6722 -13.6968 -0)
(82.9244 -14.142 -0)
(80.1187 -14.4677 -0)
(77.2784 -14.6821 -0)
(74.4243 -14.7945 -0)
(71.575 -14.8148 -0)
(68.7466 -14.753 -0)
(65.953 -14.6191 -0)
(63.206 -14.4227 -0)
(60.5153 -14.173 -0)
(57.8887 -13.8786 -0)
(55.3327 -13.5475 -0)
(52.8519 -13.1869 -0)
(50.45 -12.8033 -0)
(48.1294 -12.4025 -0)
(45.8916 -11.9896 -0)
(43.7373 -11.569 -0)
(41.6665 -11.1447 -0)
(39.6786 -10.72 -0)
(37.7725 -10.2976 -0)
(35.947 -9.87984 -0)
(34.2001 -9.46875 -0)
(32.53 -9.06585 -0)
(30.9345 -8.67245 -0)
(29.4114 -8.28952 -0)
(27.9581 -7.91781 -0)
(26.5723 -7.5579 -0)
(25.2515 -7.21016 -0)
(23.9931 -6.87479 -0)
(22.7949 -6.55194 -0)
(21.6541 -6.24159 -0)
(20.5685 -5.94364 -0)
(19.5357 -5.65796 -0)
(18.5533 -5.38432 -0)
(17.6192 -5.12247 -0)
(16.7311 -4.8721 -0)
(15.8869 -4.6329 -0)
(15.0846 -4.40452 -0)
(14.3222 -4.18661 -0)
(13.5979 -3.97879 -0)
(12.9098 -3.78069 -0)
(12.2563 -3.59195 -0)
(11.6355 -3.41218 -0)
(11.046 -3.24102 -0)
(10.4863 -3.07811 -0)
(9.95477 -2.9231 -0)
(9.45015 -2.77562 -0)
(8.97109 -2.63536 -0)
(8.51633 -2.50198 -0)
(102.803 -0.649162 -0)
(102.489 -1.93788 -0)
(101.866 -3.19813 -0)
(100.944 -4.41214 -0)
(99.7375 -5.56375 -0)
(98.2655 -6.63905 -0)
(96.5497 -7.62662 -0)
(94.6146 -8.51777 -0)
(92.4858 -9.30668 -0)
(90.1901 -9.99019 -0)
(87.7546 -10.5677 -0)
(85.2054 -11.0407 -0)
(82.5679 -11.4129 -0)
(79.866 -11.6893 -0)
(77.1219 -11.876 -0)
(74.3555 -11.9802 -0)
(71.5852 -12.0096 -0)
(68.8271 -11.9718 -0)
(66.0949 -11.8747 -0)
(63.4009 -11.7261 -0)
(60.7552 -11.5332 -0)
(58.1662 -11.303 -0)
(55.6409 -11.0418 -0)
(53.1846 -10.7556 -0)
(50.8015 -10.4497 -0)
(48.4949 -10.1288 -0)
(46.2666 -9.79719 -0)
(44.1179 -9.45852 -0)
(42.0495 -9.11604 -0)
(40.0612 -8.7725 -0)
(38.1524 -8.43024 -0)
(36.322 -8.09127 -0)
(34.5687 -7.75723 -0)
(32.8908 -7.42945 -0)
(31.2865 -7.10906 -0)
(29.7537 -6.79691 -0)
(28.2901 -6.49364 -0)
(26.8936 -6.19978 -0)
(25.5618 -5.91566 -0)
(24.2922 -5.64149 -0)
(23.0827 -5.3774 -0)
(21.9307 -5.12342 -0)
(20.8339 -4.87948 -0)
(19.7901 -4.64549 -0)
(18.797 -4.42129 -0)
(17.8523 -4.20667 -0)
(16.9539 -4.00141 -0)
(16.0997 -3.80526 -0)
(15.2878 -3.61793 -0)
(14.5161 -3.43915 -0)
(13.7828 -3.26863 -0)
(13.086 -3.10605 -0)
(12.4241 -2.95112 -0)
(11.7954 -2.80355 -0)
(11.1982 -2.66302 -0)
(10.6311 -2.52925 -0)
(10.0926 -2.40195 -0)
(9.58123 -2.28083 -0)
(9.09576 -2.16563 -0)
(8.63488 -2.05607 -0)
(101.667 -0.495546 -0)
(101.369 -1.4795 -0)
(100.778 -2.44229 -0)
(99.9031 -3.37066 -0)
(98.7568 -4.25255 -0)
(97.3559 -5.07745 -0)
(95.7201 -5.83672 -0)
(93.8713 -6.52368 -0)
(91.833 -7.13372 -0)
(89.6296 -7.66426 -0)
(87.2861 -8.11454 -0)
(84.827 -8.48553 -0)
(82.2759 -8.77963 -0)
(79.6556 -9.00043 -0)
(76.9874 -9.15245 -0)
(74.2907 -9.24089 -0)
(71.5834 -9.27138 -0)
(68.8814 -9.24976 -0)
(66.1987 -9.18194 -0)
(63.5475 -9.07373 -0)
(60.9384 -8.93073 -0)
(58.3801 -8.75821 -0)
(55.88 -8.56114 -0)
(53.444 -8.34404 -0)
(51.0768 -8.11105 -0)
(48.7819 -7.86589 -0)
(46.5619 -7.61186 -0)
(44.4184 -7.35184 -0)
(42.3525 -7.0884 -0)
(40.3644 -6.82371 -0)
(38.4537 -6.55963 -0)
(36.62 -6.29777 -0)
(34.8619 -6.03942 -0)
(33.1782 -5.78568 -0)
(31.5671 -5.53744 -0)
(30.0268 -5.29539 -0)
(28.5552 -5.06008 -0)
(27.1503 -4.83192 -0)
(25.8098 -4.6112 -0)
(24.5314 -4.39811 -0)
(23.3129 -4.19276 -0)
(22.1521 -3.99519 -0)
(21.0464 -3.80537 -0)
(19.9939 -3.62324 -0)
(18.9922 -3.44867 -0)
(18.039 -3.28152 -0)
(17.1325 -3.12162 -0)
(16.2704 -2.96878 -0)
(15.4507 -2.8228 -0)
(14.6715 -2.68345 -0)
(13.931 -2.55051 -0)
(13.2273 -2.42375 -0)
(12.5588 -2.30295 -0)
(11.9236 -2.18786 -0)
(11.3203 -2.07826 -0)
(10.7473 -1.97392 -0)
(10.2032 -1.87462 -0)
(9.68646 -1.78013 -0)
(9.19585 -1.69025 -0)
(8.73006 -1.60477 -0)
(100.828 -0.349064 -0)
(100.543 -1.04226 -0)
(99.9748 -1.72084 -0)
(99.1336 -2.37564 -0)
(98.0307 -2.99828 -0)
(96.6813 -3.58144 -0)
(95.1035 -4.11907 -0)
(93.3175 -4.60643 -0)
(91.3452 -5.04022 -0)
(89.2093 -5.41851 -0)
(86.9333 -5.74063 -0)
(84.5403 -6.00714 -0)
(82.053 -6.21956 -0)
(79.4932 -6.3803 -0)
(76.8814 -6.4924 -0)
(74.2366 -6.55942 -0)
(71.5764 -6.58523 -0)
(68.9165 -6.57388 -0)
(66.2709 -6.52948 -0)
(63.6521 -6.45611 -0)
(61.0707 -6.35769 -0)
(58.5358 -6.23796 -0)
(56.055 -6.10042 -0)
(53.6347 -5.9483 -0)
(51.2797 -5.78453 -0)
(48.9941 -5.61179 -0)
(46.7806 -5.43242 -0)
(44.6414 -5.24853 -0)
(42.5777 -5.06194 -0)
(40.59 -4.87424 -0)
(38.6783 -4.68677 -0)
(36.8422 -4.50069 -0)
(35.0808 -4.31696 -0)
(33.3928 -4.13637 -0)
(31.7768 -3.95957 -0)
(30.2311 -3.78709 -0)
(28.7536 -3.61932 -0)
(27.3425 -3.45657 -0)
(25.9956 -3.29907 -0)
(24.7107 -3.14695 -0)
(23.4856 -3.00031 -0)
(22.3181 -2.85919 -0)
(21.2059 -2.72356 -0)
(20.1468 -2.59339 -0)
(19.1387 -2.4686 -0)
(18.1793 -2.34909 -0)
(17.2666 -2.23474 -0)
(16.3985 -2.12543 -0)
(15.5731 -2.021 -0)
(14.7883 -1.92131 -0)
(14.0424 -1.8262 -0)
(13.3336 -1.73549 -0)
(12.66 -1.64904 -0)
(12.0201 -1.56667 -0)
(11.4121 -1.48822 -0)
(10.8347 -1.41353 -0)
(10.2864 -1.34245 -0)
(9.7656 -1.27481 -0)
(9.27112 -1.21046 -0)
(8.80164 -1.14926 -0)
(100.276 -0.207514 -0)
(99.9975 -0.619649 -0)
(99.4449 -1.02321 -0)
(98.6257 -1.41281 -0)
(97.551 -1.78352 -0)
(96.2351 -2.13102 -0)
(94.6951 -2.45173 -0)
(92.9501 -2.74281 -0)
(91.0209 -3.00229 -0)
(88.9292 -3.22898 -0)
(86.6975 -3.42243 -0)
(84.348 -3.5829 -0)
(81.9027 -3.71126 -0)
(79.3828 -3.80888 -0)
(76.8083 -3.87752 -0)
(74.1979 -3.91924 -0)
(71.569 -3.93631 -0)
(68.9372 -3.93111 -0)
(66.3164 -3.90608 -0)
(63.7193 -3.86361 -0)
(61.1566 -3.80604 -0)
(58.6374 -3.73559 -0)
(56.1697 -3.65435 -0)
(53.7599 -3.56426 -0)
(51.4133 -3.46706 -0)
(49.134 -3.36436 -0)
(46.9252 -3.25758 -0)
(44.7889 -3.14798 -0)
(42.7268 -3.03667 -0)
(40.7395 -2.92459 -0)
(38.8273 -2.81258 -0)
(36.9898 -2.70132 -0)
(35.2263 -2.5914 -0)
(33.5355 -2.48331 -0)
(31.9164 -2.37745 -0)
(30.367 -2.27412 -0)
(28.8857 -2.17358 -0)
(27.4705 -2.07603 -0)
(26.1194 -1.98159 -0)
(24.8302 -1.89035 -0)
(23.6007 -1.80239 -0)
(22.4288 -1.71771 -0)
(21.3122 -1.63631 -0)
(20.2488 -1.55818 -0)
(19.2365 -1.48327 -0)
(18.2729 -1.41152 -0)
(17.3561 -1.34286 -0)
(16.4841 -1.27722 -0)
(15.6548 -1.2145 -0)
(14.8663 -1.15462 -0)
(14.1168 -1.09749 -0)
(13.4045 -1.043 -0)
(12.7276 -0.99106 -0)
(12.0844 -0.941574 -0)
(11.4735 -0.89444 -0)
(10.8931 -0.849565 -0)
(10.3419 -0.806852 -0)
(9.81845 -0.766206 -0)
(9.3214 -0.72754 -0)
(8.84946 -0.690763 -0)
(100.001 -0.0688551 -0)
(99.7268 -0.205612 -0)
(99.1817 -0.339543 -0)
(98.3733 -0.46887 -0)
(97.3125 -0.591966 -0)
(96.0131 -0.707406 -0)
(94.4917 -0.813999 -0)
(92.767 -0.910807 -0)
(90.8591 -0.997168 -0)
(88.7892 -1.07268 -0)
(86.5794 -1.13719 -0)
(84.2515 -1.19077 -0)
(81.827 -1.23371 -0)
(79.3269 -1.26644 -0)
(76.771 -1.28955 -0)
(74.1778 -1.3037 -0)
(71.5645 -1.30966 -0)
(68.9467 -1.30819 -0)
(66.3384 -1.30011 -0)
(63.7522 -1.28621 -0)
(61.1988 -1.26727 -0)
(58.6875 -1.24402 -0)
(56.2264 -1.21715 -0)
(53.822 -1.18731 -0)
(51.4796 -1.15509 -0)
(49.2035 -1.12102 -0)
(46.997 -1.08556 -0)
(44.8623 -1.04915 -0)
(42.8011 -1.01215 -0)
(40.8141 -0.974886 -0)
(38.9016 -0.937624 -0)
(37.0634 -0.900603 -0)
(35.2988 -0.864018 -0)
(33.6068 -0.828031 -0)
(31.986 -0.792778 -0)
(30.4349 -0.758364 -0)
(28.9517 -0.724872 -0)
(27.5345 -0.692368 -0)
(26.1813 -0.660898 -0)
(24.8899 -0.630492 -0)
(23.6583 -0.601172 -0)
(22.4842 -0.572945 -0)
(21.3654 -0.54581 -0)
(20.2999 -0.519762 -0)
(19.2854 -0.494784 -0)
(18.3197 -0.470859 -0)
(17.4009 -0.447964 -0)
(16.5269 -0.426072 -0)
(15.6957 -0.405156 -0)
(14.9054 -0.385186 -0)
(14.1541 -0.36613 -0)
(13.44 -0.347956 -0)
(12.7614 -0.330632 -0)
(12.1167 -0.314126 -0)
(11.5041 -0.298404 -0)
(10.9223 -0.283434 -0)
(10.3697 -0.269186 -0)
(9.84491 -0.255627 -0)
(9.34657 -0.242728 -0)
(8.87339 -0.230459 -0)
(100.001 0.0688551 -0)
(99.7268 0.205612 -0)
(99.1817 0.339543 -0)
(98.3733 0.46887 -0)
(97.3125 0.591966 -0)
(96.0131 0.707406 -0)
(94.4917 0.813999 -0)
(92.767 0.910807 -0)
(90.8591 0.997168 -0)
(88.7892 1.07268 -0)
(86.5794 1.13719 -0)
(84.2515 1.19077 -0)
(81.827 1.23371 -0)
(79.3269 1.26644 -0)
(76.771 1.28955 -0)
(74.1778 1.3037 -0)
(71.5645 1.30966 -0)
(68.9467 1.30819 -0)
(66.3384 1.30011 -0)
(63.7522 1.28621 -0)
(61.1988 1.26727 -0)
(58.6875 1.24402 -0)
(56.2264 1.21715 -0)
(53.822 1.18731 -0)
(51.4796 1.15509 -0)
(49.2035 1.12102 -0)
(46.997 1.08556 -0)
(44.8623 1.04915 -0)
(42.8011 1.01215 -0)
(40.8141 0.974886 -0)
(38.9016 0.937624 -0)
(37.0634 0.900603 -0)
(35.2988 0.864018 -0)
(33.6068 0.828031 -0)
(31.986 0.792778 -0)
(30.4349 0.758364 -0)
(28.9517 0.724872 -0)
(27.5345 0.692368 -0)
(26.1813 0.660898 -0)
(24.8899 0.630492 -0)
(23.6583 0.601172 -0)
(22.4842 0.572945 -0)
(21.3654 0.54581 -0)
(20.2999 0.519762 -0)
(19.2854 0.494784 -0)
(18.3197 0.470859 -0)
(17.4009 0.447964 -0)
(16.5269 0.426072 -0)
(15.6957 0.405156 -0)
(14.9054 0.385186 -0)
(14.1541 0.36613 -0)
(13.44 0.347956 -0)
(12.7614 0.330632 -0)
(12.1167 0.314126 -0)
(11.5041 0.298404 -0)
(10.9223 0.283434 -0)
(10.3697 0.269186 -0)
(9.84491 0.255627 -0)
(9.34657 0.242728 -0)
(8.87339 0.230459 -0)
(100.276 0.207514 -0)
(99.9975 0.619649 -0)
(99.4449 1.02321 -0)
(98.6257 1.41281 -0)
(97.551 1.78352 -0)
(96.2351 2.13102 -0)
(94.6951 2.45173 -0)
(92.9501 2.74281 -0)
(91.0209 3.00229 -0)
(88.9292 3.22898 -0)
(86.6975 3.42243 -0)
(84.348 3.5829 -0)
(81.9027 3.71126 -0)
(79.3828 3.80888 -0)
(76.8083 3.87752 -0)
(74.1979 3.91924 -0)
(71.569 3.93631 -0)
(68.9372 3.93111 -0)
(66.3164 3.90608 -0)
(63.7193 3.86361 -0)
(61.1566 3.80604 -0)
(58.6374 3.73559 -0)
(56.1697 3.65435 -0)
(53.7599 3.56426 -0)
(51.4133 3.46706 -0)
(49.134 3.36436 -0)
(46.9252 3.25758 -0)
(44.7889 3.14798 -0)
(42.7268 3.03667 -0)
(40.7395 2.92459 -0)
(38.8273 2.81258 -0)
(36.9898 2.70132 -0)
(35.2263 2.5914 -0)
(33.5355 2.48331 -0)
(31.9164 2.37745 -0)
(30.367 2.27412 -0)
(28.8857 2.17358 -0)
(27.4705 2.07603 -0)
(26.1194 1.98159 -0)
(24.8302 1.89035 -0)
(23.6007 1.80239 -0)
(22.4288 1.71771 -0)
(21.3122 1.63631 -0)
(20.2488 1.55818 -0)
(19.2365 1.48327 -0)
(18.2729 1.41152 -0)
(17.3561 1.34286 -0)
(16.4841 1.27722 -0)
(15.6548 1.2145 -0)
(14.8663 1.15462 -0)
(14.1168 1.09749 -0)
(13.4045 1.043 -0)
(12.7276 0.99106 -0)
(12.0844 0.941574 -0)
(11.4735 0.89444 -0)
(10.8931 0.849565 -0)
(10.3419 0.806852 -0)
(9.81845 0.766206 -0)
(9.3214 0.72754 -0)
(8.84946 0.690763 -0)
(100.828 0.349064 -0)
(100.543 1.04226 -0)
(99.9748 1.72084 -0)
(99.1336 2.37564 -0)
(98.0307 2.99828 -0)
(96.6813 3.58144 -0)
(95.1035 4.11907 -0)
(93.3175 4.60643 -0)
(91.3452 5.04022 -0)
(89.2093 5.41851 -0)
(86.9333 5.74063 -0)
(84.5403 6.00714 -0)
(82.053 6.21956 -0)
(79.4932 6.3803 -0)
(76.8814 6.4924 -0)
(74.2366 6.55942 -0)
(71.5764 6.58523 -0)
(68.9165 6.57388 -0)
(66.2709 6.52948 -0)
(63.6521 6.45611 -0)
(61.0707 6.35769 -0)
(58.5358 6.23796 -0)
(56.055 6.10042 -0)
(53.6347 5.9483 -0)
(51.2797 5.78453 -0)
(48.9941 5.61179 -0)
(46.7806 5.43242 -0)
(44.6414 5.24853 -0)
(42.5777 5.06194 -0)
(40.59 4.87424 -0)
(38.6783 4.68677 -0)
(36.8422 4.50069 -0)
(35.0808 4.31696 -0)
(33.3928 4.13637 -0)
(31.7768 3.95957 -0)
(30.2311 3.78709 -0)
(28.7536 3.61932 -0)
(27.3425 3.45657 -0)
(25.9956 3.29907 -0)
(24.7107 3.14695 -0)
(23.4856 3.00031 -0)
(22.3181 2.85919 -0)
(21.2059 2.72356 -0)
(20.1468 2.59339 -0)
(19.1387 2.4686 -0)
(18.1793 2.34909 -0)
(17.2666 2.23474 -0)
(16.3985 2.12543 -0)
(15.5731 2.021 -0)
(14.7883 1.92131 -0)
(14.0424 1.8262 -0)
(13.3336 1.73549 -0)
(12.66 1.64904 -0)
(12.0201 1.56667 -0)
(11.4121 1.48822 -0)
(10.8347 1.41353 -0)
(10.2864 1.34245 -0)
(9.7656 1.27481 -0)
(9.27112 1.21046 -0)
(8.80164 1.14926 -0)
(101.667 0.495546 -0)
(101.369 1.4795 -0)
(100.778 2.44229 -0)
(99.9031 3.37066 -0)
(98.7568 4.25255 -0)
(97.3559 5.07745 -0)
(95.7201 5.83672 -0)
(93.8713 6.52368 -0)
(91.833 7.13372 -0)
(89.6296 7.66426 -0)
(87.2861 8.11454 -0)
(84.827 8.48553 -0)
(82.2759 8.77963 -0)
(79.6556 9.00043 -0)
(76.9874 9.15245 -0)
(74.2907 9.24089 -0)
(71.5834 9.27138 -0)
(68.8814 9.24976 -0)
(66.1987 9.18194 -0)
(63.5475 9.07373 -0)
(60.9384 8.93073 -0)
(58.3801 8.75821 -0)
(55.88 8.56114 -0)
(53.444 8.34404 -0)
(51.0768 8.11105 -0)
(48.7819 7.86589 -0)
(46.5619 7.61186 -0)
(44.4184 7.35184 -0)
(42.3525 7.0884 -0)
(40.3644 6.82371 -0)
(38.4537 6.55963 -0)
(36.62 6.29777 -0)
(34.8619 6.03942 -0)
(33.1782 5.78568 -0)
(31.5671 5.53744 -0)
(30.0268 5.29539 -0)
(28.5552 5.06008 -0)
(27.1503 4.83192 -0)
(25.8098 4.6112 -0)
(24.5314 4.39811 -0)
(23.3129 4.19276 -0)
(22.1521 3.99519 -0)
(21.0464 3.80537 -0)
(19.9939 3.62324 -0)
(18.9922 3.44867 -0)
(18.039 3.28152 -0)
(17.1325 3.12162 -0)
(16.2704 2.96878 -0)
(15.4507 2.8228 -0)
(14.6715 2.68345 -0)
(13.931 2.55051 -0)
(13.2273 2.42375 -0)
(12.5588 2.30295 -0)
(11.9236 2.18786 -0)
(11.3203 2.07826 -0)
(10.7473 1.97392 -0)
(10.2032 1.87462 -0)
(9.68646 1.78013 -0)
(9.19585 1.69025 -0)
(8.73006 1.60477 -0)
(102.803 0.649162 -0)
(102.489 1.93788 -0)
(101.866 3.19813 -0)
(100.944 4.41214 -0)
(99.7375 5.56375 -0)
(98.2655 6.63905 -0)
(96.5497 7.62662 -0)
(94.6146 8.51777 -0)
(92.4858 9.30668 -0)
(90.1901 9.99019 -0)
(87.7546 10.5677 -0)
(85.2054 11.0407 -0)
(82.5679 11.4129 -0)
(79.866 11.6893 -0)
(77.1219 11.876 -0)
(74.3555 11.9802 -0)
(71.5852 12.0096 -0)
(68.8271 11.9718 -0)
(66.0949 11.8747 -0)
(63.4009 11.7261 -0)
(60.7552 11.5332 -0)
(58.1662 11.303 -0)
(55.6409 11.0418 -0)
(53.1846 10.7556 -0)
(50.8015 10.4497 -0)
(48.4949 10.1288 -0)
(46.2666 9.79719 -0)
(44.1179 9.45852 -0)
(42.0495 9.11604 -0)
(40.0612 8.7725 -0)
(38.1524 8.43024 -0)
(36.322 8.09127 -0)
(34.5687 7.75723 -0)
(32.8908 7.42945 -0)
(31.2865 7.10906 -0)
(29.7537 6.79691 -0)
(28.2901 6.49364 -0)
(26.8936 6.19978 -0)
(25.5618 5.91566 -0)
(24.2922 5.64149 -0)
(23.0827 5.3774 -0)
(21.9307 5.12342 -0)
(20.8339 4.87948 -0)
(19.7901 4.64549 -0)
(18.797 4.42129 -0)
(17.8523 4.20667 -0)
(16.9539 4.00141 -0)
(16.0997 3.80526 -0)
(15.2878 3.61793 -0)
(14.5161 3.43915 -0)
(13.7828 3.26863 -0)
(13.086 3.10605 -0)
(12.4241 2.95112 -0)
(11.7954 2.80355 -0)
(11.1982 2.66302 -0)
(10.6311 2.52925 -0)
(10.0926 2.40195 -0)
(9.58123 2.28083 -0)
(9.09576 2.16563 -0)
(8.63488 2.05607 -0)
(104.254 0.812385 -0)
(103.918 2.42472 -0)
(103.253 4.00023 -0)
(102.269 5.51599 -0)
(100.984 6.95129 -0)
(99.4188 8.28838 -0)
(97.5988 9.51291 -0)
(95.5514 10.6141 -0)
(93.3054 11.585 -0)
(90.8906 12.4222 -0)
(88.3367 13.1252 -0)
(85.6722 13.6968 -0)
(82.9244 14.142 -0)
(80.1187 14.4677 -0)
(77.2784 14.6821 -0)
(74.4243 14.7945 -0)
(71.575 14.8148 -0)
(68.7466 14.753 -0)
(65.953 14.6191 -0)
(63.206 14.4227 -0)
(60.5153 14.173 -0)
(57.8887 13.8786 -0)
(55.3327 13.5475 -0)
(52.8519 13.1869 -0)
(50.45 12.8033 -0)
(48.1294 12.4025 -0)
(45.8916 11.9896 -0)
(43.7373 11.569 -0)
(41.6665 11.1447 -0)
(39.6786 10.72 -0)
(37.7725 10.2976 -0)
(35.947 9.87984 -0)
(34.2001 9.46875 -0)
(32.53 9.06585 -0)
(30.9345 8.67245 -0)
(29.4114 8.28952 -0)
(27.9581 7.91781 -0)
(26.5723 7.5579 -0)
(25.2515 7.21016 -0)
(23.9931 6.87479 -0)
(22.7949 6.55194 -0)
(21.6541 6.24159 -0)
(20.5685 5.94364 -0)
(19.5357 5.65796 -0)
(18.5533 5.38432 -0)
(17.6192 5.12247 -0)
(16.7311 4.8721 -0)
(15.8869 4.6329 -0)
(15.0846 4.40452 -0)
(14.3222 4.18661 -0)
(13.5979 3.97879 -0)
(12.9098 3.78069 -0)
(12.2563 3.59195 -0)
(11.6355 3.41218 -0)
(11.046 3.24102 -0)
(10.4863 3.07811 -0)
(9.95477 2.9231 -0)
(9.45015 2.77562 -0)
(8.97109 2.63536 -0)
(8.51633 2.50198 -0)
(106.041 0.988048 -0)
(105.677 2.94839 -0)
(104.957 4.86212 -0)
(103.895 6.70033 -0)
(102.51 8.43708 -0)
(100.827 10.0503 -0)
(98.8755 11.5226 -0)
(96.6867 12.8409 -0)
(94.2938 13.9973 -0)
(91.7303 14.9882 -0)
(89.0293 15.8143 -0)
(86.2223 16.4794 -0)
(83.3387 16.9908 -0)
(80.4061 17.3574 -0)
(77.4487 17.5902 -0)
(74.4882 17.701 -0)
(71.5437 17.7023 -0)
(68.6313 17.6065 -0)
(65.7645 17.426 -0)
(62.9548 17.1726 -0)
(60.2112 16.8575 -0)
(57.5407 16.4911 -0)
(54.9491 16.0828 -0)
(52.4404 15.6413 -0)
(50.0171 15.1741 -0)
(47.6811 14.6883 -0)
(45.4332 14.1896 -0)
(43.2731 13.6834 -0)
(41.2005 13.174 -0)
(39.214 12.6652 -0)
(37.3122 12.1603 -0)
(35.4932 11.6618 -0)
(33.7547 11.1721 -0)
(32.0945 10.6928 -0)
(30.5102 10.2254 -0)
(28.9991 9.77095 -0)
(27.5585 9.33024 -0)
(26.1859 8.9039 -0)
(24.8787 8.4923 -0)
(23.634 8.09563 -0)
(22.4495 7.71401 -0)
(21.3224 7.34737 -0)
(20.2503 6.99557 -0)
(19.2308 6.65841 -0)
(18.2615 6.3356 -0)
(17.34 6.0268 -0)
(16.4643 5.73165 -0)
(15.6321 5.44975 -0)
(14.8415 5.18067 -0)
(14.0903 4.92399 -0)
(13.3768 4.67925 -0)
(12.6991 4.446 -0)
(12.0556 4.22381 -0)
(11.4444 4.01222 -0)
(10.8641 3.81079 -0)
(10.3132 3.6191 -0)
(9.79008 3.43671 -0)
(9.2935 3.26322 -0)
(8.82212 3.09822 -0)
(8.37469 2.94134 -0)
(108.191 1.17946 -0)
(107.792 3.51864 -0)
(107.005 5.79952 -0)
(105.844 7.98609 -0)
(104.334 10.0463 -0)
(102.504 11.9533 -0)
(100.389 13.686 -0)
(98.0261 15.2295 -0)
(95.4528 16.5749 -0)
(92.7076 17.7191 -0)
(89.8279 18.6641 -0)
(86.8487 19.4158 -0)
(83.8023 19.9841 -0)
(80.7182 20.3809 -0)
(77.622 20.6202 -0)
(74.5363 20.717 -0)
(71.4804 20.6867 -0)
(68.4703 20.5446 -0)
(65.5191 20.3057 -0)
(62.6375 19.9842 -0)
(59.8338 19.5934 -0)
(57.114 19.1453 -0)
(54.4828 18.6513 -0)
(51.9433 18.1211 -0)
(49.497 17.5637 -0)
(47.1449 16.9868 -0)
(44.8867 16.3972 -0)
(42.7216 15.8008 -0)
(40.6483 15.2025 -0)
(38.6649 14.6065 -0)
(36.7692 14.0164 -0)
(34.9588 13.4351 -0)
(33.2311 12.865 -0)
(31.5833 12.3079 -0)
(30.0126 11.7654 -0)
(28.5162 11.2386 -0)
(27.091 10.7283 -0)
(25.7343 10.2351 -0)
(24.4432 9.75945 -0)
(23.2149 9.30141 -0)
(22.0466 8.86106 -0)
(20.9357 8.43828 -0)
(19.8796 8.03285 -0)
(18.8757 7.64449 -0)
(17.9217 7.27284 -0)
(17.0152 6.91746 -0)
(16.154 6.57793 -0)
(15.3359 6.25375 -0)
(14.5588 5.94441 -0)
(13.8208 5.6494 -0)
(13.1199 5.36819 -0)
(12.4544 5.10025 -0)
(11.8225 4.84505 -0)
(11.2225 4.60208 -0)
(10.6529 4.37081 -0)
(10.1122 4.15076 -0)
(9.59889 3.94141 -0)
(9.11166 3.7423 -0)
(8.64921 3.55297 -0)
(8.2103 3.37295 -0)
(110.739 1.39059 -0)
(110.297 4.14719 -0)
(109.425 6.83124 -0)
(108.142 9.39819 -0)
(106.477 11.8088 -0)
(104.467 14.0306 -0)
(102.152 16.0387 -0)
(99.5756 17.8161 -0)
(96.7835 19.3537 -0)
(93.8195 20.6494 -0)
(90.726 21.707 -0)
(87.5423 22.5358 -0)
(84.3038 23.1488 -0)
(81.0422 23.5619 -0)
(77.7848 23.7927 -0)
(74.5547 23.8601 -0)
(71.3714 23.7828 -0)
(68.2504 23.5796 -0)
(65.2042 23.2681 -0)
(62.2424 22.8652 -0)
(59.3723 22.3863 -0)
(56.5986 21.8456 -0)
(53.9249 21.2558 -0)
(51.3528 20.6282 -0)
(48.8828 19.9727 -0)
(46.5147 19.2981 -0)
(44.2471 18.6117 -0)
(42.0784 17.9201 -0)
(40.0062 17.2287 -0)
(38.028 16.542 -0)
(36.1408 15.8638 -0)
(34.3417 15.1972 -0)
(32.6275 14.5448 -0)
(30.995 13.9084 -0)
(29.4409 13.2896 -0)
(27.962 12.6896 -0)
(26.5551 12.1092 -0)
(25.2171 11.5489 -0)
(23.945 11.0089 -0)
(22.7357 10.4895 -0)
(21.5863 9.99055 -0)
(20.4942 9.51183 -0)
(19.4565 9.05306 -0)
(18.4708 8.61386 -0)
(17.5345 8.19378 -0)
(16.6451 7.79228 -0)
(15.8006 7.40886 -0)
(14.9986 7.0429 -0)
(14.2371 6.69382 -0)
(13.5141 6.36101 -0)
(12.8277 6.04386 -0)
(12.176 5.74175 -0)
(11.5574 5.45408 -0)
(10.9702 5.18024 -0)
(10.4128 4.91963 -0)
(9.88376 4.67171 -0)
(9.38163 4.43588 -0)
(8.90506 4.21161 -0)
(8.45277 3.99838 -0)
(8.02355 3.79567 -0)
(113.728 1.6263 -0)
(113.233 4.84831 -0)
(112.256 7.9801 -0)
(110.821 10.9667 -0)
(108.966 13.7602 -0)
(106.734 16.3216 -0)
(104.175 18.622 -0)
(101.341 20.6427 -0)
(98.286 22.3746 -0)
(95.0609 23.8176 -0)
(91.7144 24.9789 -0)
(88.2905 25.8717 -0)
(84.8284 26.5136 -0)
(81.3621 26.9252 -0)
(77.9202 27.1289 -0)
(74.5264 27.1479 -0)
(71.1999 27.0051 -0)
(67.9556 26.7228 -0)
(64.8047 26.322 -0)
(61.7558 25.8222 -0)
(58.8142 25.2412 -0)
(55.9835 24.5952 -0)
(53.2654 23.8983 -0)
(50.6601 23.1633 -0)
(48.1668 22.401 -0)
(45.7838 21.621 -0)
(43.5087 20.8315 -0)
(41.3385 20.0393 -0)
(39.2701 19.2501 -0)
(37.3 18.4689 -0)
(35.4244 17.6996 -0)
(33.6398 16.9452 -0)
(31.9423 16.2085 -0)
(30.3282 15.4913 -0)
(28.7939 14.7952 -0)
(27.3358 14.1212 -0)
(25.9503 13.47 -0)
(24.6341 12.8423 -0)
(23.3839 12.238 -0)
(22.1965 11.6572 -0)
(21.0689 11.0998 -0)
(19.9982 10.5655 -0)
(18.9816 10.0537 -0)
(18.0164 9.56415 -0)
(17.1001 9.09615 -0)
(16.2303 8.64908 -0)
(15.4046 8.22233 -0)
(14.6209 7.8152 -0)
(13.8769 7.42698 -0)
(13.1708 7.05699 -0)
(12.5007 6.70451 -0)
(11.8646 6.36883 -0)
(11.261 6.04928 -0)
(10.6881 5.74516 -0)
(10.1444 5.4558 -0)
(9.62842 5.18056 -0)
(9.1388 4.91881 -0)
(8.67416 4.66991 -0)
(8.23327 4.43329 -0)
(7.8149 4.20838 -0)
(117.213 1.89261 -0)
(116.651 5.6396 -0)
(115.543 9.27415 -0)
(113.922 12.7282 -0)
(111.832 15.9435 -0)
(109.329 18.8735 -0)
(106.473 21.485 -0)
(103.328 23.7579 -0)
(99.9585 25.6843 -0)
(96.4238 27.2675 -0)
(92.7801 28.5193 -0)
(89.0769 29.4584 -0)
(85.3572 30.1085 -0)
(81.6575 30.4962 -0)
(78.0075 30.6497 -0)
(74.4309 30.5973 -0)
(70.9463 30.3668 -0)
(67.5673 29.9844 -0)
(64.3036 29.4747 -0)
(61.1617 28.8602 -0)
(58.1453 28.1611 -0)
(55.2557 27.3954 -0)
(52.493 26.5789 -0)
(49.8555 25.7254 -0)
(47.3406 24.8469 -0)
(44.9452 23.9535 -0)
(42.6654 23.0539 -0)
(40.497 22.1553 -0)
(38.4359 21.2637 -0)
(36.4774 20.384 -0)
(34.6171 19.5203 -0)
(32.8507 18.6756 -0)
(31.1736 17.8526 -0)
(29.5816 17.0531 -0)
(28.0707 16.2785 -0)
(26.6369 15.5298 -0)
(25.2762 14.8075 -0)
(23.985 14.1121 -0)
(22.7599 13.4435 -0)
(21.5975 12.8015 -0)
(20.4946 12.186 -0)
(19.4481 11.5964 -0)
(18.4552 11.0322 -0)
(17.5132 10.4928 -0)
(16.6194 9.97753 -0)
(15.7713 9.48556 -0)
(14.9667 9.01616 -0)
(14.2033 8.56855 -0)
(13.4789 8.1419 -0)
(12.7916 7.73543 -0)
(12.1395 7.34833 -0)
(11.5208 6.97978 -0)
(10.9337 6.62903 -0)
(10.3767 6.29531 -0)
(9.84821 5.97784 -0)
(9.34676 5.67592 -0)
(8.87098 5.38885 -0)
(8.41954 5.11591 -0)
(7.99124 4.85649 -0)
(7.58487 4.60992 -0)
(121.26 2.19712 -0)
(120.615 6.54336 -0)
(119.344 10.7486 -0)
(117.491 14.7286 -0)
(115.111 18.4121 -0)
(112.276 21.744 -0)
(109.059 24.6867 -0)
(105.541 27.2194 -0)
(101.796 29.3374 -0)
(97.8958 31.0488 -0)
(93.9053 32.3722 -0)
(89.8798 33.3341 -0)
(85.8662 33.9658 -0)
(81.9033 34.3015 -0)
(78.0213 34.3764 -0)
(74.2435 34.2249 -0)
(70.587 33.8802 -0)
(67.0636 33.3733 -0)
(63.6806 32.7324 -0)
(60.4422 31.9829 -0)
(57.3494 31.1477 -0)
(54.4012 30.2464 -0)
(51.5954 29.2964 -0)
(48.9282 28.3126 -0)
(46.395 27.3077 -0)
(43.9909 26.2923 -0)
(41.7105 25.2753 -0)
(39.5483 24.2643 -0)
(37.4989 23.2653 -0)
(35.5566 22.2832 -0)
(33.7161 21.3218 -0)
(31.9721 20.3844 -0)
(30.3198 19.4733 -0)
(28.7541 18.5901 -0)
(27.2706 17.736 -0)
(25.8648 16.912 -0)
(24.5325 16.1182 -0)
(23.27 15.355 -0)
(22.0733 14.6222 -0)
(20.939 13.9194 -0)
(19.8638 13.2462 -0)
(18.8445 12.602 -0)
(17.878 11.986 -0)
(16.9617 11.3975 -0)
(16.0929 10.8356 -0)
(15.2689 10.2995 -0)
(14.4876 9.78822 -0)
(13.7466 9.30093 -0)
(13.0438 8.83665 -0)
(12.3773 8.39451 -0)
(11.745 7.97358 -0)
(11.1453 7.57295 -0)
(10.5765 7.19177 -0)
(10.0369 6.82918 -0)
(9.525 6.48433 -0)
(9.03943 6.15645 -0)
(8.5788 5.84473 -0)
(8.14181 5.54843 -0)
(7.72727 5.26682 -0)
(7.33402 4.99921 -0)
(125.954 2.54963 -0)
(125.203 7.58811 -0)
(123.728 12.4485 -0)
(121.585 17.0256 -0)
(118.847 21.2324 -0)
(115.603 25.0038 -0)
(111.948 28.2982 -0)
(107.979 31.0959 -0)
(103.788 33.3972 -0)
(99.4586 35.2181 -0)
(95.0654 36.5869 -0)
(90.6705 37.5401 -0)
(86.3247 38.1193 -0)
(82.0681 38.3679 -0)
(77.9309 38.3294 -0)
(73.9348 38.0458 -0)
(70.0947 37.5561 -0)
(66.4194 36.8963 -0)
(62.9132 36.0986 -0)
(59.5769 35.1916 -0)
(56.4087 34.2002 -0)
(53.4045 33.1461 -0)
(50.5592 32.0479 -0)
(47.8667 30.9211 -0)
(45.3202 29.779 -0)
(42.9128 28.6326 -0)
(40.6374 27.4909 -0)
(38.4869 26.3614 -0)
(36.4547 25.25 -0)
(34.534 24.1615 -0)
(32.7184 23.0996 -0)
(31.0021 22.067 -0)
(29.3792 21.066 -0)
(27.8444 20.0978 -0)
(26.3926 19.1636 -0)
(25.0191 18.2638 -0)
(23.7192 17.3985 -0)
(22.489 16.5677 -0)
(21.3243 15.771 -0)
(20.2215 15.0078 -0)
(19.1771 14.2775 -0)
(18.1879 13.5793 -0)
(17.2507 12.9122 -0)
(16.3628 12.2754 -0)
(15.5214 11.6679 -0)
(14.724 11.0885 -0)
(13.9682 10.5363 -0)
(13.2517 10.0103 -0)
(12.5725 9.50931 -0)
(11.9285 9.0324 -0)
(11.318 8.57853 -0)
(10.739 8.14669 -0)
(10.19 7.73593 -0)
(9.66929 7.34531 -0)
(9.17548 6.97389 -0)
(8.70715 6.62081 -0)
(8.26296 6.28521 -0)
(7.84164 5.96625 -0)
(7.44202 5.66317 -0)
(7.06297 5.37519 -0)
(131.398 2.96291 -0)
(130.513 8.8109 -0)
(128.782 14.4316 -0)
(126.274 19.6928 -0)
(123.09 24.4878 -0)
(119.341 28.7406 -0)
(115.151 32.4063 -0)
(110.64 35.4688 -0)
(105.918 37.9372 -0)
(101.085 39.8394 -0)
(96.2273 41.2169 -0)
(91.4122 42.1201 -0)
(86.6939 42.6031 -0)
(82.1134 42.7211 -0)
(77.6992 42.5276 -0)
(73.4702 42.0726 -0)
(69.4375 41.402 -0)
(65.6061 40.5571 -0)
(61.9759 39.5741 -0)
(58.5438 38.4845 -0)
(55.3039 37.3154 -0)
(52.2489 36.09 -0)
(49.3703 34.8277 -0)
(46.6593 33.5448 -0)
(44.1064 32.2545 -0)
(41.7028 30.968 -0)
(39.4394 29.6943 -0)
(37.3074 28.4403 -0)
(35.299 27.2118 -0)
(33.4061 26.0133 -0)
(31.6216 24.8479 -0)
(29.9385 23.7181 -0)
(28.3506 22.6257 -0)
(26.8517 21.5717 -0)
(25.4365 20.5568 -0)
(24.0997 19.581 -0)
(22.8364 18.6443 -0)
(21.6424 17.7462 -0)
(20.5134 16.8861 -0)
(19.4456 16.0633 -0)
(18.4353 15.2767 -0)
(17.4792 14.5254 -0)
(16.5742 13.8083 -0)
(15.7173 13.1242 -0)
(14.9059 12.4719 -0)
(14.1374 11.8504 -0)
(13.4094 11.2583 -0)
(12.7196 10.6945 -0)
(12.0659 10.1579 -0)
(11.4465 9.64723 -0)
(10.8593 9.16142 -0)
(10.3027 8.69934 -0)
(9.77508 8.25995 -0)
(9.27483 7.84221 -0)
(8.8005 7.4451 -0)
(8.35074 7.06769 -0)
(7.92424 6.70902 -0)
(7.51977 6.36821 -0)
(7.1362 6.04441 -0)
(6.77243 5.73678 -0)
(137.727 3.45398 -0)
(136.671 10.261 -0)
(134.61 16.7742 -0)
(131.641 22.8261 -0)
(127.895 28.2856 -0)
(123.522 33.0646 -0)
(118.676 37.1174 -0)
(113.51 40.436 -0)
(108.158 43.0434 -0)
(102.738 44.9852 -0)
(97.3462 46.3214 -0)
(92.0567 47.1202 -0)
(86.9257 47.452 -0)
(81.9925 47.386 -0)
(77.2823 46.9871 -0)
(72.8093 46.3149 -0)
(68.5792 45.4223 -0)
(64.5915 44.356 -0)
(60.8405 43.1561 -0)
(57.3183 41.8568 -0)
(54.0143 40.487 -0)
(50.9168 39.0708 -0)
(48.014 37.6283 -0)
(45.2935 36.1757 -0)
(42.7435 34.7263 -0)
(40.3526 33.2908 -0)
(38.1097 31.8778 -0)
(36.0046 30.4937 -0)
(34.0277 29.1438 -0)
(32.17 27.8318 -0)
(30.4233 26.5605 -0)
(28.7799 25.3319 -0)
(27.2328 24.147 -0)
(25.7755 23.0066 -0)
(24.4019 21.9107 -0)
(23.1066 20.8592 -0)
(21.8845 19.8514 -0)
(20.7309 18.8867 -0)
(19.6414 17.9641 -0)
(18.6121 17.0824 -0)
(17.6392 16.2406 -0)
(16.7194 15.4373 -0)
(15.8495 14.6712 -0)
(15.0265 13.941 -0)
(14.2476 13.2453 -0)
(13.5104 12.5828 -0)
(12.8123 11.952 -0)
(12.1513 11.3517 -0)
(11.5252 10.7805 -0)
(10.9321 10.2372 -0)
(10.3701 9.72056 -0)
(9.83753 9.22931 -0)
(9.33283 8.76232 -0)
(8.85445 8.31847 -0)
(8.40097 7.89664 -0)
(7.97107 7.49581 -0)
(7.56349 7.11498 -0)
(7.17703 6.75316 -0)
(6.81059 6.40946 -0)
(6.46312 6.08298 -0)
(145.113 4.04599 -0)
(143.834 12.0049 -0)
(141.347 19.5784 -0)
(137.786 26.5517 -0)
(133.328 32.764 -0)
(128.173 38.115 -0)
(122.523 42.5627 -0)
(116.566 46.1144 -0)
(110.467 48.8155 -0)
(104.363 50.7367 -0)
(98.3623 51.9636 -0)
(92.5427 52.5874 -0)
(86.9597 52.6989 -0)
(81.6485 52.3837 -0)
(76.6281 51.7202 -0)
(71.9054 50.7776 -0)
(67.4787 49.6166 -0)
(63.3398 48.2887 -0)
(59.4766 46.8376 -0)
(55.8746 45.2997 -0)
(52.518 43.705 -0)
(49.3901 42.0781 -0)
(46.4751 40.439 -0)
(43.7573 38.8035 -0)
(41.2216 37.1842 -0)
(38.8542 35.5913 -0)
(36.6422 34.0323 -0)
(34.5734 32.5131 -0)
(32.637 31.0378 -0)
(30.8229 29.6097 -0)
(29.1216 28.2306 -0)
(27.525 26.9018 -0)
(26.0253 25.6239 -0)
(24.6154 24.3969 -0)
(23.289 23.2203 -0)
(22.0404 22.0936 -0)
(20.864 21.0155 -0)
(19.7551 19.9852 -0)
(18.7092 19.0011 -0)
(17.7221 18.0619 -0)
(16.7901 17.1661 -0)
(15.9098 16.3121 -0)
(15.0779 15.4984 -0)
(14.2914 14.7234 -0)
(13.5477 13.9856 -0)
(12.8441 13.2834 -0)
(12.1783 12.6152 -0)
(11.5481 11.9797 -0)
(10.9515 11.3753 -0)
(10.3865 10.8006 -0)
(9.8514 10.2543 -0)
(9.34449 9.73504 -0)
(8.86423 9.24158 -0)
(8.40915 8.7727 -0)
(7.97785 8.32719 -0)
(7.56907 7.90396 -0)
(7.18159 7.50192 -0)
(6.81426 7.12002 -0)
(6.46601 6.7573 -0)
(6.13583 6.41281 -0)
(153.778 4.77098 -0)
(152.204 14.1343 -0)
(149.157 22.9827 -0)
(144.827 31.0382 -0)
(139.459 38.1035 -0)
(133.32 44.0686 -0)
(126.676 48.9039 -0)
(119.763 52.6434 -0)
(112.781 55.3672 -0)
(105.886 57.1824 -0)
(99.1969 58.2085 -0)
(92.7921 58.5668 -0)
(86.722 58.3722 -0)
(81.0138 57.7298 -0)
(75.6762 56.7321 -0)
(70.7056 55.4588 -0)
(66.0903 53.9775 -0)
(61.8125 52.3444 -0)
(57.8515 50.6058 -0)
(54.1857 48.7992 -0)
(50.7927 46.9552 -0)
(47.6507 45.0976 -0)
(44.7393 43.2459 -0)
(42.0388 41.4148 -0)
(39.5314 39.6158 -0)
(37.2006 37.8578 -0)
(35.0314 36.1471 -0)
(33.0101 34.4883 -0)
(31.1243 32.8848 -0)
(29.3628 31.3384 -0)
(27.7154 29.8503 -0)
(26.1732 28.4209 -0)
(24.7279 27.05 -0)
(23.3719 25.7367 -0)
(22.0986 24.4802 -0)
(20.9018 23.2791 -0)
(19.7761 22.132 -0)
(18.7164 21.0373 -0)
(17.7181 19.9932 -0)
(16.777 18.9979 -0)
(15.8894 18.0496 -0)
(15.0518 17.1465 -0)
(14.2608 16.2868 -0)
(13.5137 15.4686 -0)
(12.8076 14.6903 -0)
(12.14 13.9499 -0)
(11.5086 13.2459 -0)
(10.9113 12.5765 -0)
(10.3461 11.9403 -0)
(9.81108 11.3356 -0)
(9.30453 10.761 -0)
(8.82482 10.215 -0)
(8.37047 9.69627 -0)
(7.94005 9.20352 -0)
(7.53223 8.73546 -0)
(7.14579 8.2909 -0)
(6.77955 7.86869 -0)
(6.43241 7.4677 -0)
(6.10337 7.08691 -0)
(5.79145 6.72531 -0)
(164.018 5.67465 -0)
(162.045 16.7784 -0)
(158.251 27.18 -0)
(152.906 36.515 -0)
(146.359 44.5431 -0)
(138.973 51.1522 -0)
(131.097 56.3405 -0)
(123.029 60.1882 -0)
(115.006 62.8276 -0)
(107.205 64.4171 -0)
(99.7467 65.1215 -0)
(92.7064 65.099 -0)
(86.1227 64.4935 -0)
(80.0083 63.4311 -0)
(74.3572 62.0195 -0)
(69.1509 60.3479 -0)
(64.3643 58.4902 -0)
(59.9681 56.5057 -0)
(55.9315 54.4418 -0)
(52.224 52.3364 -0)
(48.8164 50.2187 -0)
(45.6809 48.1114 -0)
(42.7923 46.0322 -0)
(40.1273 43.994 -0)
(37.6646 42.0066 -0)
(35.3855 40.0769 -0)
(33.2728 38.2099 -0)
(31.3112 36.4084 -0)
(29.4872 34.6745 -0)
(27.7885 33.0089 -0)
(26.2042 31.4114 -0)
(24.7246 29.8816 -0)
(23.3411 28.4182 -0)
(22.0457 27.0197 -0)
(20.8315 25.6846 -0)
(19.6922 24.4107 -0)
(18.6222 23.1962 -0)
(17.6162 22.0388 -0)
(16.6698 20.9364 -0)
(15.7786 19.8868 -0)
(14.9388 18.888 -0)
(14.147 17.9376 -0)
(13.4 17.0337 -0)
(12.6949 16.1741 -0)
(12.0289 15.3569 -0)
(11.3997 14.58 -0)
(10.8049 13.8418 -0)
(10.2425 13.1403 -0)
(9.71054 12.4737 -0)
(9.2072 11.8405 -0)
(8.73081 11.239 -0)
(8.27982 10.6676 -0)
(7.85278 10.125 -0)
(7.44835 9.60965 -0)
(7.06525 9.12024 -0)
(6.7023 8.65551 -0)
(6.3584 8.21422 -0)
(6.03249 7.79519 -0)
(5.72362 7.39733 -0)
(5.43085 7.01957 -0)
(176.232 6.82384 -0)
(173.709 20.1248 -0)
(168.894 32.4441 -0)
(162.19 43.2987 -0)
(154.096 52.4019 -0)
(145.118 59.6568 -0)
(135.712 65.1181 -0)
(126.25 68.9415 -0)
(117.01 71.3382 -0)
(108.18 72.5371 -0)
(99.8787 72.7615 -0)
(92.1641 72.2143 -0)
(85.0542 71.0717 -0)
(78.5397 69.4821 -0)
(72.593 67.5668 -0)
(67.1764 65.4235 -0)
(62.248 63.1299 -0)
(57.7641 60.7464 -0)
(53.6822 58.3197 -0)
(49.9625 55.8859 -0)
(46.5678 53.4717 -0)
(43.4643 51.0973 -0)
(40.6218 48.7775 -0)
(38.0132 46.5225 -0)
(35.6143 44.3396 -0)
(33.4039 42.2336 -0)
(31.3629 40.207 -0)
(29.4747 38.2611 -0)
(27.7247 36.3961 -0)
(26.0997 34.6112 -0)
(24.5881 32.905 -0)
(23.1799 31.2759 -0)
(21.866 29.7215 -0)
(20.6382 28.2396 -0)
(19.4895 26.8277 -0)
(18.4134 25.4831 -0)
(17.4041 24.2031 -0)
(16.4566 22.9853 -0)
(15.5662 21.8268 -0)
(14.7286 20.7252 -0)
(13.9402 19.6778 -0)
(13.1975 18.6823 -0)
(12.4973 17.7362 -0)
(11.8368 16.8372 -0)
(11.2135 15.9831 -0)
(10.6249 15.1717 -0)
(10.0688 14.401 -0)
(9.54326 13.669 -0)
(9.04633 12.9738 -0)
(8.57633 12.3137 -0)
(8.13167 11.6868 -0)
(7.71084 11.0916 -0)
(7.31248 10.5264 -0)
(6.9353 9.98984 -0)
(6.57809 9.48036 -0)
(6.23976 8.99669 -0)
(5.91923 8.53749 -0)
(5.61553 8.10153 -0)
(5.32774 7.68767 -0)
(5.05501 7.29476 -0)
(190.967 8.31963 -0)
(187.666 24.4529 -0)
(181.424 39.1726 -0)
(172.864 51.8336 -0)
(162.717 62.1087 -0)
(151.69 69.9549 -0)
(140.382 75.5329 -0)
(129.249 79.1214 -0)
(118.602 81.0461 -0)
(108.628 81.6314 -0)
(99.4239 81.1729 -0)
(91.0167 79.9247 -0)
(83.3905 78.0969 -0)
(76.5034 75.8585 -0)
(70.2986 73.3418 -0)
(64.714 70.6494 -0)
(59.6871 67.8593 -0)
(55.158 65.03 -0)
(51.071 62.2048 -0)
(47.376 59.4155 -0)
(44.0279 56.6849 -0)
(40.9867 54.0287 -0)
(38.2175 51.4578 -0)
(35.6894 48.9789 -0)
(33.3757 46.5959 -0)
(31.2528 44.3107 -0)
(29.3003 42.1233 -0)
(27.5003 40.0328 -0)
(25.8372 38.0374 -0)
(24.2974 36.1346 -0)
(22.8688 34.3216 -0)
(21.5411 32.5952 -0)
(20.3048 30.9523 -0)
(19.1518 29.3895 -0)
(18.0749 27.9034 -0)
(17.0677 26.4907 -0)
(16.1244 25.1481 -0)
(15.2399 23.8724 -0)
(14.4097 22.6604 -0)
(13.6296 21.5092 -0)
(12.8959 20.4159 -0)
(12.2054 19.3775 -0)
(11.5549 18.3916 -0)
(10.9417 17.4554 -0)
(10.3634 16.5665 -0)
(9.8176 15.7226 -0)
(9.30223 14.9215 -0)
(8.81536 14.161 -0)
(8.35521 13.439 -0)
(7.92017 12.7536 -0)
(7.5087 12.103 -0)
(7.11941 11.4855 -0)
(6.75101 10.8993 -0)
(6.40229 10.3429 -0)
(6.0721 9.8147 -0)
(5.75941 9.31337 -0)
(5.46325 8.8375 -0)
(5.18267 8.38579 -0)
(4.91683 7.95703 -0)
(4.66493 7.55004 -0)
(209.004 10.3214 -0)
(204.562 30.1946 -0)
(196.274 47.9598 -0)
(185.126 62.7543 -0)
(172.217 74.2446 -0)
(158.542 82.5211 -0)
(144.878 87.9373 -0)
(131.763 90.9652 -0)
(119.52 92.0935 -0)
(108.307 91.7696 -0)
(98.172 90.3739 -0)
(89.0882 88.2146 -0)
(80.988 85.5329 -0)
(73.7846 82.513 -0)
(67.384 79.2926 -0)
(61.6939 75.973 -0)
(56.6285 72.6279 -0)
(52.1097 69.3094 -0)
(48.0679 66.0539 -0)
(44.4426 62.8866 -0)
(41.181 59.8236 -0)
(38.2372 56.8749 -0)
(35.572 54.046 -0)
(33.1514 51.3393 -0)
(30.9462 48.7544 -0)
(28.9313 46.2899 -0)
(27.0851 43.9428 -0)
(25.3889 41.7095 -0)
(23.8265 39.5862 -0)
(22.3839 37.5683 -0)
(21.0488 35.6514 -0)
(19.8107 33.8312 -0)
(18.6603 32.1031 -0)
(17.5893 30.4626 -0)
(16.5907 28.9057 -0)
(15.6581 27.4282 -0)
(14.7858 26.0261 -0)
(13.969 24.6957 -0)
(13.203 23.4333 -0)
(12.4841 22.2354 -0)
(11.8085 21.0988 -0)
(11.1732 20.0204 -0)
(10.5752 18.9972 -0)
(10.0118 18.0263 -0)
(9.4808 17.105 -0)
(8.97989 16.2309 -0)
(8.50714 15.4014 -0)
(8.06074 14.6143 -0)
(7.639 13.8675 -0)
(7.24041 13.1588 -0)
(6.86356 12.4862 -0)
(6.5071 11.848 -0)
(6.16987 11.2424 -0)
(5.85072 10.6677 -0)
(5.5486 10.1222 -0)
(5.26255 9.60459 -0)
(4.99166 9.11334 -0)
(4.73507 8.6471 -0)
(4.49199 8.20462 -0)
(4.26169 7.78465 -0)
(231.483 13.0926 -0)
(225.304 38.0445 -0)
(213.984 59.7181 -0)
(199.149 76.9797 -0)
(182.484 89.5947 -0)
(165.382 97.9479 -0)
(148.826 102.73 -0)
(133.405 104.709 -0)
(119.406 104.594 -0)
(106.908 102.98 -0)
(95.8688 100.339 -0)
(86.1757 97.0272 -0)
(77.6888 93.3074 -0)
(70.263 89.3682 -0)
(63.7587 85.3427 -0)
(58.0492 81.3225 -0)
(53.0233 77.37 -0)
(48.584 73.5257 -0)
(44.6482 69.8151 -0)
(41.1456 66.2534 -0)
(38.0161 62.848 -0)
(35.2091 59.6013 -0)
(32.6818 56.5123 -0)
(30.3978 53.5777 -0)
(28.3263 50.7927 -0)
(26.4411 48.1517 -0)
(24.7199 45.6484 -0)
(23.1436 43.2764 -0)
(21.6959 41.0294 -0)
(20.3627 38.901 -0)
(19.1318 36.8848 -0)
(17.9927 34.9751 -0)
(16.9362 33.1661 -0)
(15.9545 31.4523 -0)
(15.0405 29.8287 -0)
(14.1881 28.2903 -0)
(13.3918 26.8325 -0)
(12.647 25.451 -0)
(11.9494 24.1416 -0)
(11.2951 22.9003 -0)
(10.6809 21.7237 -0)
(10.1037 20.6082 -0)
(9.56072 19.5504 -0)
(9.04958 18.5475 -0)
(8.56801 17.5964 -0)
(8.11399 16.6944 -0)
(7.68569 15.8389 -0)
(7.28142 15.0275 -0)
(6.89963 14.2578 -0)
(6.53892 13.5277 -0)
(6.19797 12.8351 -0)
(5.87557 12.178 -0)
(5.57063 11.5546 -0)
(5.28211 10.9631 -0)
(5.00903 10.4019 -0)
(4.75053 9.86944 -0)
(4.50576 9.36417 -0)
(4.27394 8.88469 -0)
(4.05437 8.42969 -0)
(3.84636 7.99791 -0)
(260.141 17.097 -0)
(251.187 49.1723 -0)
(235.209 75.8879 -0)
(215.003 95.8509 -0)
(193.185 109.206 -0)
(171.678 116.945 -0)
(151.639 120.327 -0)
(133.626 120.546 -0)
(117.79 118.591 -0)
(104.052 115.217 -0)
(92.2193 110.974 -0)
(82.0567 106.248 -0)
(73.329 101.301 -0)
(65.8198 96.3097 -0)
(59.3383 91.3871 -0)
(53.7212 86.6043 -0)
(48.8316 82.0037 -0)
(44.5548 77.6081 -0)
(40.7956 73.4275 -0)
(37.4754 69.4639 -0)
(34.5288 65.7137 -0)
(31.9015 62.1699 -0)
(29.5484 58.8241 -0)
(27.4318 55.6665 -0)
(25.5201 52.687 -0)
(23.787 49.8757 -0)
(22.2099 47.2227 -0)
(20.7699 44.7184 -0)
(19.4509 42.3541 -0)
(18.2392 40.1212 -0)
(17.1229 38.0117 -0)
(16.092 36.0183 -0)
(15.1375 34.1338 -0)
(14.252 32.3519 -0)
(13.4287 30.6665 -0)
(12.6619 29.0718 -0)
(11.9465 27.5627 -0)
(11.2779 26.1341 -0)
(10.6524 24.7816 -0)
(10.0662 23.5007 -0)
(9.51634 22.2874 -0)
(8.99995 21.138 -0)
(8.5145 20.0489 -0)
(8.05777 19.0169 -0)
(7.62769 18.0387 -0)
(7.2224 17.1114 -0)
(6.84023 16.2324 -0)
(6.47964 15.3989 -0)
(6.13921 14.6086 -0)
(5.81767 13.8592 -0)
(5.51384 13.1484 -0)
(5.22661 12.4743 -0)
(4.95499 11.8349 -0)
(4.69805 11.2283 -0)
(4.45491 10.6529 -0)
(4.22478 10.1071 -0)
(4.00691 9.58918 -0)
(3.8006 9.09779 -0)
(3.60521 8.63156 -0)
(3.42012 8.18915 -0)
(297.752 23.2198 -0)
(284.095 65.66 -0)
(260.663 98.8105 -0)
(232.467 121.33 -0)
(203.577 134.434 -0)
(176.503 140.298 -0)
(152.428 141.086 -0)
(131.67 138.558 -0)
(114.077 134.008 -0)
(99.2914 128.324 -0)
(86.8993 122.093 -0)
(76.5027 115.688 -0)
(67.751 109.339 -0)
(60.3491 103.182 -0)
(54.0534 97.2917 -0)
(48.6659 91.704 -0)
(44.0271 86.4324 -0)
(40.0079 81.4754 -0)
(36.5042 76.823 -0)
(33.4318 72.461 -0)
(30.7222 68.3727 -0)
(28.3196 64.5406 -0)
(26.1784 60.9477 -0)
(24.2608 57.5771 -0)
(22.5355 54.4132 -0)
(20.9768 51.4414 -0)
(19.5627 48.6481 -0)
(18.2752 46.0205 -0)
(17.0987 43.5474 -0)
(16.0203 41.218 -0)
(15.0289 39.0226 -0)
(14.1148 36.9524 -0)
(13.2699 34.999 -0)
(12.4872 33.155 -0)
(11.7604 31.4134 -0)
(11.0843 29.7678 -0)
(10.4542 28.2122 -0)
(9.86594 26.7413 -0)
(9.31596 25.35 -0)
(8.80101 24.0334 -0)
(8.31829 22.7873 -0)
(7.86524 21.6076 -0)
(7.43959 20.4905 -0)
(7.03932 19.4324 -0)
(6.66258 18.43 -0)
(6.3077 17.4802 -0)
(5.9732 16.5802 -0)
(5.65768 15.7272 -0)
(5.3599 14.9185 -0)
(5.07873 14.152 -0)
(4.8131 13.4251 -0)
(4.56204 12.7359 -0)
(4.32468 12.0823 -0)
(4.10018 11.4624 -0)
(3.88778 10.8744 -0)
(3.68677 10.3167 -0)
(3.4965 9.78767 -0)
(3.31634 9.28576 -0)
(3.14573 8.80959 -0)
(2.98414 8.3578 -0)
(349.021 33.3422 -0)
(326.779 91.4381 -0)
(290.88 132.365 -0)
(250.627 156.225 -0)
(212.154 166.904 -0)
(178.329 168.729 -0)
(149.899 165.161 -0)
(126.548 158.594 -0)
(107.556 150.558 -0)
(92.1372 141.977 -0)
(79.5835 133.385 -0)
(69.3034 125.073 -0)
(60.8232 117.187 -0)
(53.7719 109.789 -0)
(47.8599 102.893 -0)
(42.8619 96.4878 -0)
(38.6029 90.5467 -0)
(34.9454 85.038 -0)
(31.7812 79.9282 -0)
(29.0251 75.1845 -0)
(26.6084 70.7755 -0)
(24.4764 66.6724 -0)
(22.5848 62.8489 -0)
(20.8973 59.2811 -0)
(19.3844 55.9474 -0)
(18.0217 52.8288 -0)
(16.789 49.9076 -0)
(15.6692 47.1683 -0)
(14.6484 44.5969 -0)
(13.7145 42.1808 -0)
(12.8573 39.9084 -0)
(12.0683 37.7696 -0)
(11.3401 35.7549 -0)
(10.6663 33.8557 -0)
(10.0415 32.0643 -0)
(9.46074 30.3737 -0)
(8.92 28.7772 -0)
(8.41564 27.269 -0)
(7.94443 25.8435 -0)
(7.50355 24.4957 -0)
(7.09052 23.2208 -0)
(6.70309 22.0146 -0)
(6.33927 20.8729 -0)
(5.9973 19.7922 -0)
(5.67557 18.7687 -0)
(5.37261 17.7994 -0)
(5.08714 16.8811 -0)
(4.81796 16.011 -0)
(4.56398 15.1865 -0)
(4.32422 14.405 -0)
(4.09776 13.6642 -0)
(3.88377 12.9618 -0)
(3.68149 12.2959 -0)
(3.4902 11.6645 -0)
(3.30924 11.0657 -0)
(3.13801 10.4977 -0)
(2.97595 9.95901 -0)
(2.82252 9.448 -0)
(2.67723 8.96324 -0)
(2.53964 8.50334 -0)
(422.532 52.0523 -0)
(383.118 134.384 -0)
(325.449 182.985 -0)
(267.006 204.298 -0)
(216.082 208.226 -0)
(174.76 202.554 -0)
(142.292 192.233 -0)
(117.067 180.098 -0)
(97.4607 167.653 -0)
(82.1186 155.643 -0)
(69.9945 144.398 -0)
(60.3039 134.031 -0)
(52.4669 124.545 -0)
(46.0557 115.893 -0)
(40.7524 108.005 -0)
(36.3193 100.807 -0)
(32.5772 94.2284 -0)
(29.3895 88.2017 -0)
(26.6506 82.6674 -0)
(24.2789 77.5731 -0)
(22.2101 72.8724 -0)
(20.393 68.5245 -0)
(18.7871 64.4943 -0)
(17.3594 60.7508 -0)
(16.0832 57.2667 -0)
(14.9368 54.0185 -0)
(13.9023 50.9852 -0)
(12.9645 48.1482 -0)
(12.1112 45.4912 -0)
(11.3318 42.9998 -0)
(10.6177 40.6608 -0)
(9.96116 38.4627 -0)
(9.35598 36.3952 -0)
(8.79661 34.4486 -0)
(8.27838 32.6146 -0)
(7.7972 30.8854 -0)
(7.3495 29.2539 -0)
(6.93222 27.7139 -0)
(6.54262 26.2594 -0)
(6.1783 24.885 -0)
(5.83718 23.5857 -0)
(5.51736 22.357 -0)
(5.21715 21.1946 -0)
(4.93508 20.0946 -0)
(4.66979 19.0533 -0)
(4.42007 18.0674 -0)
(4.18482 17.1337 -0)
(3.96306 16.2493 -0)
(3.75386 15.4113 -0)
(3.55642 14.6173 -0)
(3.36997 13.8648 -0)
(3.19381 13.1514 -0)
(3.02732 12.4752 -0)
(2.86989 11.834 -0)
(2.72099 11.226 -0)
(2.58011 10.6495 -0)
(2.44678 10.1027 -0)
(2.32056 9.584 -0)
(2.20106 9.09202 -0)
(2.08789 8.62532 -0)
(535.456 92.5354 -0)
(457.711 211.06 -0)
(360.793 260.895 -0)
(275.868 269.756 -0)
(210.409 259.15 -0)
(162.336 241.025 -0)
(127.444 221.121 -0)
(101.968 201.911 -0)
(83.101 184.312 -0)
(68.8827 168.543 -0)
(57.972 154.533 -0)
(49.4508 142.108 -0)
(42.6851 131.07 -0)
(37.2317 121.232 -0)
(32.7747 112.426 -0)
(29.0857 104.508 -0)
(25.9973 97.3578 -0)
(23.3846 90.8727 -0)
(21.1529 84.9668 -0)
(19.23 79.5683 -0)
(17.5599 74.6162 -0)
(16.0985 70.059 -0)
(14.8111 65.8531 -0)
(13.6698 61.9609 -0)
(12.6523 58.3502 -0)
(11.7402 54.9934 -0)
(10.9187 51.8664 -0)
(10.1754 48.948 -0)
(9.50001 46.22 -0)
(8.88408 43.6663 -0)
(8.32032 41.2722 -0)
(7.8027 39.0254 -0)
(7.326 36.9144 -0)
(6.88578 34.9289 -0)
(6.47827 33.06 -0)
(6.10016 31.2993 -0)
(5.7486 29.6393 -0)
(5.42111 28.0733 -0)
(5.11551 26.5952 -0)
(4.82988 25.1991 -0)
(4.56254 23.88 -0)
(4.312 22.633 -0)
(4.0769 21.4538 -0)
(3.85608 20.3382 -0)
(3.64845 19.2826 -0)
(3.45305 18.2833 -0)
(3.26903 17.3371 -0)
(3.09558 16.4411 -0)
(2.932 15.5923 -0)
(2.77763 14.7881 -0)
(2.63188 14.0261 -0)
(2.4942 13.3039 -0)
(2.36408 12.6193 -0)
(2.24106 11.9703 -0)
(2.12472 11.355 -0)
(2.01465 10.7715 -0)
(1.91049 10.2181 -0)
(1.8119 9.69332 -0)
(1.71856 9.19555 -0)
(1.63016 8.72336 -0)
(726.13 199.567 -0)
(551.479 356.43 -0)
(384.145 379.782 -0)
(265.261 354.684 -0)
(187.351 317.593 -0)
(136.731 281.277 -0)
(103.178 249.314 -0)
(80.2579 222.115 -0)
(64.0919 199.142 -0)
(52.3391 179.683 -0)
(43.5596 163.083 -0)
(36.8414 148.798 -0)
(31.5909 136.397 -0)
(27.4109 125.539 -0)
(24.0285 115.958 -0)
(21.2513 107.442 -0)
(18.9416 99.8223 -0)
(16.9984 92.9644 -0)
(15.3462 86.7589 -0)
(13.9283 81.117 -0)
(12.7008 75.9652 -0)
(11.6299 71.2424 -0)
(10.6888 66.8982 -0)
(9.85645 62.8895 -0)
(9.11572 59.1799 -0)
(8.45292 55.7386 -0)
(7.85681 52.5389 -0)
(7.31816 49.5575 -0)
(6.82936 46.7747 -0)
(6.38403 44.1729 -0)
(5.97681 41.7366 -0)
(5.60323 39.4523 -0)
(5.25945 37.308 -0)
(4.9422 35.2927 -0)
(4.6487 33.3971 -0)
(4.37652 31.6124 -0)
(4.12358 29.9307 -0)
(3.88806 28.345 -0)
(3.66838 26.8488 -0)
(3.46312 25.4363 -0)
(3.27108 24.1022 -0)
(3.09114 22.8414 -0)
(2.92235 21.6493 -0)
(2.76384 20.522 -0)
(2.61484 19.4554 -0)
(2.47464 18.446 -0)
(2.34262 17.4905 -0)
(2.21822 16.5857 -0)
(2.1009 15.7287 -0)
(1.99021 14.9169 -0)
(1.88571 14.1477 -0)
(1.787 13.4187 -0)
(1.69372 12.7279 -0)
(1.60554 12.073 -0)
(1.52215 11.452 -0)
(1.44327 10.8633 -0)
(1.36863 10.3051 -0)
(1.29797 9.77563 -0)
(1.23108 9.27348 -0)
(1.16775 8.79716 -0)
(1091.45 548.854 -0)
(637.927 635.306 -0)
(359.047 547.113 -0)
(213.68 451.601 -0)
(137.003 375.261 -0)
(94.0576 317.175 -0)
(68.2809 272.745 -0)
(51.7949 238.09 -0)
(40.6695 210.459 -0)
(32.8231 187.966 -0)
(27.0862 169.317 -0)
(22.7646 153.604 -0)
(19.4265 140.179 -0)
(16.7931 128.57 -0)
(14.6771 118.426 -0)
(12.9497 109.479 -0)
(11.5197 101.525 -0)
(10.3212 94.4035 -0)
(9.30551 87.9876 -0)
(8.43616 82.1756 -0)
(7.68533 76.8849 -0)
(7.03155 72.0475 -0)
(6.45804 67.6078 -0)
(5.95152 63.5189 -0)
(5.50137 59.7414 -0)
(5.09903 56.2423 -0)
(4.73756 52.9928 -0)
(4.41122 49.9685 -0)
(4.11532 47.1484 -0)
(3.84593 44.5139 -0)
(3.59975 42.0489 -0)
(3.37404 39.7393 -0)
(3.16643 37.5724 -0)
(2.97494 35.5371 -0)
(2.79785 33.6234 -0)
(2.6337 31.8224 -0)
(2.48119 30.1261 -0)
(2.33924 28.5271 -0)
(2.20686 27.0188 -0)
(2.0832 25.5953 -0)
(1.96753 24.251 -0)
(1.85918 22.9808 -0)
(1.75755 21.7803 -0)
(1.66214 20.645 -0)
(1.57245 19.5711 -0)
(1.48808 18.5549 -0)
(1.40864 17.593 -0)
(1.33379 16.6823 -0)
(1.26321 15.8199 -0)
(1.19662 15.0029 -0)
(1.13376 14.229 -0)
(1.07438 13.4955 -0)
(1.01828 12.8004 -0)
(0.965252 12.1416 -0)
(0.915103 11.517 -0)
(0.867666 10.9248 -0)
(0.82278 10.3632 -0)
(0.780296 9.83064 -0)
(0.740078 9.32557 -0)
(0.701996 8.84649 -0)
(1910.28 1909.4 -0)
(549.737 1088.83 -0)
(200.442 721.762 -0)
(93.4109 529.345 -0)
(52.9267 414.674 -0)
(34.2161 339.417 -0)
(24.094 286.401 -0)
(17.9716 247.042 -0)
(13.968 216.635 -0)
(11.1979 192.405 -0)
(9.19776 172.614 -0)
(7.70412 156.121 -0)
(6.55774 142.146 -0)
(5.65766 130.137 -0)
(4.93715 119.695 -0)
(4.35069 110.523 -0)
(3.86638 102.395 -0)
(3.46127 95.1371 -0)
(3.1185 88.6125 -0)
(2.82552 82.713 -0)
(2.57279 77.351 -0)
(2.35295 72.4549 -0)
(2.16027 67.9665 -0)
(1.99022 63.8367 -0)
(1.8392 60.0247 -0)
(1.7043 56.4962 -0)
(1.58316 53.2215 -0)
(1.47385 50.1755 -0)
(1.37477 47.3364 -0)
(1.2846 44.6855 -0)
(1.20223 42.2059 -0)
(1.12673 39.8835 -0)
(1.0573 37.7052 -0)
(0.993276 35.6597 -0)
(0.934081 33.737 -0)
(0.879218 31.9279 -0)
(0.828258 30.2241 -0)
(0.780829 28.6184 -0)
(0.736607 27.1041 -0)
(0.695305 25.6749 -0)
(0.656673 24.3256 -0)
(0.620489 23.0508 -0)
(0.586555 21.8459 -0)
(0.554695 20.7067 -0)
(0.524753 19.6291 -0)
(0.496585 18.6095 -0)
(0.470067 17.6444 -0)
(0.44508 16.7308 -0)
(0.421521 15.8656 -0)
(0.399295 15.0461 -0)
(0.378314 14.2697 -0)
(0.358499 13.534 -0)
(0.339776 12.8368 -0)
(0.322078 12.176 -0)
(0.305342 11.5495 -0)
(0.289512 10.9555 -0)
(0.274533 10.3923 -0)
(0.260356 9.85819 -0)
(0.246935 9.35165 -0)
(0.234227 8.8712 -0)
)
;

boundaryField
{
    topWall
    {
        type            extrapolatedCalculated;
        value           nonuniform List<vector> 
60
(
(1910.28 2999.54 -0)
(549.737 1359.26 -0)
(200.442 800.637 -0)
(93.4109 557.504 -0)
(52.9267 427.001 -0)
(34.2161 345.801 -0)
(24.094 290.139 -0)
(17.9716 249.427 -0)
(13.968 218.254 -0)
(11.1979 193.556 -0)
(9.19776 173.463 -0)
(7.70412 156.766 -0)
(6.55774 142.647 -0)
(5.65766 130.536 -0)
(4.93715 120.017 -0)
(4.35069 110.787 -0)
(3.86638 102.615 -0)
(3.46127 95.3222 -0)
(3.1185 88.7701 -0)
(2.82552 82.8484 -0)
(2.57279 77.4683 -0)
(2.35295 72.5574 -0)
(2.16027 68.0567 -0)
(1.99022 63.9166 -0)
(1.8392 60.0959 -0)
(1.7043 56.5599 -0)
(1.58316 53.2789 -0)
(1.47385 50.2274 -0)
(1.37477 47.3836 -0)
(1.2846 44.7285 -0)
(1.20223 42.2453 -0)
(1.12673 39.9196 -0)
(1.0573 37.7385 -0)
(0.993276 35.6905 -0)
(0.934081 33.7655 -0)
(0.879218 31.9543 -0)
(0.828258 30.2486 -0)
(0.780829 28.6413 -0)
(0.736607 27.1254 -0)
(0.695305 25.6949 -0)
(0.656673 24.3442 -0)
(0.620489 23.0683 -0)
(0.586555 21.8623 -0)
(0.554695 20.7221 -0)
(0.524753 19.6436 -0)
(0.496585 18.6231 -0)
(0.470067 17.6573 -0)
(0.44508 16.7429 -0)
(0.421521 15.877 -0)
(0.399295 15.0569 -0)
(0.378314 14.2799 -0)
(0.358499 13.5436 -0)
(0.339776 12.8459 -0)
(0.322078 12.1846 -0)
(0.305342 11.5576 -0)
(0.289512 10.9632 -0)
(0.274533 10.3996 -0)
(0.260356 9.86509 -0)
(0.246935 9.35818 -0)
(0.234227 8.87738 -0)
)
;
    }
    leftWall
    {
        type            extrapolatedCalculated;
        value           nonuniform List<vector> 
60
(
(3000.43 -1909.42 -0)
(1361.87 -548.859 -0)
(805.001 -199.565 -0)
(563.615 -92.5358 -0)
(434.858 -52.0525 -0)
(355.405 -33.3421 -0)
(301.49 -23.2198 -0)
(262.526 -17.097 -0)
(233.103 -13.0926 -0)
(210.156 -10.3214 -0)
(191.817 -8.31963 -0)
(176.878 -6.82384 -0)
(164.522 -5.67465 -0)
(154.179 -4.77098 -0)
(145.438 -4.04599 -0)
(137.995 -3.45398 -0)
(131.622 -2.96291 -0)
(126.143 -2.54963 -0)
(121.423 -2.19712 -0)
(117.355 -1.89261 -0)
(113.853 -1.6263 -0)
(110.85 -1.39059 -0)
(108.291 -1.17946 -0)
(106.132 -0.988048 -0)
(104.338 -0.812385 -0)
(102.882 -0.649162 -0)
(101.742 -0.495546 -0)
(100.9 -0.349064 -0)
(100.346 -0.207514 -0)
(100.07 -0.0688551 -0)
(100.07 0.0688551 -0)
(100.346 0.207514 -0)
(100.9 0.349064 -0)
(101.742 0.495546 -0)
(102.882 0.649162 -0)
(104.338 0.812385 -0)
(106.132 0.988048 -0)
(108.291 1.17946 -0)
(110.85 1.39059 -0)
(113.853 1.6263 -0)
(117.355 1.89261 -0)
(121.423 2.19712 -0)
(126.143 2.54963 -0)
(131.622 2.96291 -0)
(137.995 3.45398 -0)
(145.438 4.04599 -0)
(154.179 4.77098 -0)
(164.522 5.67465 -0)
(176.878 6.82384 -0)
(191.817 8.31963 -0)
(210.156 10.3214 -0)
(233.103 13.0926 -0)
(262.526 17.097 -0)
(301.49 23.2198 -0)
(355.406 33.3422 -0)
(434.858 52.0523 -0)
(563.613 92.5354 -0)
(805.003 199.567 -0)
(1361.88 548.854 -0)
(3000.39 1909.4 -0)
)
;
    }
    bottomWall
    {
        type            extrapolatedCalculated;
        value           nonuniform List<vector> 
60
(
(1910.29 -2999.56 -0)
(549.732 -1359.25 -0)
(200.438 -800.636 -0)
(93.4089 -557.503 -0)
(52.9256 -427.001 -0)
(34.2155 -345.801 -0)
(24.0936 -290.139 -0)
(17.9713 -249.427 -0)
(13.9677 -218.254 -0)
(11.1977 -193.556 -0)
(9.1976 -173.463 -0)
(7.70398 -156.766 -0)
(6.55762 -142.647 -0)
(5.65755 -130.536 -0)
(4.93706 -120.017 -0)
(4.35062 -110.787 -0)
(3.86631 -102.615 -0)
(3.4612 -95.3222 -0)
(3.11844 -88.7701 -0)
(2.82547 -82.8484 -0)
(2.57275 -77.4683 -0)
(2.35291 -72.5574 -0)
(2.16023 -68.0567 -0)
(1.99019 -63.9166 -0)
(1.83917 -60.0959 -0)
(1.70427 -56.5599 -0)
(1.58313 -53.2789 -0)
(1.47382 -50.2274 -0)
(1.37475 -47.3836 -0)
(1.28458 -44.7285 -0)
(1.20221 -42.2453 -0)
(1.12671 -39.9196 -0)
(1.05728 -37.7385 -0)
(0.993258 -35.6905 -0)
(0.934064 -33.7655 -0)
(0.879202 -31.9543 -0)
(0.828243 -30.2486 -0)
(0.780815 -28.6413 -0)
(0.736594 -27.1254 -0)
(0.695292 -25.6949 -0)
(0.656661 -24.3442 -0)
(0.620478 -23.0683 -0)
(0.586544 -21.8623 -0)
(0.554685 -20.7221 -0)
(0.524744 -19.6436 -0)
(0.496577 -18.6231 -0)
(0.470058 -17.6573 -0)
(0.445072 -16.7429 -0)
(0.421514 -15.877 -0)
(0.399288 -15.0569 -0)
(0.378308 -14.2799 -0)
(0.358492 -13.5436 -0)
(0.33977 -12.8459 -0)
(0.322072 -12.1846 -0)
(0.305337 -11.5576 -0)
(0.289507 -10.9632 -0)
(0.274528 -10.3996 -0)
(0.260351 -9.86509 -0)
(0.246931 -9.35818 -0)
(0.234223 -8.87738 -0)
)
;
    }
    frontAndBack
    {
        type            empty;
    }
    air_to_solid
    {
        type            extrapolatedCalculated;
        value           nonuniform List<vector> 
60
(
(0.228042 -8.8712 -0)
(0.683472 -8.84649 -0)
(1.13694 -8.79716 -0)
(1.58716 -8.72336 -0)
(2.03284 -8.62532 -0)
(2.47271 -8.50334 -0)
(2.90553 -8.3578 -0)
(3.33008 -8.18915 -0)
(3.74516 -7.99791 -0)
(4.14963 -7.78465 -0)
(4.54237 -7.55004 -0)
(4.92229 -7.29476 -0)
(5.28838 -7.01957 -0)
(5.63964 -6.72531 -0)
(5.97513 -6.41281 -0)
(6.29399 -6.08298 -0)
(6.59535 -5.73678 -0)
(6.87845 -5.37519 -0)
(7.14257 -4.99921 -0)
(7.38702 -4.60992 -0)
(7.6112 -4.20838 -0)
(7.81455 -3.79567 -0)
(7.99656 -3.37295 -0)
(8.1568 -2.94134 -0)
(8.29486 -2.50198 -0)
(8.41043 -2.05607 -0)
(8.50321 -1.60477 -0)
(8.57299 -1.14926 -0)
(8.6196 -0.690763 -0)
(8.64293 -0.230459 -0)
(8.64293 0.230459 -0)
(8.6196 0.690763 -0)
(8.57299 1.14926 -0)
(8.50321 1.60477 -0)
(8.41043 2.05607 -0)
(8.29486 2.50198 -0)
(8.1568 2.94134 -0)
(7.99656 3.37295 -0)
(7.81455 3.79567 -0)
(7.6112 4.20838 -0)
(7.38702 4.60992 -0)
(7.14257 4.99921 -0)
(6.87845 5.37519 -0)
(6.59535 5.73678 -0)
(6.29399 6.08298 -0)
(5.97513 6.41281 -0)
(5.63964 6.72531 -0)
(5.28838 7.01957 -0)
(4.92229 7.29476 -0)
(4.54237 7.55004 -0)
(4.14963 7.78465 -0)
(3.74516 7.99791 -0)
(3.33008 8.18915 -0)
(2.90553 8.3578 -0)
(2.47271 8.50334 -0)
(2.03284 8.62532 -0)
(1.58717 8.72336 -0)
(1.13694 8.79716 -0)
(0.683472 8.84649 -0)
(0.228047 8.8712 -0)
)
;
    }
}


// ************************************************************************* //
