/*--------------------------------*- C++ -*----------------------------------*\
  =========                 |
  \\      /  F ield         | OpenFOAM: The Open Source CFD Toolbox
   \\    /   O peration     | Website:  https://openfoam.org
    \\  /    A nd           | Version:  7
     \\/     M anipulation  |
\*---------------------------------------------------------------------------*/
FoamFile
{
    version     2.0;
    format      ascii;
    class       volVectorField;
    location    "0.01/solid";
    object      qAir;
}
// * * * * * * * * * * * * * * * * * * * * * * * * * * * * * * * * * * * * * //

dimensions      [0 -1 0 1 0 0 0];

internalField   nonuniform List<vector> 
3600
(
(0.222187 -8.41539 -0)
(0.210789 -7.98308 -0)
(0.199991 -7.57292 -0)
(0.189757 -7.18365 -0)
(0.180063 -6.81439 -0)
(0.170876 -6.46397 -0)
(0.162167 -6.13133 -0)
(0.153916 -5.81573 -0)
(0.146095 -5.51616 -0)
(0.138679 -5.23173 -0)
(0.131653 -4.9618 -0)
(0.124992 -4.70554 -0)
(0.118677 -4.46216 -0)
(0.112693 -4.23113 -0)
(0.107021 -4.01174 -0)
(0.101644 -3.80333 -0)
(0.09655 -3.60543 -0)
(0.0917224 -3.41743 -0)
(0.0871465 -3.23877 -0)
(0.0828124 -3.06907 -0)
(0.0787067 -2.90779 -0)
(0.0748166 -2.75444 -0)
(0.0711337 -2.60871 -0)
(0.0676466 -2.47013 -0)
(0.0643446 -2.3383 -0)
(0.0612205 -2.21292 -0)
(0.0582647 -2.09361 -0)
(0.0554683 -1.98001 -0)
(0.052825 -1.87188 -0)
(0.0503269 -1.76888 -0)
(0.0479663 -1.6707 -0)
(0.045738 -1.57713 -0)
(0.0436353 -1.48789 -0)
(0.0416518 -1.4027 -0)
(0.0397832 -1.32139 -0)
(0.0380238 -1.2437 -0)
(0.0363681 -1.16939 -0)
(0.0348128 -1.09832 -0)
(0.0333529 -1.03025 -0)
(0.0319841 -0.964991 -0)
(0.0307034 -0.902396 -0)
(0.0295069 -0.842274 -0)
(0.028391 -0.784444 -0)
(0.0273532 -0.728782 -0)
(0.0263905 -0.675117 -0)
(0.0254998 -0.623288 -0)
(0.0246793 -0.573183 -0)
(0.0239265 -0.524648 -0)
(0.0232391 -0.477538 -0)
(0.0226156 -0.431751 -0)
(0.022054 -0.387147 -0)
(0.0215528 -0.343591 -0)
(0.0211108 -0.30099 -0)
(0.0207267 -0.259214 -0)
(0.0203993 -0.218136 -0)
(0.0201279 -0.177669 -0)
(0.0199116 -0.137688 -0)
(0.0197499 -0.0980734 -0)
(0.0196424 -0.0587391 -0)
(0.0195887 -0.0195657 -0)
(0.665925 -8.39199 -0)
(0.631765 -7.96091 -0)
(0.599404 -7.55192 -0)
(0.568734 -7.16375 -0)
(0.53968 -6.79553 -0)
(0.512148 -6.44611 -0)
(0.486047 -6.1144 -0)
(0.461316 -5.79967 -0)
(0.437876 -5.50095 -0)
(0.415651 -5.21731 -0)
(0.394591 -4.94813 -0)
(0.374629 -4.69258 -0)
(0.355701 -4.44988 -0)
(0.337766 -4.21949 -0)
(0.320768 -4.00071 -0)
(0.304652 -3.79287 -0)
(0.289383 -3.59552 -0)
(0.274913 -3.40804 -0)
(0.261199 -3.22988 -0)
(0.248209 -3.06064 -0)
(0.235903 -2.8998 -0)
(0.224243 -2.74688 -0)
(0.213205 -2.60155 -0)
(0.202753 -2.46335 -0)
(0.192856 -2.33188 -0)
(0.183493 -2.20685 -0)
(0.174634 -2.08787 -0)
(0.166252 -1.97458 -0)
(0.15833 -1.86674 -0)
(0.150842 -1.76403 -0)
(0.143767 -1.66612 -0)
(0.137088 -1.57281 -0)
(0.130786 -1.48381 -0)
(0.124841 -1.39886 -0)
(0.11924 -1.31777 -0)
(0.113967 -1.24029 -0)
(0.109004 -1.16619 -0)
(0.104343 -1.09531 -0)
(0.099967 -1.02743 -0)
(0.0958643 -0.962345 -0)
(0.0920257 -0.899922 -0)
(0.0884395 -0.839965 -0)
(0.0850949 -0.782293 -0)
(0.0819845 -0.726784 -0)
(0.0790989 -0.673266 -0)
(0.0764294 -0.621579 -0)
(0.0739702 -0.571611 -0)
(0.0717139 -0.52321 -0)
(0.0696534 -0.476229 -0)
(0.0677846 -0.430567 -0)
(0.0661015 -0.386085 -0)
(0.0645992 -0.342649 -0)
(0.0632744 -0.300165 -0)
(0.0621231 -0.258504 -0)
(0.0611418 -0.217539 -0)
(0.0603283 -0.177182 -0)
(0.0596802 -0.137311 -0)
(0.0591955 -0.0978046 -0)
(0.0588732 -0.0585781 -0)
(0.0587123 -0.0195121 -0)
(1.10776 -8.34527 -0)
(1.05094 -7.91665 -0)
(0.997118 -7.50999 -0)
(0.946103 -7.12401 -0)
(0.897777 -6.75788 -0)
(0.85198 -6.41042 -0)
(0.808563 -6.08058 -0)
(0.767425 -5.76762 -0)
(0.728434 -5.47056 -0)
(0.691464 -5.18851 -0)
(0.656431 -4.92083 -0)
(0.623224 -4.66671 -0)
(0.591739 -4.42535 -0)
(0.561904 -4.19625 -0)
(0.533626 -3.97868 -0)
(0.506816 -3.77199 -0)
(0.481416 -3.57573 -0)
(0.457345 -3.38929 -0)
(0.43453 -3.21211 -0)
(0.41292 -3.0438 -0)
(0.392449 -2.88386 -0)
(0.373052 -2.73178 -0)
(0.354689 -2.58725 -0)
(0.337302 -2.44981 -0)
(0.320838 -2.31907 -0)
(0.305261 -2.19472 -0)
(0.290523 -2.07639 -0)
(0.276579 -1.96373 -0)
(0.263399 -1.85649 -0)
(0.250943 -1.75433 -0)
(0.239173 -1.65697 -0)
(0.228062 -1.56417 -0)
(0.217578 -1.47566 -0)
(0.207687 -1.39118 -0)
(0.19837 -1.31053 -0)
(0.189597 -1.23348 -0)
(0.181342 -1.15978 -0)
(0.173586 -1.08929 -0)
(0.166307 -1.02178 -0)
(0.159482 -0.957061 -0)
(0.153096 -0.894981 -0)
(0.14713 -0.835353 -0)
(0.141565 -0.777998 -0)
(0.136391 -0.722794 -0)
(0.13159 -0.66957 -0)
(0.127149 -0.618166 -0)
(0.123058 -0.568473 -0)
(0.119305 -0.520337 -0)
(0.115877 -0.473614 -0)
(0.112768 -0.428203 -0)
(0.109968 -0.383966 -0)
(0.107469 -0.340768 -0)
(0.105265 -0.298517 -0)
(0.103349 -0.257084 -0)
(0.101717 -0.216344 -0)
(0.100363 -0.176209 -0)
(0.0992851 -0.136557 -0)
(0.0984788 -0.0972676 -0)
(0.0979426 -0.0582565 -0)
(0.0976749 -0.019405 -0)
(1.54643 -8.27536 -0)
(1.46713 -7.85043 -0)
(1.39201 -7.44724 -0)
(1.3208 -7.06456 -0)
(1.25335 -6.70154 -0)
(1.18942 -6.35703 -0)
(1.12881 -6.02997 -0)
(1.07139 -5.71965 -0)
(1.01696 -5.4251 -0)
(0.965351 -5.14541 -0)
(0.916446 -4.87998 -0)
(0.87009 -4.62798 -0)
(0.826136 -4.38865 -0)
(0.784485 -4.16146 -0)
(0.745008 -3.9457 -0)
(0.70758 -3.74074 -0)
(0.67212 -3.54611 -0)
(0.638515 -3.36122 -0)
(0.606664 -3.18552 -0)
(0.576494 -3.01861 -0)
(0.547914 -2.85999 -0)
(0.520835 -2.70918 -0)
(0.495197 -2.56584 -0)
(0.470923 -2.42955 -0)
(0.447937 -2.29989 -0)
(0.426189 -2.17657 -0)
(0.405614 -2.05922 -0)
(0.386146 -1.94749 -0)
(0.367746 -1.84114 -0)
(0.350355 -1.73983 -0)
(0.333922 -1.64327 -0)
(0.31841 -1.55124 -0)
(0.303772 -1.46347 -0)
(0.289964 -1.37968 -0)
(0.276956 -1.2997 -0)
(0.264707 -1.22328 -0)
(0.253182 -1.1502 -0)
(0.242354 -1.08029 -0)
(0.232191 -1.01334 -0)
(0.222662 -0.949153 -0)
(0.213746 -0.887586 -0)
(0.205416 -0.828451 -0)
(0.197648 -0.77157 -0)
(0.190424 -0.716822 -0)
(0.183721 -0.664038 -0)
(0.177521 -0.613059 -0)
(0.171809 -0.563776 -0)
(0.166568 -0.516038 -0)
(0.161783 -0.469701 -0)
(0.157442 -0.424666 -0)
(0.153533 -0.380794 -0)
(0.150043 -0.337953 -0)
(0.146966 -0.296051 -0)
(0.144292 -0.254961 -0)
(0.142013 -0.214557 -0)
(0.140123 -0.174754 -0)
(0.138618 -0.135429 -0)
(0.137492 -0.0964641 -0)
(0.136744 -0.0577752 -0)
(0.13637 -0.0192447 -0)
(1.98069 -8.18249 -0)
(1.87915 -7.76245 -0)
(1.78295 -7.36388 -0)
(1.69177 -6.98557 -0)
(1.60538 -6.62668 -0)
(1.52352 -6.28608 -0)
(1.4459 -5.96273 -0)
(1.37236 -5.65592 -0)
(1.30265 -5.36468 -0)
(1.23655 -5.08815 -0)
(1.17391 -4.8257 -0)
(1.11454 -4.57653 -0)
(1.05824 -4.33987 -0)
(1.00489 -4.11522 -0)
(0.954328 -3.90188 -0)
(0.906388 -3.69921 -0)
(0.860966 -3.50675 -0)
(0.817923 -3.32393 -0)
(0.777123 -3.15018 -0)
(0.738479 -2.98513 -0)
(0.70187 -2.82828 -0)
(0.667183 -2.67914 -0)
(0.634343 -2.5374 -0)
(0.603248 -2.40262 -0)
(0.573804 -2.2744 -0)
(0.545946 -2.15245 -0)
(0.519589 -2.03641 -0)
(0.494652 -1.92592 -0)
(0.471082 -1.82074 -0)
(0.448805 -1.72056 -0)
(0.427754 -1.62507 -0)
(0.407884 -1.53406 -0)
(0.389133 -1.44726 -0)
(0.371445 -1.3644 -0)
(0.354781 -1.2853 -0)
(0.339091 -1.20973 -0)
(0.324327 -1.13746 -0)
(0.310456 -1.06833 -0)
(0.297438 -1.00212 -0)
(0.285231 -0.938643 -0)
(0.27381 -0.877757 -0)
(0.26314 -0.819277 -0)
(0.253188 -0.763027 -0)
(0.243934 -0.708885 -0)
(0.235348 -0.656686 -0)
(0.227406 -0.606271 -0)
(0.220089 -0.557534 -0)
(0.213375 -0.510325 -0)
(0.207245 -0.464501 -0)
(0.201684 -0.419964 -0)
(0.196677 -0.376578 -0)
(0.192207 -0.334211 -0)
(0.188265 -0.292773 -0)
(0.184839 -0.252138 -0)
(0.18192 -0.212182 -0)
(0.179499 -0.172819 -0)
(0.177571 -0.13393 -0)
(0.176129 -0.0953961 -0)
(0.17517 -0.0571356 -0)
(0.174691 -0.0190316 -0)
(2.40929 -8.06695 -0)
(2.28583 -7.65297 -0)
(2.16885 -7.26015 -0)
(2.05796 -6.88727 -0)
(1.95291 -6.53352 -0)
(1.85334 -6.19779 -0)
(1.75894 -5.87904 -0)
(1.66949 -5.57659 -0)
(1.5847 -5.28949 -0)
(1.50431 -5.01687 -0)
(1.42812 -4.75814 -0)
(1.35589 -4.51248 -0)
(1.28741 -4.27916 -0)
(1.22252 -4.05768 -0)
(1.16101 -3.84734 -0)
(1.10269 -3.64751 -0)
(1.04744 -3.45776 -0)
(0.995073 -3.2775 -0)
(0.94544 -3.10619 -0)
(0.898428 -2.94346 -0)
(0.853892 -2.7888 -0)
(0.811694 -2.64175 -0)
(0.771742 -2.50199 -0)
(0.733914 -2.3691 -0)
(0.698094 -2.24267 -0)
(0.664203 -2.12243 -0)
(0.632137 -2.008 -0)
(0.6018 -1.89906 -0)
(0.573124 -1.79535 -0)
(0.546022 -1.69657 -0)
(0.520412 -1.60241 -0)
(0.496238 -1.51267 -0)
(0.473426 -1.42708 -0)
(0.451906 -1.34538 -0)
(0.431633 -1.26739 -0)
(0.412545 -1.19287 -0)
(0.394582 -1.1216 -0)
(0.377707 -1.05343 -0)
(0.361869 -0.988152 -0)
(0.347018 -0.925559 -0)
(0.333123 -0.865523 -0)
(0.320142 -0.807858 -0)
(0.308034 -0.752392 -0)
(0.296775 -0.699005 -0)
(0.28633 -0.647533 -0)
(0.276667 -0.597822 -0)
(0.267765 -0.549764 -0)
(0.259597 -0.503213 -0)
(0.252139 -0.458027 -0)
(0.245374 -0.414111 -0)
(0.239281 -0.371329 -0)
(0.233843 -0.329553 -0)
(0.229048 -0.288693 -0)
(0.22488 -0.248624 -0)
(0.221328 -0.209224 -0)
(0.218383 -0.17041 -0)
(0.216037 -0.132063 -0)
(0.214282 -0.0940666 -0)
(0.213116 -0.0563393 -0)
(0.212533 -0.0187664 -0)
(2.83105 -7.92907 -0)
(2.68603 -7.52234 -0)
(2.54862 -7.13636 -0)
(2.41836 -6.76996 -0)
(2.29494 -6.42234 -0)
(2.17797 -6.09241 -0)
(2.06707 -5.77916 -0)
(1.96197 -5.48191 -0)
(1.86235 -5.19974 -0)
(1.76788 -4.93179 -0)
(1.67835 -4.67748 -0)
(1.59349 -4.43603 -0)
(1.51302 -4.20669 -0)
(1.43676 -3.98898 -0)
(1.36448 -3.78223 -0)
(1.29595 -3.5858 -0)
(1.23102 -3.39927 -0)
(1.16948 -3.22208 -0)
(1.11115 -3.05367 -0)
(1.0559 -2.8937 -0)
(1.00356 -2.74166 -0)
(0.953973 -2.59711 -0)
(0.90702 -2.45972 -0)
(0.862563 -2.32908 -0)
(0.820465 -2.20479 -0)
(0.780635 -2.08658 -0)
(0.74295 -1.97409 -0)
(0.707295 -1.86699 -0)
(0.673593 -1.76504 -0)
(0.641741 -1.66792 -0)
(0.611642 -1.57535 -0)
(0.583231 -1.48713 -0)
(0.55642 -1.40299 -0)
(0.531129 -1.32266 -0)
(0.507302 -1.24599 -0)
(0.484867 -1.17274 -0)
(0.463756 -1.10267 -0)
(0.443923 -1.03565 -0)
(0.425308 -0.971474 -0)
(0.407854 -0.909938 -0)
(0.391523 -0.850915 -0)
(0.376266 -0.794224 -0)
(0.362037 -0.739694 -0)
(0.348804 -0.687208 -0)
(0.336527 -0.636605 -0)
(0.32517 -0.587733 -0)
(0.314708 -0.540486 -0)
(0.305108 -0.494721 -0)
(0.296342 -0.450298 -0)
(0.288391 -0.407123 -0)
(0.281231 -0.365063 -0)
(0.274839 -0.323992 -0)
(0.269203 -0.283821 -0)
(0.264305 -0.244428 -0)
(0.26013 -0.205694 -0)
(0.256669 -0.167535 -0)
(0.253911 -0.129835 -0)
(0.251849 -0.0924793 -0)
(0.250478 -0.0553886 -0)
(0.249793 -0.0184497 -0)
(3.24475 -7.76929 -0)
(3.07861 -7.37094 -0)
(2.92118 -6.99289 -0)
(2.77194 -6.63399 -0)
(2.63053 -6.29347 -0)
(2.4965 -5.97025 -0)
(2.36941 -5.66337 -0)
(2.24897 -5.37215 -0)
(2.1348 -5.09569 -0)
(2.02653 -4.83315 -0)
(1.92393 -4.58398 -0)
(1.82666 -4.34739 -0)
(1.73443 -4.12267 -0)
(1.64703 -3.90934 -0)
(1.56418 -3.70673 -0)
(1.48562 -3.51424 -0)
(1.41119 -3.33146 -0)
(1.34066 -3.15781 -0)
(1.2738 -2.99278 -0)
(1.21047 -2.83601 -0)
(1.15047 -2.68701 -0)
(1.09362 -2.54534 -0)
(1.0398 -2.4107 -0)
(0.988838 -2.28267 -0)
(0.940579 -2.16086 -0)
(0.894919 -2.04501 -0)
(0.851719 -1.93477 -0)
(0.810845 -1.8298 -0)
(0.77221 -1.72988 -0)
(0.735696 -1.6347 -0)
(0.701191 -1.54398 -0)
(0.668621 -1.45752 -0)
(0.637886 -1.37505 -0)
(0.608892 -1.29633 -0)
(0.581577 -1.22118 -0)
(0.555858 -1.14939 -0)
(0.531656 -1.08072 -0)
(0.50892 -1.01504 -0)
(0.487579 -0.952133 -0)
(0.46757 -0.891823 -0)
(0.448848 -0.833975 -0)
(0.431358 -0.778413 -0)
(0.415045 -0.724969 -0)
(0.399875 -0.673528 -0)
(0.385801 -0.623933 -0)
(0.372781 -0.576033 -0)
(0.360787 -0.529727 -0)
(0.349781 -0.484873 -0)
(0.339732 -0.441334 -0)
(0.330617 -0.399019 -0)
(0.322408 -0.357797 -0)
(0.315081 -0.317543 -0)
(0.308619 -0.278172 -0)
(0.303004 -0.239563 -0)
(0.298217 -0.2016 -0)
(0.29425 -0.1642 -0)
(0.291089 -0.12725 -0)
(0.288725 -0.0906385 -0)
(0.287153 -0.0542861 -0)
(0.286368 -0.0180825 -0)
(3.64925 -7.58809 -0)
(3.4625 -7.19923 -0)
(3.28552 -6.83016 -0)
(3.11773 -6.47976 -0)
(2.95874 -6.14728 -0)
(2.80804 -5.83167 -0)
(2.66513 -5.532 -0)
(2.5297 -5.24762 -0)
(2.40131 -4.97763 -0)
(2.27956 -4.72124 -0)
(2.16417 -4.47788 -0)
(2.05478 -4.24681 -0)
(1.95104 -4.02732 -0)
(1.85274 -3.81895 -0)
(1.75955 -3.62106 -0)
(1.6712 -3.43304 -0)
(1.58748 -3.2545 -0)
(1.50814 -3.08488 -0)
(1.43294 -2.92367 -0)
(1.3617 -2.77053 -0)
(1.29421 -2.62499 -0)
(1.23026 -2.4866 -0)
(1.16972 -2.35507 -0)
(1.11239 -2.23 -0)
(1.05811 -2.111 -0)
(1.00674 -1.99783 -0)
(0.958148 -1.89014 -0)
(0.912169 -1.78759 -0)
(0.868708 -1.68998 -0)
(0.827632 -1.597 -0)
(0.788816 -1.50837 -0)
(0.752176 -1.42391 -0)
(0.717601 -1.34334 -0)
(0.684985 -1.26644 -0)
(0.654257 -1.19303 -0)
(0.625324 -1.12289 -0)
(0.598098 -1.0558 -0)
(0.572521 -0.991634 -0)
(0.548514 -0.930182 -0)
(0.526004 -0.871263 -0)
(0.504943 -0.81475 -0)
(0.485266 -0.760469 -0)
(0.466915 -0.708257 -0)
(0.449849 -0.658002 -0)
(0.434017 -0.60955 -0)
(0.41937 -0.562755 -0)
(0.405876 -0.517516 -0)
(0.393496 -0.473696 -0)
(0.382191 -0.431161 -0)
(0.371936 -0.389821 -0)
(0.362702 -0.349549 -0)
(0.354459 -0.310223 -0)
(0.34719 -0.27176 -0)
(0.340873 -0.234041 -0)
(0.335488 -0.196953 -0)
(0.331024 -0.160415 -0)
(0.327468 -0.124317 -0)
(0.324809 -0.0885492 -0)
(0.32304 -0.0530348 -0)
(0.322158 -0.0176657 -0)
(4.04343 -7.38601 -0)
(3.83663 -7.00772 -0)
(3.64063 -6.64864 -0)
(3.45479 -6.30771 -0)
(3.27868 -5.98419 -0)
(3.11174 -5.67707 -0)
(2.95343 -5.38544 -0)
(2.8034 -5.10867 -0)
(2.66116 -4.84591 -0)
(2.52626 -4.59636 -0)
(2.39841 -4.35949 -0)
(2.2772 -4.13457 -0)
(2.16226 -3.92092 -0)
(2.05333 -3.71809 -0)
(1.95007 -3.52545 -0)
(1.85216 -3.34242 -0)
(1.75939 -3.16861 -0)
(1.67147 -3.00349 -0)
(1.58813 -2.84655 -0)
(1.50918 -2.69746 -0)
(1.43439 -2.55576 -0)
(1.36353 -2.42103 -0)
(1.29643 -2.29298 -0)
(1.23289 -2.17121 -0)
(1.17273 -2.05536 -0)
(1.11581 -1.94518 -0)
(1.06195 -1.84033 -0)
(1.01099 -1.74049 -0)
(0.962822 -1.64545 -0)
(0.917298 -1.55492 -0)
(0.874278 -1.46863 -0)
(0.83367 -1.38639 -0)
(0.795349 -1.30795 -0)
(0.7592 -1.23307 -0)
(0.725144 -1.1616 -0)
(0.693077 -1.09331 -0)
(0.662902 -1.02799 -0)
(0.634553 -0.965514 -0)
(0.607945 -0.905681 -0)
(0.582997 -0.848314 -0)
(0.559654 -0.79329 -0)
(0.537846 -0.740439 -0)
(0.517507 -0.689602 -0)
(0.498592 -0.640671 -0)
(0.481044 -0.593496 -0)
(0.46481 -0.547933 -0)
(0.449855 -0.503886 -0)
(0.436133 -0.46122 -0)
(0.423603 -0.419806 -0)
(0.412238 -0.379555 -0)
(0.402002 -0.340343 -0)
(0.392866 -0.302053 -0)
(0.38481 -0.264603 -0)
(0.377808 -0.227877 -0)
(0.37184 -0.191766 -0)
(0.366893 -0.15619 -0)
(0.362951 -0.121043 -0)
(0.360004 -0.0862172 -0)
(0.358044 -0.0516381 -0)
(0.357065 -0.0172004 -0)
(4.42618 -7.16366 -0)
(4.19994 -6.79698 -0)
(3.9855 -6.44889 -0)
(3.78216 -6.11837 -0)
(3.58945 -5.80469 -0)
(3.40676 -5.50691 -0)
(3.2335 -5.22412 -0)
(3.06929 -4.95573 -0)
(2.9136 -4.7009 -0)
(2.76595 -4.45888 -0)
(2.626 -4.22915 -0)
(2.49332 -4.011 -0)
(2.3675 -3.80378 -0)
(2.24825 -3.60704 -0)
(2.13521 -3.42018 -0)
(2.02802 -3.24264 -0)
(1.92645 -3.07404 -0)
(1.83019 -2.91386 -0)
(1.73895 -2.76162 -0)
(1.65251 -2.61699 -0)
(1.57063 -2.47953 -0)
(1.49303 -2.34883 -0)
(1.41957 -2.22461 -0)
(1.35 -2.10648 -0)
(1.28413 -1.99408 -0)
(1.2218 -1.88719 -0)
(1.16283 -1.78547 -0)
(1.10703 -1.68861 -0)
(1.05429 -1.59641 -0)
(1.00444 -1.50858 -0)
(0.957338 -1.42487 -0)
(0.912873 -1.34508 -0)
(0.870913 -1.26898 -0)
(0.83133 -1.19633 -0)
(0.794039 -1.12699 -0)
(0.758927 -1.06073 -0)
(0.725885 -0.997363 -0)
(0.694844 -0.936747 -0)
(0.665708 -0.878698 -0)
(0.63839 -0.823041 -0)
(0.612829 -0.769656 -0)
(0.58895 -0.71838 -0)
(0.566678 -0.669058 -0)
(0.545966 -0.621585 -0)
(0.526751 -0.575815 -0)
(0.508975 -0.53161 -0)
(0.492599 -0.488876 -0)
(0.477573 -0.447481 -0)
(0.463853 -0.4073 -0)
(0.451407 -0.368248 -0)
(0.4402 -0.330205 -0)
(0.430196 -0.293056 -0)
(0.421374 -0.256721 -0)
(0.413707 -0.221089 -0)
(0.407172 -0.186053 -0)
(0.401754 -0.151538 -0)
(0.397438 -0.117438 -0)
(0.394211 -0.083649 -0)
(0.392065 -0.0500999 -0)
(0.390993 -0.0166881 -0)
(4.79647 -6.92171 -0)
(4.55146 -6.56764 -0)
(4.3192 -6.23149 -0)
(4.09895 -5.91227 -0)
(3.8902 -5.6093 -0)
(3.69228 -5.32166 -0)
(3.50458 -5.04848 -0)
(3.32666 -4.7892 -0)
(3.15797 -4.54301 -0)
(2.99798 -4.30919 -0)
(2.84633 -4.08722 -0)
(2.70255 -3.87644 -0)
(2.5662 -3.67621 -0)
(2.43696 -3.4861 -0)
(2.31445 -3.30554 -0)
(2.19828 -3.13397 -0)
(2.0882 -2.97105 -0)
(1.98388 -2.81625 -0)
(1.88498 -2.66912 -0)
(1.7913 -2.52935 -0)
(1.70254 -2.39651 -0)
(1.61844 -2.27019 -0)
(1.53881 -2.15014 -0)
(1.4634 -2.03597 -0)
(1.392 -1.92734 -0)
(1.32444 -1.82403 -0)
(1.26052 -1.72572 -0)
(1.20004 -1.63211 -0)
(1.14287 -1.54299 -0)
(1.08883 -1.45811 -0)
(1.03777 -1.37719 -0)
(0.989572 -1.30008 -0)
(0.944088 -1.22653 -0)
(0.901181 -1.15631 -0)
(0.860757 -1.08929 -0)
(0.822695 -1.02525 -0)
(0.786878 -0.964001 -0)
(0.753229 -0.905414 -0)
(0.721646 -0.849307 -0)
(0.692032 -0.795512 -0)
(0.664324 -0.743913 -0)
(0.638438 -0.694352 -0)
(0.614295 -0.646681 -0)
(0.591843 -0.600796 -0)
(0.571014 -0.556557 -0)
(0.551744 -0.51383 -0)
(0.533992 -0.472525 -0)
(0.517704 -0.432515 -0)
(0.502831 -0.393678 -0)
(0.48934 -0.355932 -0)
(0.477191 -0.319161 -0)
(0.466346 -0.283254 -0)
(0.456782 -0.248135 -0)
(0.448471 -0.213695 -0)
(0.441387 -0.179831 -0)
(0.435515 -0.14647 -0)
(0.430836 -0.11351 -0)
(0.427337 -0.0808514 -0)
(0.425011 -0.0484244 -0)
(0.423849 -0.0161299 -0)
(5.1533 -6.66086 -0)
(4.89024 -6.32036 -0)
(4.64084 -5.99705 -0)
(4.40431 -5.69001 -0)
(4.18012 -5.39857 -0)
(3.96755 -5.12185 -0)
(3.76593 -4.85904 -0)
(3.57482 -4.60957 -0)
(3.3936 -4.37269 -0)
(3.22172 -4.1477 -0)
(3.0588 -3.9341 -0)
(2.90432 -3.73126 -0)
(2.75782 -3.53857 -0)
(2.61896 -3.35562 -0)
(2.48732 -3.18184 -0)
(2.36249 -3.01672 -0)
(2.24421 -2.85991 -0)
(2.1321 -2.71092 -0)
(2.02583 -2.56932 -0)
(1.92516 -2.43479 -0)
(1.82977 -2.30692 -0)
(1.73939 -2.18534 -0)
(1.65382 -2.06977 -0)
(1.57279 -1.95988 -0)
(1.49605 -1.85532 -0)
(1.42345 -1.75588 -0)
(1.35475 -1.66124 -0)
(1.28975 -1.57113 -0)
(1.22831 -1.48535 -0)
(1.17024 -1.40364 -0)
(1.11536 -1.32575 -0)
(1.06356 -1.25152 -0)
(1.01468 -1.18071 -0)
(0.968561 -1.11312 -0)
(0.925116 -1.0486 -0)
(0.884209 -0.986955 -0)
(0.845714 -0.927996 -0)
(0.80955 -0.871598 -0)
(0.775606 -0.817587 -0)
(0.743778 -0.765801 -0)
(0.713999 -0.71613 -0)
(0.686178 -0.668421 -0)
(0.66023 -0.62253 -0)
(0.636099 -0.578359 -0)
(0.613713 -0.535772 -0)
(0.593002 -0.494642 -0)
(0.573923 -0.454879 -0)
(0.556417 -0.416363 -0)
(0.540432 -0.378977 -0)
(0.525932 -0.34264 -0)
(0.512874 -0.307243 -0)
(0.501219 -0.272677 -0)
(0.49094 -0.238869 -0)
(0.482008 -0.205715 -0)
(0.474394 -0.173115 -0)
(0.468082 -0.141 -0)
(0.463054 -0.109271 -0)
(0.459293 -0.0778322 -0)
(0.456793 -0.0466161 -0)
(0.455544 -0.0155276 -0)
(5.49569 -6.38189 -0)
(5.21534 -6.05587 -0)
(4.94952 -5.74628 -0)
(4.69741 -5.45224 -0)
(4.45841 -5.17311 -0)
(4.23179 -4.90807 -0)
(4.01683 -4.65633 -0)
(3.81306 -4.41736 -0)
(3.61983 -4.19043 -0)
(3.43655 -3.97487 -0)
(3.26281 -3.77023 -0)
(3.09807 -3.57589 -0)
(2.94182 -3.39126 -0)
(2.79373 -3.21596 -0)
(2.65333 -3.04944 -0)
(2.5202 -2.89122 -0)
(2.39404 -2.74095 -0)
(2.27446 -2.59818 -0)
(2.1611 -2.46247 -0)
(2.05372 -2.33355 -0)
(1.95198 -2.21101 -0)
(1.85557 -2.09449 -0)
(1.76429 -1.98374 -0)
(1.67785 -1.87842 -0)
(1.59599 -1.77822 -0)
(1.51854 -1.68291 -0)
(1.44526 -1.59221 -0)
(1.37592 -1.50585 -0)
(1.31038 -1.42363 -0)
(1.24843 -1.34532 -0)
(1.18989 -1.27067 -0)
(1.13463 -1.19952 -0)
(1.08248 -1.13166 -0)
(1.03328 -1.06688 -0)
(0.986936 -1.00504 -0)
(0.943296 -0.945959 -0)
(0.90223 -0.889449 -0)
(0.86365 -0.835394 -0)
(0.827438 -0.783627 -0)
(0.793484 -0.733993 -0)
(0.761715 -0.686386 -0)
(0.732035 -0.640658 -0)
(0.704353 -0.596674 -0)
(0.67861 -0.554337 -0)
(0.654728 -0.51352 -0)
(0.632633 -0.474098 -0)
(0.612279 -0.435987 -0)
(0.593603 -0.39907 -0)
(0.57655 -0.363237 -0)
(0.561081 -0.32841 -0)
(0.547151 -0.294482 -0)
(0.534717 -0.261352 -0)
(0.523751 -0.228948 -0)
(0.514222 -0.197171 -0)
(0.506099 -0.165926 -0)
(0.499366 -0.135144 -0)
(0.494001 -0.104733 -0)
(0.48999 -0.0745998 -0)
(0.487322 -0.0446801 -0)
(0.48599 -0.0148827 -0)
(5.82273 -6.0856 -0)
(5.5259 -5.77493 -0)
(5.24444 -5.47989 -0)
(4.97745 -5.19963 -0)
(4.72433 -4.93357 -0)
(4.48431 -4.68092 -0)
(4.25662 -4.44092 -0)
(4.04076 -4.21309 -0)
(3.83606 -3.99673 -0)
(3.64189 -3.7912 -0)
(3.45781 -3.59607 -0)
(3.28327 -3.41074 -0)
(3.11773 -3.23468 -0)
(2.96081 -3.0675 -0)
(2.81204 -2.9087 -0)
(2.67097 -2.7578 -0)
(2.53728 -2.61449 -0)
(2.41056 -2.47832 -0)
(2.29044 -2.34889 -0)
(2.17664 -2.22593 -0)
(2.06882 -2.10905 -0)
(1.96665 -1.99792 -0)
(1.86991 -1.89228 -0)
(1.7783 -1.79182 -0)
(1.69155 -1.69624 -0)
(1.60947 -1.60533 -0)
(1.5318 -1.51882 -0)
(1.45831 -1.43644 -0)
(1.38885 -1.35802 -0)
(1.32319 -1.28332 -0)
(1.26115 -1.21211 -0)
(1.20258 -1.14424 -0)
(1.14731 -1.07951 -0)
(1.09517 -1.01772 -0)
(1.04605 -0.958731 -0)
(0.999796 -0.90237 -0)
(0.956271 -0.848465 -0)
(0.915381 -0.796901 -0)
(0.877001 -0.74752 -0)
(0.841014 -0.700174 -0)
(0.807343 -0.65476 -0)
(0.775885 -0.61114 -0)
(0.746545 -0.569182 -0)
(0.719261 -0.528797 -0)
(0.693948 -0.48986 -0)
(0.67053 -0.452254 -0)
(0.648957 -0.4159 -0)
(0.629163 -0.380684 -0)
(0.611088 -0.346502 -0)
(0.594693 -0.313279 -0)
(0.579928 -0.280915 -0)
(0.566749 -0.249311 -0)
(0.555127 -0.2184 -0)
(0.545026 -0.188087 -0)
(0.536417 -0.158281 -0)
(0.529281 -0.128918 -0)
(0.523595 -0.0999078 -0)
(0.519343 -0.0711629 -0)
(0.516515 -0.0426216 -0)
(0.515104 -0.0141971 -0)
(6.13357 -5.77284 -0)
(5.82111 -5.47834 -0)
(5.5248 -5.19863 -0)
(5.24369 -4.9329 -0)
(4.97718 -4.68062 -0)
(4.72442 -4.44103 -0)
(4.48464 -4.21343 -0)
(4.2573 -3.99734 -0)
(4.04171 -3.79213 -0)
(3.83719 -3.59718 -0)
(3.6433 -3.41208 -0)
(3.45944 -3.23628 -0)
(3.28505 -3.06926 -0)
(3.11974 -2.91066 -0)
(2.96302 -2.76001 -0)
(2.81439 -2.61685 -0)
(2.67355 -2.48088 -0)
(2.54005 -2.35169 -0)
(2.41348 -2.22889 -0)
(2.29358 -2.11222 -0)
(2.17998 -2.00132 -0)
(2.07233 -1.89587 -0)
(1.9704 -1.79564 -0)
(1.87388 -1.70032 -0)
(1.78247 -1.60962 -0)
(1.69598 -1.52336 -0)
(1.61414 -1.44127 -0)
(1.53671 -1.3631 -0)
(1.46351 -1.28868 -0)
(1.39433 -1.2178 -0)
(1.32895 -1.15023 -0)
(1.26724 -1.08583 -0)
(1.209 -1.0244 -0)
(1.15406 -0.965764 -0)
(1.1023 -0.90979 -0)
(1.05356 -0.856307 -0)
(1.00769 -0.805155 -0)
(0.964604 -0.756224 -0)
(0.924161 -0.709364 -0)
(0.886239 -0.664435 -0)
(0.850758 -0.62134 -0)
(0.817609 -0.579946 -0)
(0.786692 -0.54013 -0)
(0.757941 -0.501806 -0)
(0.731267 -0.464857 -0)
(0.70659 -0.429171 -0)
(0.683857 -0.394672 -0)
(0.662998 -0.361254 -0)
(0.643951 -0.328816 -0)
(0.626675 -0.29729 -0)
(0.611116 -0.266577 -0)
(0.597228 -0.236587 -0)
(0.584981 -0.207253 -0)
(0.574338 -0.178488 -0)
(0.565266 -0.150203 -0)
(0.557745 -0.122338 -0)
(0.551754 -0.0948087 -0)
(0.547273 -0.0675308 -0)
(0.544294 -0.0404462 -0)
(0.542806 -0.0134725 -0)
(6.42737 -5.44452 -0)
(6.10018 -5.16695 -0)
(5.78985 -4.90331 -0)
(5.49543 -4.65282 -0)
(5.21626 -4.41498 -0)
(4.95148 -4.18909 -0)
(4.70028 -3.97448 -0)
(4.4621 -3.77073 -0)
(4.23621 -3.57721 -0)
(4.02191 -3.39336 -0)
(3.81874 -3.2188 -0)
(3.62608 -3.053 -0)
(3.44333 -2.89547 -0)
(3.27009 -2.74589 -0)
(3.10585 -2.60378 -0)
(2.95008 -2.46875 -0)
(2.80247 -2.34049 -0)
(2.66255 -2.21863 -0)
(2.5299 -2.10279 -0)
(2.40423 -1.99273 -0)
(2.28516 -1.88812 -0)
(2.17233 -1.78864 -0)
(2.06549 -1.69408 -0)
(1.96431 -1.60416 -0)
(1.8685 -1.5186 -0)
(1.77784 -1.43722 -0)
(1.69206 -1.35977 -0)
(1.61089 -1.28603 -0)
(1.53416 -1.21582 -0)
(1.46164 -1.14895 -0)
(1.39311 -1.0852 -0)
(1.32842 -1.02444 -0)
(1.26737 -0.966489 -0)
(1.20978 -0.911167 -0)
(1.15552 -0.858358 -0)
(1.10443 -0.807899 -0)
(1.05635 -0.75964 -0)
(1.01118 -0.713476 -0)
(0.968786 -0.669265 -0)
(0.929034 -0.626876 -0)
(0.89184 -0.586217 -0)
(0.857091 -0.547164 -0)
(0.824681 -0.509599 -0)
(0.794542 -0.473442 -0)
(0.76658 -0.438581 -0)
(0.740712 -0.404912 -0)
(0.716881 -0.372363 -0)
(0.695016 -0.340834 -0)
(0.675049 -0.31023 -0)
(0.656938 -0.280486 -0)
(0.640629 -0.251509 -0)
(0.62607 -0.223214 -0)
(0.613232 -0.195539 -0)
(0.602074 -0.168399 -0)
(0.592564 -0.141713 -0)
(0.584681 -0.115423 -0)
(0.5784 -0.0894498 -0)
(0.573703 -0.0637138 -0)
(0.570579 -0.0381601 -0)
(0.56902 -0.012711 -0)
(6.70339 -5.10155 -0)
(6.36237 -4.84165 -0)
(6.03891 -4.59475 -0)
(5.73199 -4.36015 -0)
(5.44095 -4.13739 -0)
(5.16489 -3.92579 -0)
(4.90297 -3.72476 -0)
(4.65461 -3.53388 -0)
(4.41905 -3.35257 -0)
(4.19557 -3.18032 -0)
(3.98369 -3.01676 -0)
(3.78275 -2.86141 -0)
(3.59215 -2.71379 -0)
(3.41146 -2.57362 -0)
(3.24014 -2.44045 -0)
(3.07767 -2.31391 -0)
(2.92369 -2.19371 -0)
(2.77774 -2.0795 -0)
(2.63936 -1.97094 -0)
(2.50827 -1.86779 -0)
(2.38406 -1.76975 -0)
(2.26636 -1.67651 -0)
(2.1549 -1.58789 -0)
(2.04936 -1.50361 -0)
(1.9494 -1.42342 -0)
(1.85482 -1.34714 -0)
(1.76533 -1.27455 -0)
(1.68065 -1.20543 -0)
(1.6006 -1.13963 -0)
(1.52495 -1.07695 -0)
(1.45345 -1.0172 -0)
(1.38596 -0.960248 -0)
(1.32227 -0.905929 -0)
(1.26218 -0.854074 -0)
(1.20557 -0.804575 -0)
(1.15227 -0.757279 -0)
(1.10211 -0.712043 -0)
(1.05499 -0.668772 -0)
(1.01076 -0.627333 -0)
(0.969282 -0.5876 -0)
(0.930477 -0.549489 -0)
(0.894223 -0.512883 -0)
(0.86041 -0.477671 -0)
(0.828965 -0.44378 -0)
(0.799792 -0.411103 -0)
(0.772803 -0.379544 -0)
(0.74794 -0.349035 -0)
(0.725128 -0.319481 -0)
(0.704296 -0.290794 -0)
(0.685401 -0.262913 -0)
(0.668385 -0.235752 -0)
(0.653196 -0.20923 -0)
(0.639801 -0.183288 -0)
(0.62816 -0.157849 -0)
(0.618238 -0.132835 -0)
(0.610013 -0.108192 -0)
(0.60346 -0.0838458 -0)
(0.59856 -0.0597222 -0)
(0.595301 -0.0357694 -0)
(0.593674 -0.0119146 -0)
(6.96091 -4.7449 -0)
(6.60703 -4.50333 -0)
(6.27133 -4.27382 -0)
(5.95277 -4.05572 -0)
(5.65067 -3.84861 -0)
(5.3641 -3.65187 -0)
(5.09218 -3.46493 -0)
(4.83433 -3.28743 -0)
(4.58975 -3.11882 -0)
(4.35771 -2.95863 -0)
(4.13769 -2.80651 -0)
(3.92904 -2.66201 -0)
(3.7311 -2.52472 -0)
(3.54346 -2.39433 -0)
(3.36555 -2.27046 -0)
(3.19681 -2.15275 -0)
(3.0369 -2.04094 -0)
(2.88531 -1.9347 -0)
(2.74159 -1.83371 -0)
(2.60544 -1.73775 -0)
(2.47643 -1.64654 -0)
(2.35417 -1.5598 -0)
(2.23841 -1.47736 -0)
(2.12878 -1.39895 -0)
(2.02496 -1.32434 -0)
(1.92672 -1.25338 -0)
(1.83376 -1.18584 -0)
(1.7458 -1.12154 -0)
(1.66266 -1.06032 -0)
(1.58407 -1.002 -0)
(1.50981 -0.946407 -0)
(1.4397 -0.893424 -0)
(1.37354 -0.842885 -0)
(1.31113 -0.79464 -0)
(1.25232 -0.748587 -0)
(1.19696 -0.704582 -0)
(1.14485 -0.662495 -0)
(1.0959 -0.622236 -0)
(1.04996 -0.58368 -0)
(1.00687 -0.546712 -0)
(0.966565 -0.511254 -0)
(0.928905 -0.477195 -0)
(0.893781 -0.444434 -0)
(0.861117 -0.412901 -0)
(0.830813 -0.382498 -0)
(0.802778 -0.353135 -0)
(0.776951 -0.324748 -0)
(0.753253 -0.297251 -0)
(0.731614 -0.270561 -0)
(0.711986 -0.24462 -0)
(0.69431 -0.219349 -0)
(0.678532 -0.194671 -0)
(0.664618 -0.170535 -0)
(0.652526 -0.146866 -0)
(0.642219 -0.123592 -0)
(0.633675 -0.100664 -0)
(0.626868 -0.0780119 -0)
(0.621777 -0.0555667 -0)
(0.618392 -0.0332806 -0)
(0.616702 -0.0110856 -0)
(7.19927 -4.37558 -0)
(6.83351 -4.15295 -0)
(6.48649 -3.94142 -0)
(6.15718 -3.74039 -0)
(5.84485 -3.54947 -0)
(5.54855 -3.36809 -0)
(5.26739 -3.19575 -0)
(5.00076 -3.03209 -0)
(4.74784 -2.87662 -0)
(4.50787 -2.72891 -0)
(4.28033 -2.58864 -0)
(4.06453 -2.45539 -0)
(3.85981 -2.32877 -0)
(3.66574 -2.20853 -0)
(3.48171 -2.09429 -0)
(3.30718 -1.98573 -0)
(3.14177 -1.88261 -0)
(2.98497 -1.78462 -0)
(2.8363 -1.69147 -0)
(2.69546 -1.60297 -0)
(2.562 -1.51884 -0)
(2.43553 -1.43883 -0)
(2.31578 -1.36279 -0)
(2.20237 -1.29046 -0)
(2.09496 -1.22164 -0)
(1.99333 -1.15619 -0)
(1.89717 -1.09389 -0)
(1.80617 -1.03457 -0)
(1.72015 -0.978104 -0)
(1.63885 -0.924309 -0)
(1.56202 -0.873029 -0)
(1.48949 -0.824155 -0)
(1.42105 -0.777535 -0)
(1.35647 -0.733032 -0)
(1.29564 -0.69055 -0)
(1.23836 -0.649958 -0)
(1.18445 -0.611134 -0)
(1.13381 -0.573996 -0)
(1.08628 -0.53843 -0)
(1.0417 -0.504328 -0)
(1 -0.471619 -0)
(0.96104 -0.440201 -0)
(0.924701 -0.40998 -0)
(0.890907 -0.380891 -0)
(0.859555 -0.352846 -0)
(0.83055 -0.325759 -0)
(0.80383 -0.299573 -0)
(0.779313 -0.274208 -0)
(0.756926 -0.249586 -0)
(0.736619 -0.225656 -0)
(0.718331 -0.202344 -0)
(0.702007 -0.17958 -0)
(0.687612 -0.157315 -0)
(0.675101 -0.135481 -0)
(0.664438 -0.114011 -0)
(0.655598 -0.0928605 -0)
(0.648556 -0.0719643 -0)
(0.643289 -0.0512591 -0)
(0.639787 -0.0307006 -0)
(0.638038 -0.0102263 -0)
(7.41788 -3.99459 -0)
(7.04123 -3.79147 -0)
(6.68387 -3.59845 -0)
(6.3447 -3.415 -0)
(6.023 -3.24077 -0)
(5.71779 -3.07523 -0)
(5.42816 -2.91793 -0)
(5.15348 -2.76855 -0)
(4.89291 -2.62664 -0)
(4.64568 -2.49179 -0)
(4.41124 -2.36374 -0)
(4.18889 -2.24209 -0)
(3.97794 -2.1265 -0)
(3.77796 -2.01671 -0)
(3.58833 -1.91242 -0)
(3.40848 -1.81329 -0)
(3.23802 -1.71914 -0)
(3.07644 -1.62967 -0)
(2.92323 -1.54462 -0)
(2.77809 -1.4638 -0)
(2.64055 -1.38698 -0)
(2.51022 -1.31393 -0)
(2.38679 -1.24449 -0)
(2.26992 -1.17845 -0)
(2.15922 -1.11561 -0)
(2.05448 -1.05583 -0)
(1.95537 -0.998949 -0)
(1.86159 -0.944781 -0)
(1.77293 -0.893213 -0)
(1.68914 -0.844089 -0)
(1.60995 -0.797261 -0)
(1.5352 -0.752629 -0)
(1.46466 -0.710057 -0)
(1.39811 -0.669417 -0)
(1.33541 -0.630622 -0)
(1.27637 -0.593553 -0)
(1.22081 -0.558099 -0)
(1.16861 -0.524184 -0)
(1.11962 -0.491705 -0)
(1.07368 -0.460563 -0)
(1.0307 -0.430692 -0)
(0.990541 -0.402001 -0)
(0.953087 -0.374402 -0)
(0.918256 -0.347838 -0)
(0.885942 -0.322227 -0)
(0.856047 -0.29749 -0)
(0.828507 -0.273577 -0)
(0.803237 -0.250413 -0)
(0.780162 -0.227928 -0)
(0.759232 -0.206075 -0)
(0.740383 -0.184786 -0)
(0.723558 -0.163997 -0)
(0.708721 -0.143664 -0)
(0.695827 -0.123724 -0)
(0.684836 -0.104118 -0)
(0.675725 -0.0848025 -0)
(0.668466 -0.0657195 -0)
(0.663038 -0.0468111 -0)
(0.659428 -0.0280366 -0)
(0.657626 -0.00933886 -0)
(7.61618 -3.60297 -0)
(7.22969 -3.41987 -0)
(6.86294 -3.24585 -0)
(6.51485 -3.08046 -0)
(6.18466 -2.92335 -0)
(5.87138 -2.77409 -0)
(5.57406 -2.63224 -0)
(5.29208 -2.49752 -0)
(5.02459 -2.36953 -0)
(4.77076 -2.24792 -0)
(4.53006 -2.13242 -0)
(4.30176 -2.0227 -0)
(4.08518 -1.91843 -0)
(3.87984 -1.81941 -0)
(3.68513 -1.72533 -0)
(3.50045 -1.63591 -0)
(3.32541 -1.55098 -0)
(3.15948 -1.47027 -0)
(3.00216 -1.39354 -0)
(2.85311 -1.32064 -0)
(2.71187 -1.25134 -0)
(2.57802 -1.18544 -0)
(2.45127 -1.12279 -0)
(2.33124 -1.06321 -0)
(2.21757 -1.00651 -0)
(2.11 -0.952591 -0)
(2.00821 -0.90127 -0)
(1.9119 -0.8524 -0)
(1.82086 -0.805876 -0)
(1.7348 -0.761556 -0)
(1.65348 -0.719308 -0)
(1.5767 -0.679041 -0)
(1.50425 -0.640632 -0)
(1.43591 -0.603966 -0)
(1.37151 -0.568965 -0)
(1.31088 -0.53552 -0)
(1.25382 -0.503533 -0)
(1.20021 -0.472935 -0)
(1.14989 -0.443631 -0)
(1.10271 -0.415534 -0)
(1.05857 -0.388584 -0)
(1.01733 -0.362698 -0)
(0.978861 -0.337798 -0)
(0.943088 -0.313831 -0)
(0.909901 -0.290724 -0)
(0.879198 -0.268406 -0)
(0.850913 -0.24683 -0)
(0.82496 -0.225931 -0)
(0.801262 -0.205644 -0)
(0.779766 -0.185928 -0)
(0.760407 -0.16672 -0)
(0.743127 -0.147964 -0)
(0.727889 -0.129618 -0)
(0.714646 -0.111628 -0)
(0.703358 -0.0939386 -0)
(0.694 -0.0765118 -0)
(0.686545 -0.0592945 -0)
(0.68097 -0.0422346 -0)
(0.677263 -0.0252956 -0)
(0.675412 -0.00842585 -0)
(7.79368 -3.20181 -0)
(7.39839 -3.03917 -0)
(7.02326 -2.88461 -0)
(6.66718 -2.73768 -0)
(6.3294 -2.59811 -0)
(6.0089 -2.46549 -0)
(5.70472 -2.33946 -0)
(5.41621 -2.21976 -0)
(5.1425 -2.10604 -0)
(4.88278 -1.99797 -0)
(4.63648 -1.89533 -0)
(4.40286 -1.79783 -0)
(4.18122 -1.70517 -0)
(3.97109 -1.61717 -0)
(3.77182 -1.53356 -0)
(3.58282 -1.45409 -0)
(3.40369 -1.3786 -0)
(3.23387 -1.30687 -0)
(3.07286 -1.23868 -0)
(2.92031 -1.17388 -0)
(2.77575 -1.11228 -0)
(2.63876 -1.05371 -0)
(2.50904 -0.998025 -0)
(2.38618 -0.945067 -0)
(2.26983 -0.894676 -0)
(2.15974 -0.846746 -0)
(2.05556 -0.801129 -0)
(1.95698 -0.75769 -0)
(1.86379 -0.716337 -0)
(1.77571 -0.676943 -0)
(1.69246 -0.639389 -0)
(1.61389 -0.603597 -0)
(1.53973 -0.569456 -0)
(1.46977 -0.536864 -0)
(1.40386 -0.505752 -0)
(1.3418 -0.476024 -0)
(1.28339 -0.447591 -0)
(1.22852 -0.420392 -0)
(1.17702 -0.394344 -0)
(1.12873 -0.369369 -0)
(1.08354 -0.345413 -0)
(1.04132 -0.322403 -0)
(1.00195 -0.300269 -0)
(0.965335 -0.278965 -0)
(0.931365 -0.258425 -0)
(0.899938 -0.238587 -0)
(0.870986 -0.219408 -0)
(0.844422 -0.200831 -0)
(0.820164 -0.182798 -0)
(0.798161 -0.165272 -0)
(0.778346 -0.148198 -0)
(0.760658 -0.131525 -0)
(0.745061 -0.115218 -0)
(0.731505 -0.0992268 -0)
(0.719951 -0.0835024 -0)
(0.710373 -0.0680116 -0)
(0.702742 -0.0527071 -0)
(0.697036 -0.0375425 -0)
(0.693241 -0.0224854 -0)
(0.691346 -0.00748977 -0)
(7.94995 -2.79217 -0)
(7.54692 -2.65041 -0)
(7.16442 -2.51567 -0)
(6.80132 -2.38758 -0)
(6.45686 -2.2659 -0)
(6.13001 -2.15028 -0)
(5.81978 -2.04039 -0)
(5.52553 -1.93602 -0)
(5.24636 -1.83685 -0)
(4.98145 -1.74262 -0)
(4.73022 -1.65312 -0)
(4.49192 -1.56809 -0)
(4.26583 -1.48728 -0)
(4.05147 -1.41053 -0)
(3.8482 -1.33761 -0)
(3.65539 -1.26831 -0)
(3.47264 -1.20247 -0)
(3.2994 -1.13991 -0)
(3.13514 -1.08043 -0)
(2.97951 -1.02392 -0)
(2.83203 -0.970194 -0)
(2.69227 -0.919102 -0)
(2.55992 -0.870535 -0)
(2.43459 -0.824344 -0)
(2.31588 -0.780392 -0)
(2.20356 -0.738586 -0)
(2.09726 -0.698797 -0)
(1.99669 -0.660908 -0)
(1.90161 -0.624838 -0)
(1.81175 -0.590476 -0)
(1.72682 -0.55772 -0)
(1.64664 -0.5265 -0)
(1.57098 -0.496721 -0)
(1.49961 -0.468292 -0)
(1.43236 -0.441154 -0)
(1.36904 -0.415223 -0)
(1.30945 -0.390422 -0)
(1.25346 -0.366698 -0)
(1.20091 -0.343977 -0)
(1.15164 -0.322192 -0)
(1.10554 -0.301296 -0)
(1.06247 -0.281225 -0)
(1.0223 -0.261918 -0)
(0.984937 -0.243335 -0)
(0.950277 -0.225418 -0)
(0.918212 -0.208114 -0)
(0.888672 -0.191385 -0)
(0.861569 -0.17518 -0)
(0.836818 -0.159451 -0)
(0.814369 -0.144163 -0)
(0.794151 -0.12927 -0)
(0.776105 -0.114727 -0)
(0.76019 -0.100503 -0)
(0.74636 -0.0865534 -0)
(0.734571 -0.0728374 -0)
(0.724798 -0.0593251 -0)
(0.717013 -0.0459753 -0)
(0.71119 -0.0327476 -0)
(0.707318 -0.0196135 -0)
(0.705385 -0.00653317 -0)
(8.08461 -2.37515 -0)
(7.67492 -2.25461 -0)
(7.28608 -2.14004 -0)
(6.91694 -2.03111 -0)
(6.56673 -1.92763 -0)
(6.2344 -1.82929 -0)
(5.91897 -1.73583 -0)
(5.61977 -1.64705 -0)
(5.3359 -1.56271 -0)
(5.06651 -1.48255 -0)
(4.81103 -1.40642 -0)
(4.56869 -1.33409 -0)
(4.33877 -1.26535 -0)
(4.12077 -1.20006 -0)
(3.91404 -1.13803 -0)
(3.71796 -1.07907 -0)
(3.5321 -1.02306 -0)
(3.3559 -0.969836 -0)
(3.18884 -0.919236 -0)
(3.03055 -0.871157 -0)
(2.88056 -0.825451 -0)
(2.73841 -0.781984 -0)
(2.6038 -0.740665 -0)
(2.47632 -0.701366 -0)
(2.35559 -0.663972 -0)
(2.24134 -0.628404 -0)
(2.13323 -0.594552 -0)
(2.03093 -0.562316 -0)
(1.93423 -0.531627 -0)
(1.84282 -0.502392 -0)
(1.75644 -0.474523 -0)
(1.67489 -0.447961 -0)
(1.59793 -0.422623 -0)
(1.52533 -0.398436 -0)
(1.45693 -0.375347 -0)
(1.39253 -0.353284 -0)
(1.33191 -0.332183 -0)
(1.27497 -0.311997 -0)
(1.22152 -0.292666 -0)
(1.1714 -0.274131 -0)
(1.12451 -0.256352 -0)
(1.0807 -0.239275 -0)
(1.03984 -0.222848 -0)
(1.00184 -0.207037 -0)
(0.966585 -0.191793 -0)
(0.933969 -0.17707 -0)
(0.903923 -0.162837 -0)
(0.876354 -0.149049 -0)
(0.85118 -0.135666 -0)
(0.828345 -0.122659 -0)
(0.807781 -0.109987 -0)
(0.789424 -0.0976134 -0)
(0.773237 -0.0855109 -0)
(0.759169 -0.0736425 -0)
(0.747178 -0.0619725 -0)
(0.737238 -0.0504758 -0)
(0.729319 -0.0391173 -0)
(0.723396 -0.0278627 -0)
(0.719458 -0.0166878 -0)
(0.717492 -0.00555864 -0)
(8.19732 -1.95189 -0)
(7.78206 -1.85286 -0)
(7.38792 -1.75873 -0)
(7.01372 -1.66924 -0)
(6.6587 -1.58421 -0)
(6.3218 -1.50342 -0)
(6.00201 -1.42662 -0)
(5.69867 -1.35367 -0)
(5.41086 -1.28436 -0)
(5.13773 -1.21849 -0)
(4.87869 -1.15593 -0)
(4.63298 -1.09649 -0)
(4.39985 -1.03999 -0)
(4.17881 -0.986339 -0)
(3.96918 -0.935358 -0)
(3.77035 -0.886903 -0)
(3.58189 -0.840873 -0)
(3.40322 -0.797129 -0)
(3.23381 -0.755542 -0)
(3.0733 -0.716027 -0)
(2.9212 -0.678462 -0)
(2.77706 -0.642737 -0)
(2.64055 -0.608776 -0)
(2.51128 -0.576477 -0)
(2.38884 -0.545742 -0)
(2.27298 -0.516508 -0)
(2.16335 -0.488684 -0)
(2.05961 -0.462189 -0)
(1.96154 -0.436965 -0)
(1.86885 -0.412936 -0)
(1.78125 -0.39003 -0)
(1.69855 -0.368197 -0)
(1.62051 -0.347372 -0)
(1.54688 -0.327491 -0)
(1.47751 -0.308513 -0)
(1.4122 -0.29038 -0)
(1.35073 -0.273036 -0)
(1.29298 -0.256444 -0)
(1.23878 -0.240555 -0)
(1.18795 -0.22532 -0)
(1.1404 -0.210707 -0)
(1.09597 -0.196671 -0)
(1.05453 -0.183169 -0)
(1.016 -0.170173 -0)
(0.980243 -0.157644 -0)
(0.947167 -0.145542 -0)
(0.916696 -0.133843 -0)
(0.888738 -0.12251 -0)
(0.863208 -0.11151 -0)
(0.84005 -0.100819 -0)
(0.819195 -0.0904036 -0)
(0.80058 -0.080233 -0)
(0.784164 -0.0702854 -0)
(0.769897 -0.0605302 -0)
(0.757737 -0.0509381 -0)
(0.747656 -0.0414884 -0)
(0.739625 -0.0321524 -0)
(0.733619 -0.0229017 -0)
(0.729625 -0.0137165 -0)
(0.727631 -0.00456891 -0)
(8.28782 -1.52348 -0)
(7.86809 -1.44621 -0)
(7.46969 -1.37276 -0)
(7.09144 -1.30292 -0)
(6.73256 -1.23657 -0)
(6.39199 -1.17351 -0)
(6.0687 -1.11358 -0)
(5.76204 -1.05665 -0)
(5.47107 -1.00255 -0)
(5.19493 -0.95114 -0)
(4.93304 -0.90231 -0)
(4.68462 -0.855915 -0)
(4.44891 -0.811822 -0)
(4.22542 -0.769942 -0)
(4.01347 -0.730149 -0)
(3.81244 -0.692327 -0)
(3.62188 -0.656397 -0)
(3.44123 -0.622252 -0)
(3.26994 -0.58979 -0)
(3.10764 -0.558945 -0)
(2.95385 -0.529622 -0)
(2.80809 -0.501735 -0)
(2.67007 -0.475226 -0)
(2.53935 -0.450012 -0)
(2.41555 -0.426021 -0)
(2.2984 -0.4032 -0)
(2.18755 -0.381481 -0)
(2.08265 -0.360798 -0)
(1.98348 -0.341108 -0)
(1.88975 -0.322351 -0)
(1.80117 -0.304469 -0)
(1.71755 -0.287427 -0)
(1.63864 -0.27117 -0)
(1.56419 -0.255651 -0)
(1.49405 -0.240836 -0)
(1.428 -0.22668 -0)
(1.36585 -0.213141 -0)
(1.30745 -0.200189 -0)
(1.25264 -0.187786 -0)
(1.20125 -0.175893 -0)
(1.15316 -0.164485 -0)
(1.10824 -0.153528 -0)
(1.06633 -0.142988 -0)
(1.02737 -0.132843 -0)
(0.991215 -0.123062 -0)
(0.957769 -0.113615 -0)
(0.926957 -0.104483 -0)
(0.898686 -0.095636 -0)
(0.87287 -0.0870488 -0)
(0.849453 -0.0787028 -0)
(0.828365 -0.0705723 -0)
(0.809541 -0.0626328 -0)
(0.792941 -0.0548673 -0)
(0.778515 -0.0472521 -0)
(0.766218 -0.0397641 -0)
(0.756025 -0.0323874 -0)
(0.747904 -0.0250993 -0)
(0.741831 -0.0178779 -0)
(0.737792 -0.0107076 -0)
(0.735776 -0.00356666 -0)
(8.35588 -1.09106 -0)
(7.9328 -1.03573 -0)
(7.5312 -0.983139 -0)
(7.14991 -0.933132 -0)
(6.78812 -0.88562 -0)
(6.44479 -0.840466 -0)
(6.11887 -0.797546 -0)
(5.80971 -0.756776 -0)
(5.51636 -0.718036 -0)
(5.23796 -0.681219 -0)
(4.97393 -0.646248 -0)
(4.72346 -0.613022 -0)
(4.48582 -0.581444 -0)
(4.26049 -0.551451 -0)
(4.0468 -0.522952 -0)
(3.8441 -0.495863 -0)
(3.65197 -0.470131 -0)
(3.46983 -0.445676 -0)
(3.29712 -0.422427 -0)
(3.13348 -0.400335 -0)
(2.97841 -0.379334 -0)
(2.83145 -0.359361 -0)
(2.69228 -0.340374 -0)
(2.56048 -0.322316 -0)
(2.43565 -0.305132 -0)
(2.31753 -0.288788 -0)
(2.20575 -0.273232 -0)
(2.09998 -0.258418 -0)
(1.99999 -0.244316 -0)
(1.90548 -0.230881 -0)
(1.81617 -0.218074 -0)
(1.73185 -0.205867 -0)
(1.65228 -0.194223 -0)
(1.57721 -0.183108 -0)
(1.50649 -0.172497 -0)
(1.43989 -0.162358 -0)
(1.37722 -0.152661 -0)
(1.31834 -0.143384 -0)
(1.26308 -0.1345 -0)
(1.21125 -0.125982 -0)
(1.16277 -0.117812 -0)
(1.11747 -0.109964 -0)
(1.07522 -0.102414 -0)
(1.03592 -0.0951483 -0)
(0.99947 -0.0881426 -0)
(0.965746 -0.0813763 -0)
(0.934677 -0.0748351 -0)
(0.906171 -0.0684987 -0)
(0.88014 -0.0623482 -0)
(0.856529 -0.0563704 -0)
(0.835265 -0.050547 -0)
(0.816284 -0.0448604 -0)
(0.799546 -0.0392984 -0)
(0.785 -0.033844 -0)
(0.772601 -0.0284808 -0)
(0.762322 -0.0231973 -0)
(0.754134 -0.0179772 -0)
(0.74801 -0.0128049 -0)
(0.743938 -0.00766926 -0)
(0.741905 -0.0025546 -0)
(8.40134 -0.655786 -0)
(7.97602 -0.622537 -0)
(7.57229 -0.590929 -0)
(7.18896 -0.560875 -0)
(6.82524 -0.532319 -0)
(6.48006 -0.505181 -0)
(6.15239 -0.479385 -0)
(5.84155 -0.454881 -0)
(5.54662 -0.431598 -0)
(5.26672 -0.409469 -0)
(5.00125 -0.38845 -0)
(4.74942 -0.368479 -0)
(4.51048 -0.349499 -0)
(4.28392 -0.331471 -0)
(4.06906 -0.314341 -0)
(3.86526 -0.298059 -0)
(3.67207 -0.282592 -0)
(3.48893 -0.267893 -0)
(3.31528 -0.253918 -0)
(3.15074 -0.240639 -0)
(2.99482 -0.228016 -0)
(2.84705 -0.21601 -0)
(2.70712 -0.204597 -0)
(2.57459 -0.193743 -0)
(2.44908 -0.183414 -0)
(2.33031 -0.17359 -0)
(2.21791 -0.164239 -0)
(2.11156 -0.155335 -0)
(2.01102 -0.146858 -0)
(1.916 -0.138782 -0)
(1.82619 -0.131084 -0)
(1.74141 -0.123746 -0)
(1.6614 -0.116747 -0)
(1.58591 -0.110066 -0)
(1.5148 -0.103688 -0)
(1.44784 -0.0975933 -0)
(1.38482 -0.0917642 -0)
(1.32562 -0.0861882 -0)
(1.27005 -0.0808481 -0)
(1.21794 -0.0757278 -0)
(1.16918 -0.0708165 -0)
(1.12363 -0.0660991 -0)
(1.08115 -0.0615614 -0)
(1.04164 -0.0571936 -0)
(1.00499 -0.0529825 -0)
(0.971076 -0.0489153 -0)
(0.939836 -0.0449834 -0)
(0.911172 -0.0411746 -0)
(0.884998 -0.0374776 -0)
(0.861256 -0.0338843 -0)
(0.839875 -0.0303838 -0)
(0.820789 -0.0269656 -0)
(0.803959 -0.0236223 -0)
(0.789332 -0.0203437 -0)
(0.776865 -0.0171198 -0)
(0.76653 -0.0139439 -0)
(0.758296 -0.0108061 -0)
(0.752138 -0.00769705 -0)
(0.748044 -0.00461 -0)
(0.745999 -0.00153557 -0)
(8.4241 -0.218791 -0)
(7.99766 -0.207699 -0)
(7.59286 -0.197154 -0)
(7.20851 -0.187128 -0)
(6.84382 -0.177601 -0)
(6.49772 -0.168547 -0)
(6.16917 -0.159941 -0)
(5.8575 -0.151766 -0)
(5.56177 -0.143998 -0)
(5.28111 -0.136615 -0)
(5.01492 -0.129602 -0)
(4.76241 -0.12294 -0)
(4.52282 -0.116607 -0)
(4.29565 -0.110592 -0)
(4.08021 -0.104877 -0)
(3.87585 -0.099445 -0)
(3.68214 -0.0942846 -0)
(3.4985 -0.0893804 -0)
(3.32437 -0.0847179 -0)
(3.15938 -0.0802876 -0)
(3.00304 -0.0760758 -0)
(2.85487 -0.0720703 -0)
(2.71455 -0.0682626 -0)
(2.58166 -0.0646411 -0)
(2.4558 -0.061195 -0)
(2.3367 -0.0579171 -0)
(2.224 -0.0547973 -0)
(2.11736 -0.0518265 -0)
(2.01655 -0.0489982 -0)
(1.92126 -0.0463038 -0)
(1.8312 -0.0437353 -0)
(1.74619 -0.0412873 -0)
(1.66596 -0.0389521 -0)
(1.59027 -0.0367229 -0)
(1.51896 -0.0345948 -0)
(1.45181 -0.0325615 -0)
(1.38862 -0.0306166 -0)
(1.32926 -0.0287562 -0)
(1.27354 -0.0269745 -0)
(1.22129 -0.0252662 -0)
(1.1724 -0.0236276 -0)
(1.12672 -0.0220536 -0)
(1.08412 -0.0205396 -0)
(1.0445 -0.0190824 -0)
(1.00775 -0.0176773 -0)
(0.973744 -0.0163203 -0)
(0.942419 -0.0150085 -0)
(0.913676 -0.0137377 -0)
(0.88743 -0.0125042 -0)
(0.863623 -0.0113053 -0)
(0.842183 -0.0101374 -0)
(0.823045 -0.00899693 -0)
(0.806169 -0.00788145 -0)
(0.791502 -0.00678756 -0)
(0.779 -0.00571195 -0)
(0.768637 -0.00465231 -0)
(0.76038 -0.00360541 -0)
(0.754206 -0.00256808 -0)
(0.7501 -0.0015381 -0)
(0.74805 -0.000512335 -0)
(8.4241 0.218791 -0)
(7.99766 0.207699 -0)
(7.59286 0.197154 -0)
(7.20851 0.187128 -0)
(6.84382 0.177601 -0)
(6.49772 0.168547 -0)
(6.16917 0.159941 -0)
(5.8575 0.151766 -0)
(5.56177 0.143998 -0)
(5.28111 0.136615 -0)
(5.01492 0.129602 -0)
(4.76241 0.12294 -0)
(4.52282 0.116607 -0)
(4.29565 0.110592 -0)
(4.08021 0.104877 -0)
(3.87585 0.099445 -0)
(3.68214 0.0942846 -0)
(3.4985 0.0893804 -0)
(3.32437 0.0847179 -0)
(3.15938 0.0802876 -0)
(3.00304 0.0760758 -0)
(2.85487 0.0720703 -0)
(2.71455 0.0682626 -0)
(2.58166 0.0646411 -0)
(2.4558 0.061195 -0)
(2.3367 0.0579171 -0)
(2.224 0.0547973 -0)
(2.11736 0.0518265 -0)
(2.01655 0.0489982 -0)
(1.92126 0.0463038 -0)
(1.8312 0.0437353 -0)
(1.74619 0.0412873 -0)
(1.66596 0.0389521 -0)
(1.59027 0.0367229 -0)
(1.51896 0.0345948 -0)
(1.45181 0.0325615 -0)
(1.38862 0.0306166 -0)
(1.32926 0.0287562 -0)
(1.27354 0.0269745 -0)
(1.22129 0.0252662 -0)
(1.1724 0.0236276 -0)
(1.12672 0.0220536 -0)
(1.08412 0.0205396 -0)
(1.0445 0.0190824 -0)
(1.00775 0.0176773 -0)
(0.973744 0.0163203 -0)
(0.942419 0.0150085 -0)
(0.913676 0.0137377 -0)
(0.88743 0.0125042 -0)
(0.863623 0.0113053 -0)
(0.842183 0.0101374 -0)
(0.823045 0.00899693 -0)
(0.806169 0.00788145 -0)
(0.791502 0.00678756 -0)
(0.779 0.00571195 -0)
(0.768637 0.00465231 -0)
(0.76038 0.00360541 -0)
(0.754206 0.00256808 -0)
(0.7501 0.0015381 -0)
(0.74805 0.000512335 -0)
(8.40134 0.655786 -0)
(7.97602 0.622537 -0)
(7.57229 0.590929 -0)
(7.18896 0.560875 -0)
(6.82524 0.532319 -0)
(6.48006 0.505181 -0)
(6.15239 0.479385 -0)
(5.84155 0.454881 -0)
(5.54662 0.431598 -0)
(5.26672 0.409469 -0)
(5.00125 0.38845 -0)
(4.74942 0.368479 -0)
(4.51048 0.349499 -0)
(4.28392 0.331471 -0)
(4.06906 0.314341 -0)
(3.86526 0.298059 -0)
(3.67207 0.282592 -0)
(3.48893 0.267893 -0)
(3.31528 0.253918 -0)
(3.15074 0.240639 -0)
(2.99482 0.228016 -0)
(2.84705 0.21601 -0)
(2.70712 0.204597 -0)
(2.57459 0.193743 -0)
(2.44908 0.183414 -0)
(2.33031 0.17359 -0)
(2.21791 0.164239 -0)
(2.11156 0.155335 -0)
(2.01102 0.146858 -0)
(1.916 0.138782 -0)
(1.82619 0.131084 -0)
(1.74141 0.123746 -0)
(1.6614 0.116747 -0)
(1.58591 0.110066 -0)
(1.5148 0.103688 -0)
(1.44784 0.0975933 -0)
(1.38482 0.0917642 -0)
(1.32562 0.0861882 -0)
(1.27005 0.0808481 -0)
(1.21794 0.0757278 -0)
(1.16918 0.0708165 -0)
(1.12363 0.0660991 -0)
(1.08115 0.0615614 -0)
(1.04164 0.0571936 -0)
(1.00499 0.0529825 -0)
(0.971076 0.0489153 -0)
(0.939836 0.0449834 -0)
(0.911172 0.0411746 -0)
(0.884998 0.0374776 -0)
(0.861256 0.0338843 -0)
(0.839875 0.0303838 -0)
(0.820789 0.0269656 -0)
(0.803959 0.0236223 -0)
(0.789332 0.0203437 -0)
(0.776865 0.0171198 -0)
(0.76653 0.0139439 -0)
(0.758296 0.0108061 -0)
(0.752138 0.00769705 -0)
(0.748044 0.00461 -0)
(0.745999 0.00153557 -0)
(8.35588 1.09106 -0)
(7.9328 1.03573 -0)
(7.5312 0.983139 -0)
(7.14991 0.933132 -0)
(6.78812 0.88562 -0)
(6.44479 0.840466 -0)
(6.11887 0.797546 -0)
(5.80971 0.756776 -0)
(5.51636 0.718036 -0)
(5.23796 0.681219 -0)
(4.97393 0.646248 -0)
(4.72346 0.613022 -0)
(4.48582 0.581444 -0)
(4.26049 0.551451 -0)
(4.0468 0.522952 -0)
(3.8441 0.495863 -0)
(3.65197 0.470131 -0)
(3.46983 0.445676 -0)
(3.29712 0.422427 -0)
(3.13348 0.400335 -0)
(2.97841 0.379334 -0)
(2.83145 0.359361 -0)
(2.69228 0.340374 -0)
(2.56048 0.322316 -0)
(2.43565 0.305132 -0)
(2.31753 0.288788 -0)
(2.20575 0.273232 -0)
(2.09998 0.258418 -0)
(1.99999 0.244316 -0)
(1.90548 0.230881 -0)
(1.81617 0.218074 -0)
(1.73185 0.205867 -0)
(1.65228 0.194223 -0)
(1.57721 0.183108 -0)
(1.50649 0.172497 -0)
(1.43989 0.162358 -0)
(1.37722 0.152661 -0)
(1.31834 0.143384 -0)
(1.26308 0.1345 -0)
(1.21125 0.125982 -0)
(1.16277 0.117812 -0)
(1.11747 0.109964 -0)
(1.07522 0.102414 -0)
(1.03592 0.0951483 -0)
(0.99947 0.0881426 -0)
(0.965746 0.0813763 -0)
(0.934677 0.0748351 -0)
(0.906171 0.0684987 -0)
(0.88014 0.0623482 -0)
(0.856529 0.0563704 -0)
(0.835265 0.050547 -0)
(0.816284 0.0448604 -0)
(0.799546 0.0392984 -0)
(0.785 0.033844 -0)
(0.772601 0.0284808 -0)
(0.762322 0.0231973 -0)
(0.754134 0.0179772 -0)
(0.74801 0.0128049 -0)
(0.743938 0.00766926 -0)
(0.741905 0.0025546 -0)
(8.28782 1.52348 -0)
(7.86809 1.44621 -0)
(7.46969 1.37276 -0)
(7.09144 1.30292 -0)
(6.73256 1.23657 -0)
(6.39199 1.17351 -0)
(6.0687 1.11358 -0)
(5.76204 1.05665 -0)
(5.47107 1.00255 -0)
(5.19493 0.95114 -0)
(4.93304 0.90231 -0)
(4.68462 0.855915 -0)
(4.44891 0.811822 -0)
(4.22542 0.769942 -0)
(4.01347 0.730149 -0)
(3.81244 0.692327 -0)
(3.62188 0.656397 -0)
(3.44123 0.622252 -0)
(3.26994 0.58979 -0)
(3.10764 0.558945 -0)
(2.95385 0.529622 -0)
(2.80809 0.501735 -0)
(2.67007 0.475226 -0)
(2.53935 0.450012 -0)
(2.41555 0.426021 -0)
(2.2984 0.4032 -0)
(2.18755 0.381481 -0)
(2.08265 0.360798 -0)
(1.98348 0.341108 -0)
(1.88975 0.322351 -0)
(1.80117 0.304469 -0)
(1.71755 0.287427 -0)
(1.63864 0.27117 -0)
(1.56419 0.255651 -0)
(1.49405 0.240836 -0)
(1.428 0.22668 -0)
(1.36585 0.213141 -0)
(1.30745 0.200189 -0)
(1.25264 0.187786 -0)
(1.20125 0.175893 -0)
(1.15316 0.164485 -0)
(1.10824 0.153528 -0)
(1.06633 0.142988 -0)
(1.02737 0.132843 -0)
(0.991215 0.123062 -0)
(0.957769 0.113615 -0)
(0.926957 0.104483 -0)
(0.898686 0.095636 -0)
(0.87287 0.0870488 -0)
(0.849453 0.0787028 -0)
(0.828365 0.0705723 -0)
(0.809541 0.0626328 -0)
(0.792941 0.0548673 -0)
(0.778515 0.0472521 -0)
(0.766218 0.0397641 -0)
(0.756025 0.0323874 -0)
(0.747904 0.0250993 -0)
(0.741831 0.0178779 -0)
(0.737792 0.0107076 -0)
(0.735776 0.00356666 -0)
(8.19732 1.95189 -0)
(7.78206 1.85286 -0)
(7.38792 1.75873 -0)
(7.01372 1.66924 -0)
(6.6587 1.58421 -0)
(6.3218 1.50342 -0)
(6.00201 1.42662 -0)
(5.69867 1.35367 -0)
(5.41086 1.28436 -0)
(5.13773 1.21849 -0)
(4.87869 1.15593 -0)
(4.63298 1.09649 -0)
(4.39985 1.03999 -0)
(4.17881 0.986339 -0)
(3.96918 0.935358 -0)
(3.77035 0.886903 -0)
(3.58189 0.840873 -0)
(3.40322 0.797129 -0)
(3.23381 0.755542 -0)
(3.0733 0.716027 -0)
(2.9212 0.678462 -0)
(2.77706 0.642737 -0)
(2.64055 0.608776 -0)
(2.51128 0.576477 -0)
(2.38884 0.545742 -0)
(2.27298 0.516508 -0)
(2.16335 0.488684 -0)
(2.05961 0.462189 -0)
(1.96154 0.436965 -0)
(1.86885 0.412936 -0)
(1.78125 0.39003 -0)
(1.69855 0.368197 -0)
(1.62051 0.347372 -0)
(1.54688 0.327491 -0)
(1.47751 0.308513 -0)
(1.4122 0.29038 -0)
(1.35073 0.273036 -0)
(1.29298 0.256444 -0)
(1.23878 0.240555 -0)
(1.18795 0.22532 -0)
(1.1404 0.210707 -0)
(1.09597 0.196671 -0)
(1.05453 0.183169 -0)
(1.016 0.170173 -0)
(0.980243 0.157644 -0)
(0.947167 0.145542 -0)
(0.916696 0.133843 -0)
(0.888738 0.12251 -0)
(0.863208 0.11151 -0)
(0.84005 0.100819 -0)
(0.819195 0.0904036 -0)
(0.80058 0.080233 -0)
(0.784164 0.0702854 -0)
(0.769897 0.0605302 -0)
(0.757737 0.0509381 -0)
(0.747656 0.0414884 -0)
(0.739625 0.0321524 -0)
(0.733619 0.0229017 -0)
(0.729625 0.0137165 -0)
(0.727631 0.00456891 -0)
(8.08461 2.37515 -0)
(7.67492 2.25461 -0)
(7.28608 2.14004 -0)
(6.91694 2.03111 -0)
(6.56673 1.92763 -0)
(6.2344 1.82929 -0)
(5.91897 1.73583 -0)
(5.61977 1.64705 -0)
(5.3359 1.56271 -0)
(5.06651 1.48255 -0)
(4.81103 1.40642 -0)
(4.56869 1.33409 -0)
(4.33877 1.26535 -0)
(4.12077 1.20006 -0)
(3.91404 1.13803 -0)
(3.71796 1.07907 -0)
(3.5321 1.02306 -0)
(3.3559 0.969836 -0)
(3.18884 0.919236 -0)
(3.03055 0.871157 -0)
(2.88056 0.825451 -0)
(2.73841 0.781984 -0)
(2.6038 0.740665 -0)
(2.47632 0.701366 -0)
(2.35559 0.663972 -0)
(2.24134 0.628404 -0)
(2.13323 0.594552 -0)
(2.03093 0.562316 -0)
(1.93423 0.531627 -0)
(1.84282 0.502392 -0)
(1.75644 0.474523 -0)
(1.67489 0.447961 -0)
(1.59793 0.422623 -0)
(1.52533 0.398436 -0)
(1.45693 0.375347 -0)
(1.39253 0.353284 -0)
(1.33191 0.332183 -0)
(1.27497 0.311997 -0)
(1.22152 0.292666 -0)
(1.1714 0.274131 -0)
(1.12451 0.256352 -0)
(1.0807 0.239275 -0)
(1.03984 0.222848 -0)
(1.00184 0.207037 -0)
(0.966585 0.191793 -0)
(0.933969 0.17707 -0)
(0.903923 0.162837 -0)
(0.876354 0.149049 -0)
(0.85118 0.135666 -0)
(0.828345 0.122659 -0)
(0.807781 0.109987 -0)
(0.789424 0.0976134 -0)
(0.773237 0.0855109 -0)
(0.759169 0.0736425 -0)
(0.747178 0.0619725 -0)
(0.737238 0.0504758 -0)
(0.729319 0.0391173 -0)
(0.723396 0.0278627 -0)
(0.719458 0.0166878 -0)
(0.717492 0.00555864 -0)
(7.94995 2.79217 -0)
(7.54692 2.65041 -0)
(7.16442 2.51567 -0)
(6.80132 2.38758 -0)
(6.45686 2.2659 -0)
(6.13001 2.15028 -0)
(5.81978 2.04039 -0)
(5.52553 1.93602 -0)
(5.24636 1.83685 -0)
(4.98145 1.74262 -0)
(4.73022 1.65312 -0)
(4.49192 1.56809 -0)
(4.26583 1.48728 -0)
(4.05147 1.41053 -0)
(3.8482 1.33761 -0)
(3.65539 1.26831 -0)
(3.47264 1.20247 -0)
(3.2994 1.13991 -0)
(3.13514 1.08043 -0)
(2.97951 1.02392 -0)
(2.83203 0.970194 -0)
(2.69227 0.919102 -0)
(2.55992 0.870535 -0)
(2.43459 0.824344 -0)
(2.31588 0.780392 -0)
(2.20356 0.738586 -0)
(2.09726 0.698797 -0)
(1.99669 0.660908 -0)
(1.90161 0.624838 -0)
(1.81175 0.590476 -0)
(1.72682 0.55772 -0)
(1.64664 0.5265 -0)
(1.57098 0.496721 -0)
(1.49961 0.468292 -0)
(1.43236 0.441154 -0)
(1.36904 0.415223 -0)
(1.30945 0.390422 -0)
(1.25346 0.366698 -0)
(1.20091 0.343977 -0)
(1.15164 0.322192 -0)
(1.10554 0.301296 -0)
(1.06247 0.281225 -0)
(1.0223 0.261918 -0)
(0.984937 0.243335 -0)
(0.950277 0.225418 -0)
(0.918212 0.208114 -0)
(0.888672 0.191385 -0)
(0.861569 0.17518 -0)
(0.836818 0.159451 -0)
(0.814369 0.144163 -0)
(0.794151 0.12927 -0)
(0.776105 0.114727 -0)
(0.76019 0.100503 -0)
(0.74636 0.0865534 -0)
(0.734571 0.0728374 -0)
(0.724798 0.0593251 -0)
(0.717013 0.0459753 -0)
(0.71119 0.0327476 -0)
(0.707318 0.0196135 -0)
(0.705385 0.00653317 -0)
(7.79368 3.20181 -0)
(7.39839 3.03917 -0)
(7.02326 2.88461 -0)
(6.66718 2.73768 -0)
(6.3294 2.59811 -0)
(6.0089 2.46549 -0)
(5.70472 2.33946 -0)
(5.41621 2.21976 -0)
(5.1425 2.10604 -0)
(4.88278 1.99797 -0)
(4.63648 1.89533 -0)
(4.40286 1.79783 -0)
(4.18122 1.70517 -0)
(3.97109 1.61717 -0)
(3.77182 1.53356 -0)
(3.58282 1.45409 -0)
(3.40369 1.3786 -0)
(3.23387 1.30687 -0)
(3.07286 1.23868 -0)
(2.92031 1.17388 -0)
(2.77575 1.11228 -0)
(2.63876 1.05371 -0)
(2.50904 0.998025 -0)
(2.38618 0.945067 -0)
(2.26983 0.894676 -0)
(2.15974 0.846746 -0)
(2.05556 0.801129 -0)
(1.95698 0.75769 -0)
(1.86379 0.716337 -0)
(1.77571 0.676943 -0)
(1.69246 0.639389 -0)
(1.61389 0.603597 -0)
(1.53973 0.569456 -0)
(1.46977 0.536864 -0)
(1.40386 0.505752 -0)
(1.3418 0.476024 -0)
(1.28339 0.447591 -0)
(1.22852 0.420392 -0)
(1.17702 0.394344 -0)
(1.12873 0.369369 -0)
(1.08354 0.345413 -0)
(1.04132 0.322403 -0)
(1.00195 0.300269 -0)
(0.965335 0.278965 -0)
(0.931365 0.258425 -0)
(0.899938 0.238587 -0)
(0.870986 0.219408 -0)
(0.844422 0.200831 -0)
(0.820164 0.182798 -0)
(0.798161 0.165272 -0)
(0.778346 0.148198 -0)
(0.760658 0.131525 -0)
(0.745061 0.115218 -0)
(0.731505 0.0992268 -0)
(0.719951 0.0835024 -0)
(0.710373 0.0680116 -0)
(0.702742 0.0527071 -0)
(0.697036 0.0375425 -0)
(0.693241 0.0224854 -0)
(0.691346 0.00748977 -0)
(7.61618 3.60297 -0)
(7.22969 3.41987 -0)
(6.86294 3.24585 -0)
(6.51485 3.08046 -0)
(6.18466 2.92335 -0)
(5.87138 2.77409 -0)
(5.57406 2.63224 -0)
(5.29208 2.49752 -0)
(5.02459 2.36953 -0)
(4.77076 2.24792 -0)
(4.53006 2.13242 -0)
(4.30176 2.0227 -0)
(4.08518 1.91843 -0)
(3.87984 1.81941 -0)
(3.68513 1.72533 -0)
(3.50045 1.63591 -0)
(3.32541 1.55098 -0)
(3.15948 1.47027 -0)
(3.00216 1.39354 -0)
(2.85311 1.32064 -0)
(2.71187 1.25134 -0)
(2.57802 1.18544 -0)
(2.45127 1.12279 -0)
(2.33124 1.06321 -0)
(2.21757 1.00651 -0)
(2.11 0.952591 -0)
(2.00821 0.90127 -0)
(1.9119 0.8524 -0)
(1.82086 0.805876 -0)
(1.7348 0.761556 -0)
(1.65348 0.719308 -0)
(1.5767 0.679041 -0)
(1.50425 0.640632 -0)
(1.43591 0.603966 -0)
(1.37151 0.568965 -0)
(1.31088 0.53552 -0)
(1.25382 0.503533 -0)
(1.20021 0.472935 -0)
(1.14989 0.443631 -0)
(1.10271 0.415534 -0)
(1.05857 0.388584 -0)
(1.01733 0.362698 -0)
(0.978861 0.337798 -0)
(0.943088 0.313831 -0)
(0.909901 0.290724 -0)
(0.879198 0.268406 -0)
(0.850913 0.24683 -0)
(0.82496 0.225931 -0)
(0.801262 0.205644 -0)
(0.779766 0.185928 -0)
(0.760407 0.16672 -0)
(0.743127 0.147964 -0)
(0.727889 0.129618 -0)
(0.714646 0.111628 -0)
(0.703358 0.0939386 -0)
(0.694 0.0765118 -0)
(0.686545 0.0592945 -0)
(0.68097 0.0422346 -0)
(0.677263 0.0252956 -0)
(0.675412 0.00842585 -0)
(7.41788 3.99459 -0)
(7.04123 3.79147 -0)
(6.68387 3.59845 -0)
(6.3447 3.415 -0)
(6.023 3.24077 -0)
(5.71779 3.07523 -0)
(5.42816 2.91793 -0)
(5.15348 2.76855 -0)
(4.89291 2.62664 -0)
(4.64568 2.49179 -0)
(4.41124 2.36374 -0)
(4.18889 2.24209 -0)
(3.97794 2.1265 -0)
(3.77796 2.01671 -0)
(3.58833 1.91242 -0)
(3.40848 1.81329 -0)
(3.23802 1.71914 -0)
(3.07644 1.62967 -0)
(2.92323 1.54462 -0)
(2.77809 1.4638 -0)
(2.64055 1.38698 -0)
(2.51022 1.31393 -0)
(2.38679 1.24449 -0)
(2.26992 1.17845 -0)
(2.15922 1.11561 -0)
(2.05448 1.05583 -0)
(1.95537 0.998949 -0)
(1.86159 0.944781 -0)
(1.77293 0.893213 -0)
(1.68914 0.844089 -0)
(1.60995 0.797261 -0)
(1.5352 0.752629 -0)
(1.46466 0.710057 -0)
(1.39811 0.669417 -0)
(1.33541 0.630622 -0)
(1.27637 0.593553 -0)
(1.22081 0.558099 -0)
(1.16861 0.524184 -0)
(1.11962 0.491705 -0)
(1.07368 0.460563 -0)
(1.0307 0.430692 -0)
(0.990541 0.402001 -0)
(0.953087 0.374402 -0)
(0.918256 0.347838 -0)
(0.885942 0.322227 -0)
(0.856047 0.29749 -0)
(0.828507 0.273577 -0)
(0.803237 0.250413 -0)
(0.780162 0.227928 -0)
(0.759232 0.206075 -0)
(0.740383 0.184786 -0)
(0.723558 0.163997 -0)
(0.708721 0.143664 -0)
(0.695827 0.123724 -0)
(0.684836 0.104118 -0)
(0.675725 0.0848025 -0)
(0.668466 0.0657195 -0)
(0.663038 0.0468111 -0)
(0.659428 0.0280366 -0)
(0.657626 0.00933886 -0)
(7.19927 4.37558 -0)
(6.83351 4.15295 -0)
(6.48649 3.94142 -0)
(6.15718 3.74039 -0)
(5.84485 3.54947 -0)
(5.54855 3.36809 -0)
(5.26739 3.19575 -0)
(5.00076 3.03209 -0)
(4.74784 2.87662 -0)
(4.50787 2.72891 -0)
(4.28033 2.58864 -0)
(4.06453 2.45539 -0)
(3.85981 2.32877 -0)
(3.66574 2.20853 -0)
(3.48171 2.09429 -0)
(3.30718 1.98573 -0)
(3.14177 1.88261 -0)
(2.98497 1.78462 -0)
(2.8363 1.69147 -0)
(2.69546 1.60297 -0)
(2.562 1.51884 -0)
(2.43553 1.43883 -0)
(2.31578 1.36279 -0)
(2.20237 1.29046 -0)
(2.09496 1.22164 -0)
(1.99333 1.15619 -0)
(1.89717 1.09389 -0)
(1.80617 1.03457 -0)
(1.72015 0.978104 -0)
(1.63885 0.924309 -0)
(1.56202 0.873029 -0)
(1.48949 0.824155 -0)
(1.42105 0.777535 -0)
(1.35647 0.733032 -0)
(1.29564 0.69055 -0)
(1.23836 0.649958 -0)
(1.18445 0.611134 -0)
(1.13381 0.573996 -0)
(1.08628 0.53843 -0)
(1.0417 0.504328 -0)
(1 0.471619 -0)
(0.96104 0.440201 -0)
(0.924701 0.40998 -0)
(0.890907 0.380891 -0)
(0.859555 0.352846 -0)
(0.83055 0.325759 -0)
(0.80383 0.299573 -0)
(0.779313 0.274208 -0)
(0.756926 0.249586 -0)
(0.736619 0.225656 -0)
(0.718331 0.202344 -0)
(0.702007 0.17958 -0)
(0.687612 0.157315 -0)
(0.675101 0.135481 -0)
(0.664438 0.114011 -0)
(0.655598 0.0928605 -0)
(0.648556 0.0719643 -0)
(0.643289 0.0512591 -0)
(0.639787 0.0307006 -0)
(0.638038 0.0102263 -0)
(6.96091 4.7449 -0)
(6.60703 4.50333 -0)
(6.27133 4.27382 -0)
(5.95277 4.05572 -0)
(5.65067 3.84861 -0)
(5.3641 3.65187 -0)
(5.09218 3.46493 -0)
(4.83433 3.28743 -0)
(4.58975 3.11882 -0)
(4.35771 2.95863 -0)
(4.13769 2.80651 -0)
(3.92904 2.66201 -0)
(3.7311 2.52472 -0)
(3.54346 2.39433 -0)
(3.36555 2.27046 -0)
(3.19681 2.15275 -0)
(3.0369 2.04094 -0)
(2.88531 1.9347 -0)
(2.74159 1.83371 -0)
(2.60544 1.73775 -0)
(2.47643 1.64654 -0)
(2.35417 1.5598 -0)
(2.23841 1.47736 -0)
(2.12878 1.39895 -0)
(2.02496 1.32434 -0)
(1.92672 1.25338 -0)
(1.83376 1.18584 -0)
(1.7458 1.12154 -0)
(1.66266 1.06032 -0)
(1.58407 1.002 -0)
(1.50981 0.946407 -0)
(1.4397 0.893424 -0)
(1.37354 0.842885 -0)
(1.31113 0.79464 -0)
(1.25232 0.748587 -0)
(1.19696 0.704582 -0)
(1.14485 0.662495 -0)
(1.0959 0.622236 -0)
(1.04996 0.58368 -0)
(1.00687 0.546712 -0)
(0.966565 0.511254 -0)
(0.928905 0.477195 -0)
(0.893781 0.444434 -0)
(0.861117 0.412901 -0)
(0.830813 0.382498 -0)
(0.802778 0.353135 -0)
(0.776951 0.324748 -0)
(0.753253 0.297251 -0)
(0.731614 0.270561 -0)
(0.711986 0.24462 -0)
(0.69431 0.219349 -0)
(0.678532 0.194671 -0)
(0.664618 0.170535 -0)
(0.652526 0.146866 -0)
(0.642219 0.123592 -0)
(0.633675 0.100664 -0)
(0.626868 0.0780119 -0)
(0.621777 0.0555667 -0)
(0.618392 0.0332806 -0)
(0.616702 0.0110856 -0)
(6.70339 5.10155 -0)
(6.36237 4.84165 -0)
(6.03891 4.59475 -0)
(5.73199 4.36015 -0)
(5.44095 4.13739 -0)
(5.16489 3.92579 -0)
(4.90297 3.72476 -0)
(4.65461 3.53388 -0)
(4.41905 3.35257 -0)
(4.19557 3.18032 -0)
(3.98369 3.01676 -0)
(3.78275 2.86141 -0)
(3.59215 2.71379 -0)
(3.41146 2.57362 -0)
(3.24014 2.44045 -0)
(3.07767 2.31391 -0)
(2.92369 2.19371 -0)
(2.77774 2.0795 -0)
(2.63936 1.97094 -0)
(2.50827 1.86779 -0)
(2.38406 1.76975 -0)
(2.26636 1.67651 -0)
(2.1549 1.58789 -0)
(2.04936 1.50361 -0)
(1.9494 1.42342 -0)
(1.85482 1.34714 -0)
(1.76533 1.27455 -0)
(1.68065 1.20543 -0)
(1.6006 1.13963 -0)
(1.52495 1.07695 -0)
(1.45345 1.0172 -0)
(1.38596 0.960248 -0)
(1.32227 0.905929 -0)
(1.26218 0.854074 -0)
(1.20557 0.804575 -0)
(1.15227 0.757279 -0)
(1.10211 0.712043 -0)
(1.05499 0.668772 -0)
(1.01076 0.627333 -0)
(0.969282 0.5876 -0)
(0.930477 0.549489 -0)
(0.894223 0.512883 -0)
(0.86041 0.477671 -0)
(0.828965 0.44378 -0)
(0.799792 0.411103 -0)
(0.772803 0.379544 -0)
(0.74794 0.349035 -0)
(0.725128 0.319481 -0)
(0.704296 0.290794 -0)
(0.685401 0.262913 -0)
(0.668385 0.235752 -0)
(0.653196 0.20923 -0)
(0.639801 0.183288 -0)
(0.62816 0.157849 -0)
(0.618238 0.132835 -0)
(0.610013 0.108192 -0)
(0.60346 0.0838458 -0)
(0.59856 0.0597222 -0)
(0.595301 0.0357694 -0)
(0.593674 0.0119146 -0)
(6.42737 5.44452 -0)
(6.10018 5.16695 -0)
(5.78985 4.90331 -0)
(5.49543 4.65282 -0)
(5.21626 4.41498 -0)
(4.95148 4.18909 -0)
(4.70028 3.97448 -0)
(4.4621 3.77073 -0)
(4.23621 3.57721 -0)
(4.02191 3.39336 -0)
(3.81874 3.2188 -0)
(3.62608 3.053 -0)
(3.44333 2.89547 -0)
(3.27009 2.74589 -0)
(3.10585 2.60378 -0)
(2.95008 2.46875 -0)
(2.80247 2.34049 -0)
(2.66255 2.21863 -0)
(2.5299 2.10279 -0)
(2.40423 1.99273 -0)
(2.28516 1.88812 -0)
(2.17233 1.78864 -0)
(2.06549 1.69408 -0)
(1.96431 1.60416 -0)
(1.8685 1.5186 -0)
(1.77784 1.43722 -0)
(1.69206 1.35977 -0)
(1.61089 1.28603 -0)
(1.53416 1.21582 -0)
(1.46164 1.14895 -0)
(1.39311 1.0852 -0)
(1.32842 1.02444 -0)
(1.26737 0.966489 -0)
(1.20978 0.911167 -0)
(1.15552 0.858358 -0)
(1.10443 0.807899 -0)
(1.05635 0.75964 -0)
(1.01118 0.713476 -0)
(0.968786 0.669265 -0)
(0.929034 0.626876 -0)
(0.89184 0.586217 -0)
(0.857091 0.547164 -0)
(0.824681 0.509599 -0)
(0.794542 0.473442 -0)
(0.76658 0.438581 -0)
(0.740712 0.404912 -0)
(0.716881 0.372363 -0)
(0.695016 0.340834 -0)
(0.675049 0.31023 -0)
(0.656938 0.280486 -0)
(0.640629 0.251509 -0)
(0.62607 0.223214 -0)
(0.613232 0.195539 -0)
(0.602074 0.168399 -0)
(0.592564 0.141713 -0)
(0.584681 0.115423 -0)
(0.5784 0.0894498 -0)
(0.573703 0.0637138 -0)
(0.570579 0.0381601 -0)
(0.56902 0.012711 -0)
(6.13357 5.77284 -0)
(5.82111 5.47834 -0)
(5.5248 5.19863 -0)
(5.24369 4.9329 -0)
(4.97718 4.68062 -0)
(4.72442 4.44103 -0)
(4.48464 4.21343 -0)
(4.2573 3.99734 -0)
(4.04171 3.79213 -0)
(3.83719 3.59718 -0)
(3.6433 3.41208 -0)
(3.45944 3.23628 -0)
(3.28505 3.06926 -0)
(3.11974 2.91066 -0)
(2.96302 2.76001 -0)
(2.81439 2.61685 -0)
(2.67355 2.48088 -0)
(2.54005 2.35169 -0)
(2.41348 2.22889 -0)
(2.29358 2.11222 -0)
(2.17998 2.00132 -0)
(2.07233 1.89587 -0)
(1.9704 1.79564 -0)
(1.87388 1.70032 -0)
(1.78247 1.60962 -0)
(1.69598 1.52336 -0)
(1.61414 1.44127 -0)
(1.53671 1.3631 -0)
(1.46351 1.28868 -0)
(1.39433 1.2178 -0)
(1.32895 1.15023 -0)
(1.26724 1.08583 -0)
(1.209 1.0244 -0)
(1.15406 0.965764 -0)
(1.1023 0.90979 -0)
(1.05356 0.856307 -0)
(1.00769 0.805155 -0)
(0.964604 0.756224 -0)
(0.924161 0.709364 -0)
(0.886239 0.664435 -0)
(0.850758 0.62134 -0)
(0.817609 0.579946 -0)
(0.786692 0.54013 -0)
(0.757941 0.501806 -0)
(0.731267 0.464857 -0)
(0.70659 0.429171 -0)
(0.683857 0.394672 -0)
(0.662998 0.361254 -0)
(0.643951 0.328816 -0)
(0.626675 0.29729 -0)
(0.611116 0.266577 -0)
(0.597228 0.236587 -0)
(0.584981 0.207253 -0)
(0.574338 0.178488 -0)
(0.565266 0.150203 -0)
(0.557745 0.122338 -0)
(0.551754 0.0948087 -0)
(0.547273 0.0675308 -0)
(0.544294 0.0404462 -0)
(0.542806 0.0134725 -0)
(5.82273 6.0856 -0)
(5.5259 5.77493 -0)
(5.24444 5.47989 -0)
(4.97745 5.19963 -0)
(4.72433 4.93357 -0)
(4.48431 4.68092 -0)
(4.25662 4.44092 -0)
(4.04076 4.21309 -0)
(3.83606 3.99673 -0)
(3.64189 3.7912 -0)
(3.45781 3.59607 -0)
(3.28327 3.41074 -0)
(3.11773 3.23468 -0)
(2.96081 3.0675 -0)
(2.81204 2.9087 -0)
(2.67097 2.7578 -0)
(2.53728 2.61449 -0)
(2.41056 2.47832 -0)
(2.29044 2.34889 -0)
(2.17664 2.22593 -0)
(2.06882 2.10905 -0)
(1.96665 1.99792 -0)
(1.86991 1.89228 -0)
(1.7783 1.79182 -0)
(1.69155 1.69624 -0)
(1.60947 1.60533 -0)
(1.5318 1.51882 -0)
(1.45831 1.43644 -0)
(1.38885 1.35802 -0)
(1.32319 1.28332 -0)
(1.26115 1.21211 -0)
(1.20258 1.14424 -0)
(1.14731 1.07951 -0)
(1.09517 1.01772 -0)
(1.04605 0.958731 -0)
(0.999796 0.90237 -0)
(0.956271 0.848465 -0)
(0.915381 0.796901 -0)
(0.877001 0.74752 -0)
(0.841014 0.700174 -0)
(0.807343 0.65476 -0)
(0.775885 0.61114 -0)
(0.746545 0.569182 -0)
(0.719261 0.528797 -0)
(0.693948 0.48986 -0)
(0.67053 0.452254 -0)
(0.648957 0.4159 -0)
(0.629163 0.380684 -0)
(0.611088 0.346502 -0)
(0.594693 0.313279 -0)
(0.579928 0.280915 -0)
(0.566749 0.249311 -0)
(0.555127 0.2184 -0)
(0.545026 0.188087 -0)
(0.536417 0.158281 -0)
(0.529281 0.128918 -0)
(0.523595 0.0999078 -0)
(0.519343 0.0711629 -0)
(0.516515 0.0426216 -0)
(0.515104 0.0141971 -0)
(5.49569 6.38189 -0)
(5.21534 6.05587 -0)
(4.94952 5.74628 -0)
(4.69741 5.45224 -0)
(4.45841 5.17311 -0)
(4.23179 4.90807 -0)
(4.01683 4.65633 -0)
(3.81306 4.41736 -0)
(3.61983 4.19043 -0)
(3.43655 3.97487 -0)
(3.26281 3.77023 -0)
(3.09807 3.57589 -0)
(2.94182 3.39126 -0)
(2.79373 3.21596 -0)
(2.65333 3.04944 -0)
(2.5202 2.89122 -0)
(2.39404 2.74095 -0)
(2.27446 2.59818 -0)
(2.1611 2.46247 -0)
(2.05372 2.33355 -0)
(1.95198 2.21101 -0)
(1.85557 2.09449 -0)
(1.76429 1.98374 -0)
(1.67785 1.87842 -0)
(1.59599 1.77822 -0)
(1.51854 1.68291 -0)
(1.44526 1.59221 -0)
(1.37592 1.50585 -0)
(1.31038 1.42363 -0)
(1.24843 1.34532 -0)
(1.18989 1.27067 -0)
(1.13463 1.19952 -0)
(1.08248 1.13166 -0)
(1.03328 1.06688 -0)
(0.986936 1.00504 -0)
(0.943296 0.945959 -0)
(0.90223 0.889449 -0)
(0.86365 0.835394 -0)
(0.827438 0.783627 -0)
(0.793484 0.733993 -0)
(0.761715 0.686386 -0)
(0.732035 0.640658 -0)
(0.704353 0.596674 -0)
(0.67861 0.554337 -0)
(0.654728 0.51352 -0)
(0.632633 0.474098 -0)
(0.612279 0.435987 -0)
(0.593603 0.39907 -0)
(0.57655 0.363237 -0)
(0.561081 0.32841 -0)
(0.547151 0.294482 -0)
(0.534717 0.261352 -0)
(0.523751 0.228948 -0)
(0.514222 0.197171 -0)
(0.506099 0.165926 -0)
(0.499366 0.135144 -0)
(0.494001 0.104733 -0)
(0.48999 0.0745998 -0)
(0.487322 0.0446801 -0)
(0.48599 0.0148827 -0)
(5.1533 6.66086 -0)
(4.89024 6.32036 -0)
(4.64084 5.99705 -0)
(4.40431 5.69001 -0)
(4.18012 5.39857 -0)
(3.96755 5.12185 -0)
(3.76593 4.85904 -0)
(3.57482 4.60957 -0)
(3.3936 4.37269 -0)
(3.22172 4.1477 -0)
(3.0588 3.9341 -0)
(2.90432 3.73126 -0)
(2.75782 3.53857 -0)
(2.61896 3.35562 -0)
(2.48732 3.18184 -0)
(2.36249 3.01672 -0)
(2.24421 2.85991 -0)
(2.1321 2.71092 -0)
(2.02583 2.56932 -0)
(1.92516 2.43479 -0)
(1.82977 2.30692 -0)
(1.73939 2.18534 -0)
(1.65382 2.06977 -0)
(1.57279 1.95988 -0)
(1.49605 1.85532 -0)
(1.42345 1.75588 -0)
(1.35475 1.66124 -0)
(1.28975 1.57113 -0)
(1.22831 1.48535 -0)
(1.17024 1.40364 -0)
(1.11536 1.32575 -0)
(1.06356 1.25152 -0)
(1.01468 1.18071 -0)
(0.968561 1.11312 -0)
(0.925116 1.0486 -0)
(0.884209 0.986955 -0)
(0.845714 0.927996 -0)
(0.80955 0.871598 -0)
(0.775606 0.817587 -0)
(0.743778 0.765801 -0)
(0.713999 0.71613 -0)
(0.686178 0.668421 -0)
(0.66023 0.62253 -0)
(0.636099 0.578359 -0)
(0.613713 0.535772 -0)
(0.593002 0.494642 -0)
(0.573923 0.454879 -0)
(0.556417 0.416363 -0)
(0.540432 0.378977 -0)
(0.525932 0.34264 -0)
(0.512874 0.307243 -0)
(0.501219 0.272677 -0)
(0.49094 0.238869 -0)
(0.482008 0.205715 -0)
(0.474394 0.173115 -0)
(0.468082 0.141 -0)
(0.463054 0.109271 -0)
(0.459293 0.0778322 -0)
(0.456793 0.0466161 -0)
(0.455544 0.0155276 -0)
(4.79647 6.92171 -0)
(4.55146 6.56764 -0)
(4.3192 6.23149 -0)
(4.09895 5.91227 -0)
(3.8902 5.6093 -0)
(3.69228 5.32166 -0)
(3.50458 5.04848 -0)
(3.32666 4.7892 -0)
(3.15797 4.54301 -0)
(2.99798 4.30919 -0)
(2.84633 4.08722 -0)
(2.70255 3.87644 -0)
(2.5662 3.67621 -0)
(2.43696 3.4861 -0)
(2.31445 3.30554 -0)
(2.19828 3.13397 -0)
(2.0882 2.97105 -0)
(1.98388 2.81625 -0)
(1.88498 2.66912 -0)
(1.7913 2.52935 -0)
(1.70254 2.39651 -0)
(1.61844 2.27019 -0)
(1.53881 2.15014 -0)
(1.4634 2.03597 -0)
(1.392 1.92734 -0)
(1.32444 1.82403 -0)
(1.26052 1.72572 -0)
(1.20004 1.63211 -0)
(1.14287 1.54299 -0)
(1.08883 1.45811 -0)
(1.03777 1.37719 -0)
(0.989572 1.30008 -0)
(0.944088 1.22653 -0)
(0.901181 1.15631 -0)
(0.860757 1.08929 -0)
(0.822695 1.02525 -0)
(0.786878 0.964001 -0)
(0.753229 0.905414 -0)
(0.721646 0.849307 -0)
(0.692032 0.795512 -0)
(0.664324 0.743913 -0)
(0.638438 0.694352 -0)
(0.614295 0.646681 -0)
(0.591843 0.600796 -0)
(0.571014 0.556557 -0)
(0.551744 0.51383 -0)
(0.533992 0.472525 -0)
(0.517704 0.432515 -0)
(0.502831 0.393678 -0)
(0.48934 0.355932 -0)
(0.477191 0.319161 -0)
(0.466346 0.283254 -0)
(0.456782 0.248135 -0)
(0.448471 0.213695 -0)
(0.441387 0.179831 -0)
(0.435515 0.14647 -0)
(0.430836 0.11351 -0)
(0.427337 0.0808514 -0)
(0.425011 0.0484244 -0)
(0.423849 0.0161299 -0)
(4.42618 7.16366 -0)
(4.19994 6.79698 -0)
(3.9855 6.44889 -0)
(3.78216 6.11837 -0)
(3.58945 5.80469 -0)
(3.40676 5.50691 -0)
(3.2335 5.22412 -0)
(3.06929 4.95573 -0)
(2.9136 4.7009 -0)
(2.76595 4.45888 -0)
(2.626 4.22915 -0)
(2.49332 4.011 -0)
(2.3675 3.80378 -0)
(2.24825 3.60704 -0)
(2.13521 3.42018 -0)
(2.02802 3.24264 -0)
(1.92645 3.07404 -0)
(1.83019 2.91386 -0)
(1.73895 2.76162 -0)
(1.65251 2.61699 -0)
(1.57063 2.47953 -0)
(1.49303 2.34883 -0)
(1.41957 2.22461 -0)
(1.35 2.10648 -0)
(1.28413 1.99408 -0)
(1.2218 1.88719 -0)
(1.16283 1.78547 -0)
(1.10703 1.68861 -0)
(1.05429 1.59641 -0)
(1.00444 1.50858 -0)
(0.957338 1.42487 -0)
(0.912873 1.34508 -0)
(0.870913 1.26898 -0)
(0.83133 1.19633 -0)
(0.794039 1.12699 -0)
(0.758927 1.06073 -0)
(0.725885 0.997363 -0)
(0.694844 0.936747 -0)
(0.665708 0.878698 -0)
(0.63839 0.823041 -0)
(0.612829 0.769656 -0)
(0.58895 0.71838 -0)
(0.566678 0.669058 -0)
(0.545966 0.621585 -0)
(0.526751 0.575815 -0)
(0.508975 0.53161 -0)
(0.492599 0.488876 -0)
(0.477573 0.447481 -0)
(0.463853 0.4073 -0)
(0.451407 0.368248 -0)
(0.4402 0.330205 -0)
(0.430196 0.293056 -0)
(0.421374 0.256721 -0)
(0.413707 0.221089 -0)
(0.407172 0.186053 -0)
(0.401754 0.151538 -0)
(0.397438 0.117438 -0)
(0.394211 0.083649 -0)
(0.392065 0.0500999 -0)
(0.390993 0.0166881 -0)
(4.04343 7.38601 -0)
(3.83663 7.00772 -0)
(3.64063 6.64864 -0)
(3.45479 6.30771 -0)
(3.27868 5.98419 -0)
(3.11174 5.67707 -0)
(2.95343 5.38544 -0)
(2.8034 5.10867 -0)
(2.66116 4.84591 -0)
(2.52626 4.59636 -0)
(2.39841 4.35949 -0)
(2.2772 4.13457 -0)
(2.16226 3.92092 -0)
(2.05333 3.71809 -0)
(1.95007 3.52545 -0)
(1.85216 3.34242 -0)
(1.75939 3.16861 -0)
(1.67147 3.00349 -0)
(1.58813 2.84655 -0)
(1.50918 2.69746 -0)
(1.43439 2.55576 -0)
(1.36353 2.42103 -0)
(1.29643 2.29298 -0)
(1.23289 2.17121 -0)
(1.17273 2.05536 -0)
(1.11581 1.94518 -0)
(1.06195 1.84033 -0)
(1.01099 1.74049 -0)
(0.962822 1.64545 -0)
(0.917298 1.55492 -0)
(0.874278 1.46863 -0)
(0.83367 1.38639 -0)
(0.795349 1.30795 -0)
(0.7592 1.23307 -0)
(0.725144 1.1616 -0)
(0.693077 1.09331 -0)
(0.662902 1.02799 -0)
(0.634553 0.965514 -0)
(0.607945 0.905681 -0)
(0.582997 0.848314 -0)
(0.559654 0.79329 -0)
(0.537846 0.740439 -0)
(0.517507 0.689602 -0)
(0.498592 0.640671 -0)
(0.481044 0.593496 -0)
(0.46481 0.547933 -0)
(0.449855 0.503886 -0)
(0.436133 0.46122 -0)
(0.423603 0.419806 -0)
(0.412238 0.379555 -0)
(0.402002 0.340343 -0)
(0.392866 0.302053 -0)
(0.38481 0.264603 -0)
(0.377808 0.227877 -0)
(0.37184 0.191766 -0)
(0.366893 0.15619 -0)
(0.362951 0.121043 -0)
(0.360004 0.0862172 -0)
(0.358044 0.0516381 -0)
(0.357065 0.0172004 -0)
(3.64925 7.58809 -0)
(3.4625 7.19923 -0)
(3.28552 6.83016 -0)
(3.11773 6.47976 -0)
(2.95874 6.14728 -0)
(2.80804 5.83167 -0)
(2.66513 5.532 -0)
(2.5297 5.24762 -0)
(2.40131 4.97763 -0)
(2.27956 4.72124 -0)
(2.16417 4.47788 -0)
(2.05478 4.24681 -0)
(1.95104 4.02732 -0)
(1.85274 3.81895 -0)
(1.75955 3.62106 -0)
(1.6712 3.43304 -0)
(1.58748 3.2545 -0)
(1.50814 3.08488 -0)
(1.43294 2.92367 -0)
(1.3617 2.77053 -0)
(1.29421 2.62499 -0)
(1.23026 2.4866 -0)
(1.16972 2.35507 -0)
(1.11239 2.23 -0)
(1.05811 2.111 -0)
(1.00674 1.99783 -0)
(0.958148 1.89014 -0)
(0.912169 1.78759 -0)
(0.868708 1.68998 -0)
(0.827632 1.597 -0)
(0.788816 1.50837 -0)
(0.752176 1.42391 -0)
(0.717601 1.34334 -0)
(0.684985 1.26644 -0)
(0.654257 1.19303 -0)
(0.625324 1.12289 -0)
(0.598098 1.0558 -0)
(0.572521 0.991634 -0)
(0.548514 0.930182 -0)
(0.526004 0.871263 -0)
(0.504943 0.81475 -0)
(0.485266 0.760469 -0)
(0.466915 0.708257 -0)
(0.449849 0.658002 -0)
(0.434017 0.60955 -0)
(0.41937 0.562755 -0)
(0.405876 0.517516 -0)
(0.393496 0.473696 -0)
(0.382191 0.431161 -0)
(0.371936 0.389821 -0)
(0.362702 0.349549 -0)
(0.354459 0.310223 -0)
(0.34719 0.27176 -0)
(0.340873 0.234041 -0)
(0.335488 0.196953 -0)
(0.331024 0.160415 -0)
(0.327468 0.124317 -0)
(0.324809 0.0885492 -0)
(0.32304 0.0530348 -0)
(0.322158 0.0176657 -0)
(3.24475 7.76929 -0)
(3.07861 7.37094 -0)
(2.92118 6.99289 -0)
(2.77194 6.63399 -0)
(2.63053 6.29347 -0)
(2.4965 5.97025 -0)
(2.36941 5.66337 -0)
(2.24897 5.37215 -0)
(2.1348 5.09569 -0)
(2.02653 4.83315 -0)
(1.92393 4.58398 -0)
(1.82666 4.34739 -0)
(1.73443 4.12267 -0)
(1.64703 3.90934 -0)
(1.56418 3.70673 -0)
(1.48562 3.51424 -0)
(1.41119 3.33146 -0)
(1.34066 3.15781 -0)
(1.2738 2.99278 -0)
(1.21047 2.83601 -0)
(1.15047 2.68701 -0)
(1.09362 2.54534 -0)
(1.0398 2.4107 -0)
(0.988838 2.28267 -0)
(0.940579 2.16086 -0)
(0.894919 2.04501 -0)
(0.851719 1.93477 -0)
(0.810845 1.8298 -0)
(0.77221 1.72988 -0)
(0.735696 1.6347 -0)
(0.701191 1.54398 -0)
(0.668621 1.45752 -0)
(0.637886 1.37505 -0)
(0.608892 1.29633 -0)
(0.581577 1.22118 -0)
(0.555858 1.14939 -0)
(0.531656 1.08072 -0)
(0.50892 1.01504 -0)
(0.487579 0.952133 -0)
(0.46757 0.891823 -0)
(0.448848 0.833975 -0)
(0.431358 0.778413 -0)
(0.415045 0.724969 -0)
(0.399875 0.673528 -0)
(0.385801 0.623933 -0)
(0.372781 0.576033 -0)
(0.360787 0.529727 -0)
(0.349781 0.484873 -0)
(0.339732 0.441334 -0)
(0.330617 0.399019 -0)
(0.322408 0.357797 -0)
(0.315081 0.317543 -0)
(0.308619 0.278172 -0)
(0.303004 0.239563 -0)
(0.298217 0.2016 -0)
(0.29425 0.1642 -0)
(0.291089 0.12725 -0)
(0.288725 0.0906385 -0)
(0.287153 0.0542861 -0)
(0.286368 0.0180825 -0)
(2.83105 7.92907 -0)
(2.68603 7.52234 -0)
(2.54862 7.13636 -0)
(2.41836 6.76996 -0)
(2.29494 6.42234 -0)
(2.17797 6.09241 -0)
(2.06707 5.77916 -0)
(1.96197 5.48191 -0)
(1.86235 5.19974 -0)
(1.76788 4.93179 -0)
(1.67835 4.67748 -0)
(1.59349 4.43603 -0)
(1.51302 4.20669 -0)
(1.43676 3.98898 -0)
(1.36448 3.78223 -0)
(1.29595 3.5858 -0)
(1.23102 3.39927 -0)
(1.16948 3.22208 -0)
(1.11115 3.05367 -0)
(1.0559 2.8937 -0)
(1.00356 2.74166 -0)
(0.953973 2.59711 -0)
(0.90702 2.45972 -0)
(0.862563 2.32908 -0)
(0.820465 2.20479 -0)
(0.780635 2.08658 -0)
(0.74295 1.97409 -0)
(0.707295 1.86699 -0)
(0.673593 1.76504 -0)
(0.641741 1.66792 -0)
(0.611642 1.57535 -0)
(0.583231 1.48713 -0)
(0.55642 1.40299 -0)
(0.531129 1.32266 -0)
(0.507302 1.24599 -0)
(0.484867 1.17274 -0)
(0.463756 1.10267 -0)
(0.443923 1.03565 -0)
(0.425308 0.971474 -0)
(0.407854 0.909938 -0)
(0.391523 0.850915 -0)
(0.376266 0.794224 -0)
(0.362037 0.739694 -0)
(0.348804 0.687208 -0)
(0.336527 0.636605 -0)
(0.32517 0.587733 -0)
(0.314708 0.540486 -0)
(0.305108 0.494721 -0)
(0.296342 0.450298 -0)
(0.288391 0.407123 -0)
(0.281231 0.365063 -0)
(0.274839 0.323992 -0)
(0.269203 0.283821 -0)
(0.264305 0.244428 -0)
(0.26013 0.205694 -0)
(0.256669 0.167535 -0)
(0.253911 0.129835 -0)
(0.251849 0.0924793 -0)
(0.250478 0.0553886 -0)
(0.249793 0.0184497 -0)
(2.40929 8.06695 -0)
(2.28582 7.65297 -0)
(2.16884 7.26015 -0)
(2.05796 6.88727 -0)
(1.9529 6.53352 -0)
(1.85334 6.19779 -0)
(1.75894 5.87904 -0)
(1.66949 5.57659 -0)
(1.5847 5.28949 -0)
(1.5043 5.01687 -0)
(1.42811 4.75814 -0)
(1.35589 4.51248 -0)
(1.28741 4.27916 -0)
(1.22252 4.05768 -0)
(1.16101 3.84734 -0)
(1.10269 3.64751 -0)
(1.04743 3.45776 -0)
(0.995072 3.2775 -0)
(0.945439 3.10619 -0)
(0.898427 2.94346 -0)
(0.853891 2.7888 -0)
(0.811693 2.64175 -0)
(0.771741 2.50199 -0)
(0.733913 2.3691 -0)
(0.698093 2.24267 -0)
(0.664202 2.12243 -0)
(0.632136 2.008 -0)
(0.601799 1.89906 -0)
(0.573123 1.79535 -0)
(0.546021 1.69657 -0)
(0.520411 1.60241 -0)
(0.496237 1.51267 -0)
(0.473425 1.42708 -0)
(0.451906 1.34538 -0)
(0.431633 1.26739 -0)
(0.412544 1.19287 -0)
(0.394582 1.1216 -0)
(0.377707 1.05343 -0)
(0.361868 0.988152 -0)
(0.347017 0.925559 -0)
(0.333122 0.865523 -0)
(0.320141 0.807858 -0)
(0.308034 0.752392 -0)
(0.296775 0.699005 -0)
(0.28633 0.647533 -0)
(0.276666 0.597822 -0)
(0.267765 0.549764 -0)
(0.259597 0.503213 -0)
(0.252138 0.458027 -0)
(0.245373 0.414111 -0)
(0.239281 0.371329 -0)
(0.233843 0.329553 -0)
(0.229047 0.288693 -0)
(0.22488 0.248624 -0)
(0.221327 0.209224 -0)
(0.218383 0.17041 -0)
(0.216037 0.132063 -0)
(0.214282 0.0940666 -0)
(0.213115 0.0563393 -0)
(0.212533 0.0187664 -0)
(1.98068 8.18249 -0)
(1.87915 7.76245 -0)
(1.78295 7.36388 -0)
(1.69177 6.98557 -0)
(1.60538 6.62668 -0)
(1.52352 6.28608 -0)
(1.4459 5.96273 -0)
(1.37236 5.65592 -0)
(1.30265 5.36468 -0)
(1.23655 5.08815 -0)
(1.17391 4.8257 -0)
(1.11454 4.57653 -0)
(1.05824 4.33987 -0)
(1.00489 4.11522 -0)
(0.954328 3.90188 -0)
(0.906388 3.69921 -0)
(0.860966 3.50675 -0)
(0.817923 3.32393 -0)
(0.777123 3.15018 -0)
(0.738479 2.98513 -0)
(0.70187 2.82828 -0)
(0.667183 2.67914 -0)
(0.634343 2.5374 -0)
(0.603248 2.40262 -0)
(0.573804 2.2744 -0)
(0.545946 2.15245 -0)
(0.519589 2.03641 -0)
(0.494652 1.92592 -0)
(0.471082 1.82074 -0)
(0.448805 1.72056 -0)
(0.427754 1.62507 -0)
(0.407884 1.53406 -0)
(0.389133 1.44726 -0)
(0.371445 1.3644 -0)
(0.354781 1.2853 -0)
(0.339091 1.20973 -0)
(0.324327 1.13746 -0)
(0.310456 1.06833 -0)
(0.297438 1.00212 -0)
(0.285231 0.938643 -0)
(0.27381 0.877757 -0)
(0.26314 0.819277 -0)
(0.253188 0.763027 -0)
(0.243934 0.708885 -0)
(0.235348 0.656686 -0)
(0.227406 0.606271 -0)
(0.220089 0.557534 -0)
(0.213375 0.510325 -0)
(0.207245 0.464501 -0)
(0.201684 0.419964 -0)
(0.196677 0.376578 -0)
(0.192207 0.334211 -0)
(0.188265 0.292773 -0)
(0.184839 0.252138 -0)
(0.18192 0.212182 -0)
(0.179499 0.172819 -0)
(0.177571 0.13393 -0)
(0.176129 0.0953961 -0)
(0.17517 0.0571356 -0)
(0.174691 0.0190316 -0)
(1.54643 8.27536 -0)
(1.46714 7.85043 -0)
(1.39201 7.44724 -0)
(1.3208 7.06456 -0)
(1.25335 6.70154 -0)
(1.18942 6.35703 -0)
(1.12882 6.02997 -0)
(1.07139 5.71965 -0)
(1.01696 5.4251 -0)
(0.965354 5.14541 -0)
(0.916449 4.87998 -0)
(0.870092 4.62798 -0)
(0.826138 4.38865 -0)
(0.784487 4.16146 -0)
(0.74501 3.9457 -0)
(0.707582 3.74074 -0)
(0.672121 3.54611 -0)
(0.638517 3.36122 -0)
(0.606665 3.18552 -0)
(0.576496 3.01861 -0)
(0.547916 2.85999 -0)
(0.520836 2.70918 -0)
(0.495199 2.56584 -0)
(0.470924 2.42955 -0)
(0.447938 2.29989 -0)
(0.426191 2.17657 -0)
(0.405615 2.05922 -0)
(0.386147 1.94749 -0)
(0.367747 1.84114 -0)
(0.350356 1.73983 -0)
(0.333923 1.64327 -0)
(0.318411 1.55124 -0)
(0.303773 1.46346 -0)
(0.289965 1.37968 -0)
(0.276956 1.2997 -0)
(0.264708 1.22328 -0)
(0.253182 1.1502 -0)
(0.242354 1.08029 -0)
(0.232191 1.01334 -0)
(0.222662 0.949153 -0)
(0.213746 0.887586 -0)
(0.205417 0.828451 -0)
(0.197648 0.77157 -0)
(0.190424 0.716822 -0)
(0.183722 0.664038 -0)
(0.177521 0.613059 -0)
(0.17181 0.563776 -0)
(0.166569 0.516038 -0)
(0.161783 0.469701 -0)
(0.157442 0.424666 -0)
(0.153533 0.380794 -0)
(0.150044 0.337953 -0)
(0.146967 0.296051 -0)
(0.144293 0.254961 -0)
(0.142013 0.214557 -0)
(0.140124 0.174754 -0)
(0.138618 0.135429 -0)
(0.137493 0.0964641 -0)
(0.136744 0.0577752 -0)
(0.13637 0.0192447 -0)
(1.10776 8.34527 -0)
(1.05094 7.91665 -0)
(0.997114 7.50999 -0)
(0.9461 7.12401 -0)
(0.897774 6.75788 -0)
(0.851977 6.41042 -0)
(0.80856 6.08058 -0)
(0.767423 5.76762 -0)
(0.728431 5.47056 -0)
(0.691461 5.18851 -0)
(0.656429 4.92083 -0)
(0.623222 4.66671 -0)
(0.591737 4.42535 -0)
(0.561902 4.19625 -0)
(0.533624 3.97868 -0)
(0.506814 3.77199 -0)
(0.481414 3.57573 -0)
(0.457344 3.38929 -0)
(0.434529 3.21211 -0)
(0.412919 3.0438 -0)
(0.392447 2.88386 -0)
(0.373051 2.73178 -0)
(0.354688 2.58725 -0)
(0.337301 2.44981 -0)
(0.320837 2.31907 -0)
(0.305259 2.19472 -0)
(0.290522 2.07639 -0)
(0.276578 1.96373 -0)
(0.263398 1.85649 -0)
(0.250942 1.75433 -0)
(0.239172 1.65697 -0)
(0.228061 1.56417 -0)
(0.217577 1.47566 -0)
(0.207687 1.39118 -0)
(0.198369 1.31053 -0)
(0.189596 1.23348 -0)
(0.181341 1.15978 -0)
(0.173586 1.08929 -0)
(0.166306 1.02178 -0)
(0.159481 0.957061 -0)
(0.153095 0.894981 -0)
(0.147129 0.835353 -0)
(0.141565 0.777998 -0)
(0.13639 0.722794 -0)
(0.13159 0.66957 -0)
(0.127149 0.618166 -0)
(0.123058 0.568473 -0)
(0.119304 0.520337 -0)
(0.115876 0.473614 -0)
(0.112767 0.428203 -0)
(0.109967 0.383966 -0)
(0.107468 0.340768 -0)
(0.105264 0.298517 -0)
(0.103349 0.257085 -0)
(0.101716 0.216344 -0)
(0.100363 0.176209 -0)
(0.0992848 0.136557 -0)
(0.0984784 0.0972676 -0)
(0.0979422 0.0582565 -0)
(0.0976746 0.019405 -0)
(0.665925 8.39199 -0)
(0.631765 7.96091 -0)
(0.599404 7.55192 -0)
(0.568734 7.16375 -0)
(0.53968 6.79553 -0)
(0.512148 6.44611 -0)
(0.486047 6.1144 -0)
(0.461316 5.79967 -0)
(0.437876 5.50095 -0)
(0.415651 5.21731 -0)
(0.394591 4.94813 -0)
(0.374629 4.69258 -0)
(0.355701 4.44988 -0)
(0.337766 4.21949 -0)
(0.320768 4.00071 -0)
(0.304652 3.79287 -0)
(0.289383 3.59552 -0)
(0.274913 3.40804 -0)
(0.261199 3.22988 -0)
(0.248209 3.06064 -0)
(0.235903 2.8998 -0)
(0.224243 2.74688 -0)
(0.213205 2.60155 -0)
(0.202753 2.46335 -0)
(0.192856 2.33188 -0)
(0.183493 2.20685 -0)
(0.174634 2.08787 -0)
(0.166252 1.97458 -0)
(0.15833 1.86674 -0)
(0.150842 1.76403 -0)
(0.143767 1.66612 -0)
(0.137088 1.57281 -0)
(0.130786 1.48381 -0)
(0.124841 1.39886 -0)
(0.11924 1.31777 -0)
(0.113967 1.24029 -0)
(0.109004 1.16619 -0)
(0.104343 1.09531 -0)
(0.099967 1.02743 -0)
(0.0958643 0.962345 -0)
(0.0920257 0.899922 -0)
(0.0884395 0.839965 -0)
(0.0850949 0.782293 -0)
(0.0819845 0.726784 -0)
(0.0790989 0.673266 -0)
(0.0764294 0.621579 -0)
(0.0739702 0.571611 -0)
(0.0717139 0.52321 -0)
(0.0696534 0.476229 -0)
(0.0677846 0.430567 -0)
(0.0661015 0.386085 -0)
(0.0645992 0.342649 -0)
(0.0632744 0.300165 -0)
(0.0621231 0.258504 -0)
(0.0611418 0.217539 -0)
(0.0603283 0.177182 -0)
(0.0596802 0.137311 -0)
(0.0591955 0.0978046 -0)
(0.0588732 0.0585781 -0)
(0.0587123 0.0195121 -0)
(0.222191 8.41539 -0)
(0.210793 7.98308 -0)
(0.199995 7.57292 -0)
(0.189761 7.18365 -0)
(0.180066 6.81439 -0)
(0.17088 6.46397 -0)
(0.16217 6.13133 -0)
(0.153919 5.81573 -0)
(0.146097 5.51616 -0)
(0.138682 5.23173 -0)
(0.131655 4.9618 -0)
(0.124994 4.70554 -0)
(0.118679 4.46216 -0)
(0.112695 4.23113 -0)
(0.107023 4.01174 -0)
(0.101646 3.80333 -0)
(0.0965517 3.60543 -0)
(0.091724 3.41743 -0)
(0.0871481 3.23877 -0)
(0.0828139 3.06907 -0)
(0.0787081 2.90779 -0)
(0.0748179 2.75444 -0)
(0.071135 2.60871 -0)
(0.0676478 2.47013 -0)
(0.0643457 2.3383 -0)
(0.0612216 2.21292 -0)
(0.0582658 2.09361 -0)
(0.0554693 1.98001 -0)
(0.052826 1.87188 -0)
(0.0503278 1.76888 -0)
(0.0479671 1.6707 -0)
(0.0457388 1.57713 -0)
(0.0436361 1.48789 -0)
(0.0416526 1.4027 -0)
(0.0397839 1.32139 -0)
(0.0380245 1.2437 -0)
(0.0363688 1.16939 -0)
(0.0348134 1.09832 -0)
(0.0333535 1.03025 -0)
(0.0319846 0.964991 -0)
(0.0307039 0.902396 -0)
(0.0295074 0.842274 -0)
(0.0283915 0.784444 -0)
(0.0273537 0.728782 -0)
(0.026391 0.675117 -0)
(0.0255003 0.623288 -0)
(0.0246798 0.573183 -0)
(0.023927 0.524648 -0)
(0.0232395 0.477538 -0)
(0.022616 0.431751 -0)
(0.0220544 0.387147 -0)
(0.0215532 0.343591 -0)
(0.0211112 0.30099 -0)
(0.0207271 0.259214 -0)
(0.0203996 0.218136 -0)
(0.0201282 0.177669 -0)
(0.019912 0.137688 -0)
(0.0197503 0.0980734 -0)
(0.0196427 0.0587391 -0)
(0.019589 0.0195657 -0)
)
;

boundaryField
{
    topWall
    {
        type            extrapolatedCalculated;
        value           nonuniform List<vector> 
60
(
(0.222191 8.42124 -0)
(0.210793 7.98862 -0)
(0.199995 7.57817 -0)
(0.189761 7.18862 -0)
(0.180066 6.8191 -0)
(0.17088 6.46844 -0)
(0.16217 6.13557 -0)
(0.153919 5.81974 -0)
(0.146097 5.51997 -0)
(0.138682 5.23534 -0)
(0.131655 4.96522 -0)
(0.124994 4.70878 -0)
(0.118679 4.46523 -0)
(0.112695 4.23405 -0)
(0.107023 4.0145 -0)
(0.101646 3.80594 -0)
(0.0965517 3.60791 -0)
(0.091724 3.41978 -0)
(0.0871481 3.241 -0)
(0.0828139 3.07118 -0)
(0.0787081 2.90978 -0)
(0.0748179 2.75634 -0)
(0.071135 2.6105 -0)
(0.0676478 2.47183 -0)
(0.0643457 2.3399 -0)
(0.0612216 2.21444 -0)
(0.0582658 2.09505 -0)
(0.0554693 1.98137 -0)
(0.052826 1.87316 -0)
(0.0503278 1.77009 -0)
(0.0479671 1.67185 -0)
(0.0457388 1.57822 -0)
(0.0436361 1.48891 -0)
(0.0416526 1.40367 -0)
(0.0397839 1.3223 -0)
(0.0380245 1.24455 -0)
(0.0363688 1.17019 -0)
(0.0348134 1.09907 -0)
(0.0333535 1.03096 -0)
(0.0319846 0.965652 -0)
(0.0307039 0.903015 -0)
(0.0295074 0.842852 -0)
(0.0283915 0.784982 -0)
(0.0273537 0.729282 -0)
(0.026391 0.67558 -0)
(0.0255003 0.623715 -0)
(0.0246798 0.573576 -0)
(0.023927 0.525008 -0)
(0.0232395 0.477865 -0)
(0.022616 0.432047 -0)
(0.0220544 0.387412 -0)
(0.0215532 0.343827 -0)
(0.0211112 0.301197 -0)
(0.0207271 0.259392 -0)
(0.0203996 0.218286 -0)
(0.0201282 0.177791 -0)
(0.019912 0.137783 -0)
(0.0197503 0.0981407 -0)
(0.0196427 0.0587794 -0)
(0.019589 0.0195791 -0)
)
;
    }
    rightWall
    {
        type            extrapolatedCalculated;
        value           nonuniform List<vector> 
60
(
(0.0195753 -0.0195657 -0)
(0.058672 -0.0195121 -0)
(0.097608 -0.019405 -0)
(0.136276 -0.0192447 -0)
(0.174571 -0.0190316 -0)
(0.212388 -0.0187664 -0)
(0.249622 -0.0184497 -0)
(0.286172 -0.0180825 -0)
(0.321937 -0.0176657 -0)
(0.356821 -0.0172004 -0)
(0.390725 -0.0166881 -0)
(0.423559 -0.0161299 -0)
(0.455232 -0.0155276 -0)
(0.485657 -0.0148827 -0)
(0.514751 -0.0141971 -0)
(0.542434 -0.0134725 -0)
(0.56863 -0.012711 -0)
(0.593267 -0.0119146 -0)
(0.616279 -0.0110856 -0)
(0.637601 -0.0102263 -0)
(0.657176 -0.00933886 -0)
(0.674949 -0.00842585 -0)
(0.690873 -0.00748977 -0)
(0.704902 -0.00653317 -0)
(0.717 -0.00555864 -0)
(0.727132 -0.00456891 -0)
(0.735272 -0.00356666 -0)
(0.741396 -0.0025546 -0)
(0.745488 -0.00153557 -0)
(0.747537 -0.000512335 -0)
(0.747537 0.000512335 -0)
(0.745488 0.00153557 -0)
(0.741396 0.0025546 -0)
(0.735272 0.00356666 -0)
(0.727132 0.00456891 -0)
(0.717 0.00555864 -0)
(0.704902 0.00653317 -0)
(0.690873 0.00748977 -0)
(0.674949 0.00842585 -0)
(0.657176 0.00933886 -0)
(0.637601 0.0102263 -0)
(0.616279 0.0110856 -0)
(0.593267 0.0119146 -0)
(0.56863 0.012711 -0)
(0.542434 0.0134725 -0)
(0.514751 0.0141971 -0)
(0.485657 0.0148827 -0)
(0.455232 0.0155276 -0)
(0.423559 0.0161299 -0)
(0.390725 0.0166881 -0)
(0.356821 0.0172004 -0)
(0.321937 0.0176657 -0)
(0.286172 0.0180825 -0)
(0.249622 0.0184497 -0)
(0.212387 0.0187664 -0)
(0.174571 0.0190316 -0)
(0.136277 0.0192447 -0)
(0.0976076 0.019405 -0)
(0.058672 0.0195121 -0)
(0.0195756 0.0195657 -0)
)
;
    }
    bottomWall
    {
        type            extrapolatedCalculated;
        value           nonuniform List<vector> 
60
(
(0.222187 -8.42124 -0)
(0.210789 -7.98862 -0)
(0.199991 -7.57817 -0)
(0.189757 -7.18862 -0)
(0.180063 -6.8191 -0)
(0.170876 -6.46844 -0)
(0.162167 -6.13557 -0)
(0.153916 -5.81974 -0)
(0.146095 -5.51997 -0)
(0.138679 -5.23534 -0)
(0.131653 -4.96522 -0)
(0.124992 -4.70878 -0)
(0.118677 -4.46523 -0)
(0.112693 -4.23405 -0)
(0.107021 -4.0145 -0)
(0.101644 -3.80594 -0)
(0.09655 -3.60791 -0)
(0.0917224 -3.41978 -0)
(0.0871465 -3.241 -0)
(0.0828124 -3.07118 -0)
(0.0787067 -2.90978 -0)
(0.0748166 -2.75634 -0)
(0.0711337 -2.6105 -0)
(0.0676466 -2.47183 -0)
(0.0643446 -2.3399 -0)
(0.0612205 -2.21444 -0)
(0.0582647 -2.09505 -0)
(0.0554683 -1.98137 -0)
(0.052825 -1.87316 -0)
(0.0503269 -1.77009 -0)
(0.0479663 -1.67185 -0)
(0.045738 -1.57822 -0)
(0.0436353 -1.48891 -0)
(0.0416518 -1.40367 -0)
(0.0397832 -1.3223 -0)
(0.0380238 -1.24455 -0)
(0.0363681 -1.17019 -0)
(0.0348128 -1.09907 -0)
(0.0333529 -1.03096 -0)
(0.0319841 -0.965652 -0)
(0.0307034 -0.903015 -0)
(0.0295069 -0.842852 -0)
(0.028391 -0.784982 -0)
(0.0273532 -0.729282 -0)
(0.0263905 -0.67558 -0)
(0.0254998 -0.623715 -0)
(0.0246793 -0.573576 -0)
(0.0239265 -0.525008 -0)
(0.0232391 -0.477865 -0)
(0.0226156 -0.432047 -0)
(0.022054 -0.387412 -0)
(0.0215528 -0.343827 -0)
(0.0211108 -0.301197 -0)
(0.0207267 -0.259392 -0)
(0.0203993 -0.218286 -0)
(0.0201279 -0.177791 -0)
(0.0199116 -0.137783 -0)
(0.0197499 -0.0981407 -0)
(0.0196424 -0.0587794 -0)
(0.0195887 -0.0195791 -0)
)
;
    }
    frontAndBack
    {
        type            empty;
    }
    solid_to_air
    {
        type            extrapolatedCalculated;
        value           nonuniform List<vector> 
60
(
(0.228042 -8.41539 -0)
(0.683472 -8.39199 -0)
(1.13694 -8.34527 -0)
(1.58716 -8.27536 -0)
(2.03284 -8.18249 -0)
(2.47271 -8.06695 -0)
(2.90553 -7.92907 -0)
(3.33008 -7.76929 -0)
(3.74516 -7.58809 -0)
(4.14963 -7.38601 -0)
(4.54237 -7.16366 -0)
(4.92229 -6.92171 -0)
(5.28838 -6.66086 -0)
(5.63964 -6.38189 -0)
(5.97513 -6.0856 -0)
(6.29399 -5.77284 -0)
(6.59535 -5.44452 -0)
(6.87845 -5.10155 -0)
(7.14257 -4.7449 -0)
(7.38702 -4.37558 -0)
(7.6112 -3.99459 -0)
(7.81455 -3.60297 -0)
(7.99656 -3.20181 -0)
(8.1568 -2.79217 -0)
(8.29486 -2.37515 -0)
(8.41043 -1.95189 -0)
(8.50321 -1.52348 -0)
(8.57299 -1.09106 -0)
(8.6196 -0.655786 -0)
(8.64293 -0.218791 -0)
(8.64293 0.218791 -0)
(8.6196 0.655786 -0)
(8.57299 1.09106 -0)
(8.50321 1.52348 -0)
(8.41043 1.95189 -0)
(8.29486 2.37515 -0)
(8.1568 2.79217 -0)
(7.99656 3.20181 -0)
(7.81455 3.60297 -0)
(7.6112 3.99459 -0)
(7.38702 4.37558 -0)
(7.14257 4.7449 -0)
(6.87845 5.10155 -0)
(6.59535 5.44452 -0)
(6.29399 5.77284 -0)
(5.97513 6.0856 -0)
(5.63964 6.38189 -0)
(5.28838 6.66086 -0)
(4.92229 6.92171 -0)
(4.54237 7.16366 -0)
(4.14963 7.38601 -0)
(3.74516 7.58809 -0)
(3.33008 7.76929 -0)
(2.90553 7.92907 -0)
(2.47271 8.06695 -0)
(2.03284 8.18249 -0)
(1.58717 8.27536 -0)
(1.13694 8.34527 -0)
(0.683472 8.39199 -0)
(0.228047 8.41539 -0)
)
;
    }
}


// ************************************************************************* //
