/*--------------------------------*- C++ -*----------------------------------*\
  =========                 |
  \\      /  F ield         | OpenFOAM: The Open Source CFD Toolbox
   \\    /   O peration     | Website:  https://openfoam.org
    \\  /    A nd           | Version:  7
     \\/     M anipulation  |
\*---------------------------------------------------------------------------*/
FoamFile
{
    version     2.0;
    format      ascii;
    class       volScalarField;
    location    "0.5/solid";
    object      Tair;
}
// * * * * * * * * * * * * * * * * * * * * * * * * * * * * * * * * * * * * * //

dimensions      [0 0 0 1 0 0 0];

internalField   nonuniform List<scalar> 
1600
(
304.488
304.375
304.261
304.147
304.034
303.92
303.806
303.693
303.579
303.466
303.352
303.238
303.125
303.011
302.897
302.784
302.67
302.557
302.443
302.329
302.216
302.102
301.988
301.875
301.761
301.648
301.534
301.42
301.307
301.193
301.079
300.966
300.852
300.739
300.625
300.511
300.398
300.284
300.17
300.057
304.488
304.375
304.261
304.147
304.034
303.92
303.806
303.693
303.579
303.466
303.352
303.238
303.125
303.011
302.897
302.784
302.67
302.557
302.443
302.329
302.216
302.102
301.988
301.875
301.761
301.648
301.534
301.42
301.307
301.193
301.079
300.966
300.852
300.739
300.625
300.511
300.398
300.284
300.17
300.057
304.488
304.375
304.261
304.147
304.034
303.92
303.806
303.693
303.579
303.466
303.352
303.238
303.125
303.011
302.897
302.784
302.67
302.557
302.443
302.329
302.216
302.102
301.988
301.875
301.761
301.648
301.534
301.42
301.307
301.193
301.079
300.966
300.852
300.739
300.625
300.511
300.398
300.284
300.17
300.057
304.488
304.375
304.261
304.147
304.034
303.92
303.806
303.693
303.579
303.466
303.352
303.238
303.125
303.011
302.897
302.784
302.67
302.557
302.443
302.329
302.216
302.102
301.988
301.875
301.761
301.648
301.534
301.42
301.307
301.193
301.079
300.966
300.852
300.739
300.625
300.511
300.398
300.284
300.17
300.057
304.488
304.375
304.261
304.147
304.034
303.92
303.806
303.693
303.579
303.466
303.352
303.238
303.125
303.011
302.897
302.784
302.67
302.557
302.443
302.329
302.216
302.102
301.988
301.875
301.761
301.648
301.534
301.42
301.307
301.193
301.079
300.966
300.852
300.739
300.625
300.511
300.398
300.284
300.17
300.057
304.488
304.375
304.261
304.147
304.034
303.92
303.806
303.693
303.579
303.466
303.352
303.238
303.125
303.011
302.897
302.784
302.67
302.557
302.443
302.329
302.216
302.102
301.988
301.875
301.761
301.648
301.534
301.42
301.307
301.193
301.079
300.966
300.852
300.739
300.625
300.511
300.398
300.284
300.17
300.057
304.488
304.375
304.261
304.147
304.034
303.92
303.806
303.693
303.579
303.466
303.352
303.238
303.125
303.011
302.897
302.784
302.67
302.557
302.443
302.329
302.216
302.102
301.988
301.875
301.761
301.648
301.534
301.42
301.307
301.193
301.079
300.966
300.852
300.739
300.625
300.511
300.398
300.284
300.17
300.057
304.488
304.375
304.261
304.147
304.034
303.92
303.806
303.693
303.579
303.466
303.352
303.238
303.125
303.011
302.897
302.784
302.67
302.557
302.443
302.329
302.216
302.102
301.988
301.875
301.761
301.648
301.534
301.42
301.307
301.193
301.079
300.966
300.852
300.739
300.625
300.511
300.398
300.284
300.17
300.057
304.488
304.375
304.261
304.147
304.034
303.92
303.806
303.693
303.579
303.466
303.352
303.238
303.125
303.011
302.897
302.784
302.67
302.557
302.443
302.329
302.216
302.102
301.988
301.875
301.761
301.648
301.534
301.42
301.307
301.193
301.079
300.966
300.852
300.739
300.625
300.511
300.398
300.284
300.17
300.057
304.488
304.375
304.261
304.147
304.034
303.92
303.806
303.693
303.579
303.466
303.352
303.238
303.125
303.011
302.897
302.784
302.67
302.557
302.443
302.329
302.216
302.102
301.988
301.875
301.761
301.648
301.534
301.42
301.307
301.193
301.079
300.966
300.852
300.739
300.625
300.511
300.398
300.284
300.17
300.057
304.488
304.375
304.261
304.147
304.034
303.92
303.806
303.693
303.579
303.466
303.352
303.238
303.125
303.011
302.897
302.784
302.67
302.557
302.443
302.329
302.216
302.102
301.988
301.875
301.761
301.648
301.534
301.42
301.307
301.193
301.079
300.966
300.852
300.739
300.625
300.511
300.398
300.284
300.17
300.057
304.488
304.375
304.261
304.147
304.034
303.92
303.806
303.693
303.579
303.466
303.352
303.238
303.125
303.011
302.897
302.784
302.67
302.557
302.443
302.329
302.216
302.102
301.988
301.875
301.761
301.648
301.534
301.42
301.307
301.193
301.079
300.966
300.852
300.739
300.625
300.511
300.398
300.284
300.17
300.057
304.488
304.375
304.261
304.147
304.034
303.92
303.806
303.693
303.579
303.466
303.352
303.238
303.125
303.011
302.897
302.784
302.67
302.557
302.443
302.329
302.216
302.102
301.988
301.875
301.761
301.648
301.534
301.42
301.307
301.193
301.079
300.966
300.852
300.739
300.625
300.511
300.398
300.284
300.17
300.057
304.488
304.375
304.261
304.147
304.034
303.92
303.806
303.693
303.579
303.466
303.352
303.238
303.125
303.011
302.897
302.784
302.67
302.557
302.443
302.329
302.216
302.102
301.988
301.875
301.761
301.648
301.534
301.42
301.307
301.193
301.079
300.966
300.852
300.739
300.625
300.511
300.398
300.284
300.17
300.057
304.488
304.375
304.261
304.147
304.034
303.92
303.806
303.693
303.579
303.466
303.352
303.238
303.125
303.011
302.897
302.784
302.67
302.557
302.443
302.329
302.216
302.102
301.988
301.875
301.761
301.648
301.534
301.42
301.307
301.193
301.079
300.966
300.852
300.739
300.625
300.511
300.398
300.284
300.17
300.057
304.488
304.375
304.261
304.147
304.034
303.92
303.806
303.693
303.579
303.466
303.352
303.238
303.125
303.011
302.897
302.784
302.67
302.557
302.443
302.329
302.216
302.102
301.988
301.875
301.761
301.648
301.534
301.42
301.307
301.193
301.079
300.966
300.852
300.739
300.625
300.511
300.398
300.284
300.17
300.057
304.488
304.375
304.261
304.147
304.034
303.92
303.806
303.693
303.579
303.466
303.352
303.238
303.125
303.011
302.897
302.784
302.67
302.557
302.443
302.329
302.216
302.102
301.988
301.875
301.761
301.648
301.534
301.42
301.307
301.193
301.079
300.966
300.852
300.739
300.625
300.511
300.398
300.284
300.17
300.057
304.488
304.375
304.261
304.147
304.034
303.92
303.806
303.693
303.579
303.466
303.352
303.238
303.125
303.011
302.897
302.784
302.67
302.557
302.443
302.329
302.216
302.102
301.988
301.875
301.761
301.648
301.534
301.42
301.307
301.193
301.079
300.966
300.852
300.739
300.625
300.511
300.398
300.284
300.17
300.057
304.488
304.375
304.261
304.147
304.034
303.92
303.806
303.693
303.579
303.466
303.352
303.238
303.125
303.011
302.897
302.784
302.67
302.557
302.443
302.329
302.216
302.102
301.988
301.875
301.761
301.648
301.534
301.42
301.307
301.193
301.079
300.966
300.852
300.739
300.625
300.511
300.398
300.284
300.17
300.057
304.488
304.375
304.261
304.147
304.034
303.92
303.806
303.693
303.579
303.466
303.352
303.238
303.125
303.011
302.897
302.784
302.67
302.557
302.443
302.329
302.216
302.102
301.988
301.875
301.761
301.648
301.534
301.42
301.307
301.193
301.079
300.966
300.852
300.739
300.625
300.511
300.398
300.284
300.17
300.057
304.488
304.375
304.261
304.147
304.034
303.92
303.806
303.693
303.579
303.466
303.352
303.238
303.125
303.011
302.897
302.784
302.67
302.557
302.443
302.329
302.216
302.102
301.988
301.875
301.761
301.648
301.534
301.42
301.307
301.193
301.079
300.966
300.852
300.739
300.625
300.511
300.398
300.284
300.17
300.057
304.488
304.375
304.261
304.147
304.034
303.92
303.806
303.693
303.579
303.466
303.352
303.238
303.125
303.011
302.897
302.784
302.67
302.557
302.443
302.329
302.216
302.102
301.988
301.875
301.761
301.648
301.534
301.42
301.307
301.193
301.079
300.966
300.852
300.739
300.625
300.511
300.398
300.284
300.17
300.057
304.488
304.375
304.261
304.147
304.034
303.92
303.806
303.693
303.579
303.466
303.352
303.238
303.125
303.011
302.897
302.784
302.67
302.557
302.443
302.329
302.216
302.102
301.988
301.875
301.761
301.648
301.534
301.42
301.307
301.193
301.079
300.966
300.852
300.739
300.625
300.511
300.398
300.284
300.17
300.057
304.488
304.375
304.261
304.147
304.034
303.92
303.806
303.693
303.579
303.466
303.352
303.238
303.125
303.011
302.897
302.784
302.67
302.557
302.443
302.329
302.216
302.102
301.988
301.875
301.761
301.648
301.534
301.42
301.307
301.193
301.079
300.966
300.852
300.739
300.625
300.511
300.398
300.284
300.17
300.057
304.488
304.375
304.261
304.147
304.034
303.92
303.806
303.693
303.579
303.466
303.352
303.238
303.125
303.011
302.897
302.784
302.67
302.557
302.443
302.329
302.216
302.102
301.988
301.875
301.761
301.648
301.534
301.42
301.307
301.193
301.079
300.966
300.852
300.739
300.625
300.511
300.398
300.284
300.17
300.057
304.488
304.375
304.261
304.147
304.034
303.92
303.806
303.693
303.579
303.466
303.352
303.238
303.125
303.011
302.897
302.784
302.67
302.557
302.443
302.329
302.216
302.102
301.988
301.875
301.761
301.648
301.534
301.42
301.307
301.193
301.079
300.966
300.852
300.739
300.625
300.511
300.398
300.284
300.17
300.057
304.488
304.375
304.261
304.147
304.034
303.92
303.806
303.693
303.579
303.466
303.352
303.238
303.125
303.011
302.897
302.784
302.67
302.557
302.443
302.329
302.216
302.102
301.988
301.875
301.761
301.648
301.534
301.42
301.307
301.193
301.079
300.966
300.852
300.739
300.625
300.511
300.398
300.284
300.17
300.057
304.488
304.375
304.261
304.147
304.034
303.92
303.806
303.693
303.579
303.466
303.352
303.238
303.125
303.011
302.897
302.784
302.67
302.557
302.443
302.329
302.216
302.102
301.988
301.875
301.761
301.648
301.534
301.42
301.307
301.193
301.079
300.966
300.852
300.739
300.625
300.511
300.398
300.284
300.17
300.057
304.488
304.375
304.261
304.147
304.034
303.92
303.806
303.693
303.579
303.466
303.352
303.238
303.125
303.011
302.897
302.784
302.67
302.557
302.443
302.329
302.216
302.102
301.988
301.875
301.761
301.648
301.534
301.42
301.307
301.193
301.079
300.966
300.852
300.739
300.625
300.511
300.398
300.284
300.17
300.057
304.488
304.375
304.261
304.147
304.034
303.92
303.806
303.693
303.579
303.466
303.352
303.238
303.125
303.011
302.897
302.784
302.67
302.557
302.443
302.329
302.216
302.102
301.988
301.875
301.761
301.648
301.534
301.42
301.307
301.193
301.079
300.966
300.852
300.739
300.625
300.511
300.398
300.284
300.17
300.057
304.488
304.375
304.261
304.147
304.034
303.92
303.806
303.693
303.579
303.466
303.352
303.238
303.125
303.011
302.897
302.784
302.67
302.557
302.443
302.329
302.216
302.102
301.988
301.875
301.761
301.648
301.534
301.42
301.307
301.193
301.079
300.966
300.852
300.739
300.625
300.511
300.398
300.284
300.17
300.057
304.488
304.375
304.261
304.147
304.034
303.92
303.806
303.693
303.579
303.466
303.352
303.238
303.125
303.011
302.897
302.784
302.67
302.557
302.443
302.329
302.216
302.102
301.988
301.875
301.761
301.648
301.534
301.42
301.307
301.193
301.079
300.966
300.852
300.739
300.625
300.511
300.398
300.284
300.17
300.057
304.488
304.375
304.261
304.147
304.034
303.92
303.806
303.693
303.579
303.466
303.352
303.238
303.125
303.011
302.897
302.784
302.67
302.557
302.443
302.329
302.216
302.102
301.988
301.875
301.761
301.648
301.534
301.42
301.307
301.193
301.079
300.966
300.852
300.739
300.625
300.511
300.398
300.284
300.17
300.057
304.488
304.375
304.261
304.147
304.034
303.92
303.806
303.693
303.579
303.466
303.352
303.238
303.125
303.011
302.897
302.784
302.67
302.557
302.443
302.329
302.216
302.102
301.988
301.875
301.761
301.648
301.534
301.42
301.307
301.193
301.079
300.966
300.852
300.739
300.625
300.511
300.398
300.284
300.17
300.057
304.488
304.375
304.261
304.147
304.034
303.92
303.806
303.693
303.579
303.466
303.352
303.238
303.125
303.011
302.897
302.784
302.67
302.557
302.443
302.329
302.216
302.102
301.988
301.875
301.761
301.648
301.534
301.42
301.307
301.193
301.079
300.966
300.852
300.739
300.625
300.511
300.398
300.284
300.17
300.057
304.488
304.375
304.261
304.147
304.034
303.92
303.806
303.693
303.579
303.466
303.352
303.238
303.125
303.011
302.897
302.784
302.67
302.557
302.443
302.329
302.216
302.102
301.988
301.875
301.761
301.648
301.534
301.42
301.307
301.193
301.079
300.966
300.852
300.739
300.625
300.511
300.398
300.284
300.17
300.057
304.488
304.375
304.261
304.147
304.034
303.92
303.806
303.693
303.579
303.466
303.352
303.238
303.125
303.011
302.897
302.784
302.67
302.557
302.443
302.329
302.216
302.102
301.988
301.875
301.761
301.648
301.534
301.42
301.307
301.193
301.079
300.966
300.852
300.739
300.625
300.511
300.398
300.284
300.17
300.057
304.488
304.375
304.261
304.147
304.034
303.92
303.806
303.693
303.579
303.466
303.352
303.238
303.125
303.011
302.897
302.784
302.67
302.557
302.443
302.329
302.216
302.102
301.988
301.875
301.761
301.648
301.534
301.42
301.307
301.193
301.079
300.966
300.852
300.739
300.625
300.511
300.398
300.284
300.17
300.057
304.488
304.375
304.261
304.147
304.034
303.92
303.806
303.693
303.579
303.466
303.352
303.238
303.125
303.011
302.897
302.784
302.67
302.557
302.443
302.329
302.216
302.102
301.988
301.875
301.761
301.648
301.534
301.42
301.307
301.193
301.079
300.966
300.852
300.739
300.625
300.511
300.398
300.284
300.17
300.057
304.488
304.375
304.261
304.147
304.034
303.92
303.806
303.693
303.579
303.466
303.352
303.238
303.125
303.011
302.897
302.784
302.67
302.557
302.443
302.329
302.216
302.102
301.988
301.875
301.761
301.648
301.534
301.42
301.307
301.193
301.079
300.966
300.852
300.739
300.625
300.511
300.398
300.284
300.17
300.057
)
;

boundaryField
{
    topWall
    {
        type            zeroGradient;
    }
    rightWall
    {
        type            fixedValue;
        value           uniform 300;
    }
    bottomWall
    {
        type            zeroGradient;
    }
    frontAndBack
    {
        type            empty;
    }
    solid_to_region0
    {
        type            compressible::turbulentTemperatureCoupledBaffleMixed;
        refValue        nonuniform List<scalar> 
40
(
305.113
305.113
305.113
305.113
305.113
305.113
305.113
305.113
305.113
305.113
305.113
305.113
305.113
305.113
305.113
305.113
305.113
305.113
305.113
305.113
305.113
305.113
305.113
305.113
305.113
305.113
305.113
305.113
305.113
305.113
305.113
305.113
305.113
305.113
305.113
305.113
305.113
305.113
305.113
305.113
)
;
        refGradient     uniform 0;
        valueFraction   nonuniform List<scalar> 
40
(
0.0909091
0.0909091
0.0909091
0.0909091
0.0909091
0.0909091
0.0909091
0.0909091
0.0909091
0.0909091
0.0909091
0.0909091
0.0909091
0.0909091
0.0909091
0.0909091
0.0909091
0.0909091
0.0909091
0.0909091
0.0909091
0.0909091
0.0909091
0.0909091
0.0909091
0.0909091
0.0909091
0.0909091
0.0909091
0.0909091
0.0909091
0.0909091
0.0909091
0.0909091
0.0909091
0.0909091
0.0909091
0.0909091
0.0909091
0.0909091
)
;
        value           nonuniform List<scalar> 
40
(
304.545
304.545
304.545
304.545
304.545
304.545
304.545
304.545
304.545
304.545
304.545
304.545
304.545
304.545
304.545
304.545
304.545
304.545
304.545
304.545
304.545
304.545
304.545
304.545
304.545
304.545
304.545
304.545
304.545
304.545
304.545
304.545
304.545
304.545
304.545
304.545
304.545
304.545
304.545
304.545
)
;
        Tnbr            Tair;
        thicknessLayers 0();
        kappaLayers     0();
        kappaMethod     lookup;
        kappa           kappaSolid;
        alphaAni        Anialpha;
    }
}


// ************************************************************************* //
