/*--------------------------------*- C++ -*----------------------------------*\
  =========                 |
  \\      /  F ield         | OpenFOAM: The Open Source CFD Toolbox
   \\    /   O peration     | Website:  https://openfoam.org
    \\  /    A nd           | Version:  7
     \\/     M anipulation  |
\*---------------------------------------------------------------------------*/
FoamFile
{
    version     2.0;
    format      ascii;
    class       labelList;
    location    "constant/dielectric/polyMesh";
    object      pointRegionAddressing;
}
// * * * * * * * * * * * * * * * * * * * * * * * * * * * * * * * * * * * * * //


12428
(
0
1
2
3
4
5
6
7
8
9
10
11
12
13
14
15
16
17
18
19
20
21
22
23
24
25
26
27
28
29
30
31
32
33
34
35
36
37
38
39
40
41
42
43
44
45
46
47
48
49
50
51
52
53
54
55
56
57
58
59
60
61
62
63
64
65
66
67
68
69
70
71
72
73
74
75
76
77
78
79
80
81
82
83
84
85
86
87
88
89
90
91
92
93
94
95
672
673
674
675
676
677
678
679
680
681
682
683
684
685
686
687
688
689
690
691
692
693
694
695
696
697
698
699
700
701
702
703
704
705
706
707
708
709
710
711
712
713
714
715
716
717
718
719
720
721
722
723
724
725
726
727
728
729
730
731
732
733
734
735
736
737
738
739
740
741
742
743
744
745
746
747
748
749
750
751
752
753
754
755
756
757
758
759
760
761
762
763
764
765
766
767
1344
1345
1346
1347
1348
1349
1350
1351
1352
1353
1354
1355
1356
1357
1358
1359
1360
1361
1362
1363
1484
1485
1486
1487
1488
1489
1490
1491
1492
1493
1494
1495
1496
1497
1498
1499
1500
1501
1502
1503
1624
1625
1626
1627
1628
1629
1630
1631
1632
1633
1634
1635
1636
1637
1638
1639
1640
1641
1642
1643
1644
1645
1646
1647
1648
1649
1650
1651
1652
1653
1654
1655
1656
1657
1658
1659
1660
1661
1662
1663
1664
1665
1666
1667
1668
1669
1670
1671
1672
1673
1674
1675
1676
1677
1678
1679
1680
1681
1682
1683
1684
1685
1686
1687
1688
1689
1690
1691
1692
1693
1694
1695
1696
1697
1698
1699
1700
1701
1702
1703
1704
1705
1706
1707
1708
1709
1710
1711
1712
1713
1714
1715
1716
1717
1718
1719
1720
2303
2304
2305
2306
2307
2308
2309
2310
2311
2312
2313
2314
2315
2316
2317
2318
2319
2320
2321
2322
2323
2324
2325
2326
2327
2328
2329
2330
2331
2332
2333
2334
2335
2336
2337
2338
2339
2340
2341
2342
2343
2344
2345
2346
2347
2348
2349
2350
2351
2352
2353
2354
2355
2356
2357
2358
2359
2360
2361
2362
2363
2364
2365
2366
2367
2368
2369
2370
2371
2372
2373
2374
2375
2376
2377
2378
2379
2380
2381
2382
2383
2384
2385
2386
2387
2388
2389
2390
2391
2392
2393
2394
2395
2396
2397
2398
2399
2982
2983
2984
2985
2986
2987
2988
2989
2990
2991
2992
2993
2994
2995
2996
2997
2998
2999
3000
3001
3002
3003
3004
3005
3006
3007
3008
3009
3010
3011
3012
3013
3014
3015
3016
3017
3018
3019
3020
3021
3022
3023
3024
3025
3026
3027
3028
3029
3030
3031
3032
3033
3034
3035
3036
3037
3038
3039
3040
3041
3042
3043
3044
3045
3046
3047
3048
3049
3050
3051
3052
3053
3054
3055
3056
3057
3058
3059
3060
3061
3062
3063
3064
3065
3066
3067
3068
3069
3070
3071
3072
3073
3074
3075
3076
3077
3078
3079
3080
3081
3082
3083
3084
3085
3086
3087
3088
3089
3090
3091
3092
3093
3094
3095
3096
3097
3098
3099
3100
3101
3102
3103
3104
3105
3106
3107
3108
3109
3110
3111
3112
3113
3114
3115
3116
3117
3118
3119
3120
3121
3122
3123
3124
3125
3126
3127
3128
3129
3130
3131
3132
3133
3134
3135
3136
3137
3138
3139
3140
3141
3142
3143
3144
3145
3146
3147
3148
3149
3150
3151
3152
3153
3154
3155
3156
3157
3158
3159
3160
3161
3162
3163
3164
3165
3166
3167
3168
3169
3170
3171
3172
3173
3174
3175
3176
3177
3178
3179
3180
3181
3182
3183
3184
3185
3186
3187
3188
3189
3190
3191
3192
3193
3194
3195
3196
3197
3198
3199
3200
3201
3202
3203
3204
3205
3206
3207
3208
3209
3210
3211
3212
3213
3214
3215
4620
4621
4622
4623
4624
4625
4626
4627
4628
4629
4630
4631
4632
4633
4634
4635
4636
4637
4638
4639
4640
4641
4642
4643
4644
4645
4646
4647
4648
4649
4650
4651
4652
4653
4654
4655
4656
4657
4658
4659
4660
4661
4662
4663
4664
4665
4666
4667
4668
4669
4670
4671
4672
4673
4674
4675
4676
4677
4678
4679
4680
4681
4682
4683
4684
4685
4686
4687
4688
4689
4690
4691
4692
4693
4694
4695
4696
4697
4698
4699
4700
4701
4702
4703
4704
4705
4706
4707
4708
4709
4710
4711
4712
4713
4714
4715
4716
4717
4718
4719
4720
4721
4722
4723
4724
4725
4726
4727
4728
4729
4730
4731
4732
4733
4734
4735
4736
4737
4738
4739
4740
4741
4742
4743
4744
4745
4746
4747
4748
4749
4750
4751
4752
4753
4754
4755
4756
4757
4758
4759
4760
4761
4762
4763
4764
4765
4766
4767
4768
4769
4770
4771
4772
4773
4774
4775
4776
4777
4778
4779
4780
4781
4782
4783
4784
4785
4786
4787
4788
4789
4790
4791
4792
4793
4794
4795
4796
4797
4798
4799
4800
4801
4802
4803
4804
4805
4806
4807
4808
4809
4810
4811
4812
4813
4814
4815
4816
4817
4818
4819
4820
4821
4822
4823
4824
4825
4826
4827
4828
4829
4830
4831
4832
4833
4834
4835
4836
4837
4838
4839
4840
4841
4842
4843
4844
4845
4846
4847
4848
4849
4850
4851
4852
4853
172188
172189
172190
172191
172192
172193
172194
172195
172196
172197
172198
172199
172200
172201
172202
172203
172204
172205
172206
172207
172208
172209
172210
172211
172212
172213
172214
172215
172216
172217
172218
172219
172220
172221
172222
172223
172224
172225
172226
172227
172228
172229
172230
172231
172232
172233
172234
172235
172236
172237
172238
172239
172240
172241
172242
172243
172244
172245
172246
172247
172248
172249
172250
172251
172252
172253
172254
172255
172256
172257
172258
172259
172260
172261
172262
172263
172264
172265
172266
172267
172268
172269
172270
172271
172272
172273
172274
172275
172276
172277
172278
172279
172280
172281
172282
172283
172764
172765
172766
172767
172768
172769
172770
172771
172772
172773
172774
172775
172776
172777
172778
172779
172780
172781
172782
172783
172784
172785
172786
172787
172788
172789
172790
172791
172792
172793
172794
172795
172796
172797
172798
172799
172800
172801
172802
172803
172804
172805
172806
172807
172808
172809
172810
172811
172812
172813
172814
172815
172816
172817
172818
172819
172820
172821
172822
172823
172824
172825
172826
172827
172828
172829
172830
172831
172832
172833
172834
172835
172836
172837
172838
172839
172840
172841
172842
172843
172844
172845
172846
172847
172848
172849
172850
172851
172852
172853
172854
172855
172856
172857
172858
172859
173020
173021
173022
173023
173024
173025
173026
173027
173028
173029
173030
173031
173032
173033
173034
173035
173036
173037
173038
173039
173040
173041
173042
173043
173044
173045
173046
173047
173048
173049
173050
173051
173212
173213
173214
173215
173216
173217
173218
173219
173220
173221
173222
173223
173224
173225
173226
173227
173228
173229
173230
173231
173232
173233
173234
173235
173236
173237
173238
173239
173240
173241
173242
173243
173339
173340
173341
173342
173343
173344
173345
173346
173347
173348
173349
173350
173351
173352
173353
173354
173355
173356
173357
173453
173454
173455
173456
173457
173458
173459
173460
173461
173462
173463
173464
173465
173466
173467
173468
173469
173470
173471
174647
174648
174649
174650
174651
174652
174653
174654
174655
174656
174657
174658
174659
174660
174661
174662
174663
174664
174665
174666
174667
174668
174669
174670
174671
174672
174673
174674
174675
174676
174677
174678
174679
174680
174681
174682
174683
174684
174685
174686
174687
174688
174689
174690
174691
174692
174693
174694
174695
174696
174697
174698
174699
174700
174701
174702
174703
174704
174705
174706
174707
174708
174709
174710
174711
174712
174713
174714
174715
174716
174717
174718
174719
174720
174721
174722
174723
174724
174725
174726
174727
174728
174729
174730
174731
174732
174733
174734
174735
174736
174737
174738
174739
174740
174741
174742
174743
174744
174745
174746
174747
174748
174749
174750
174751
174752
174753
174754
174755
174756
174757
174758
174759
174760
174761
174762
174763
174764
174765
174766
174767
174768
174769
174770
174771
174772
174773
174774
174775
174776
174777
174778
174779
174780
174781
174782
174783
174784
174785
174786
174787
174788
174789
174790
174791
174792
174793
174794
174795
174796
174797
174798
174799
174800
174801
174802
174803
174804
174805
174806
174807
174808
174809
174810
174811
174812
174813
174814
174815
174816
174817
174818
174819
174820
174821
174822
174823
174824
174825
174826
174827
174828
174829
174830
174831
174832
174833
174834
174835
174836
174837
174838
174839
174840
174841
174842
174843
174844
174845
174846
174847
174848
174849
174850
174851
174852
174853
174854
174855
174856
174857
174858
174859
174860
174861
174862
174863
174864
174865
174866
174867
174868
174869
174870
174871
174872
174873
174874
174875
174876
174877
174878
174879
174880
174881
176057
176058
176059
176060
176061
176062
176063
176064
176065
176066
176067
176068
176069
176070
176071
176072
176073
176074
176075
176076
176077
176078
176079
176080
176081
176082
176083
176084
176085
176086
176087
176088
176089
176090
176091
176092
176093
176094
176095
176096
176097
176098
176099
176100
176101
176102
176103
176104
176105
176106
176107
176108
176109
176110
176111
176112
176113
176114
176115
176116
176117
176118
176119
176120
176121
176122
176123
176124
176125
176126
176127
176128
176129
176130
176131
176132
176133
176134
176135
176136
176137
176138
176139
176140
176141
176142
176143
176144
176145
176146
176147
176148
176149
176150
176151
176152
176153
176154
176155
176156
176157
176158
176159
176160
176161
176162
176163
176164
176165
176166
176167
176168
176169
176170
176171
176172
176173
176174
176175
176176
176177
176178
176179
176180
176181
176182
176183
176184
176185
176186
176187
176188
176189
176190
176191
176192
176193
176194
176195
176196
176197
176198
176199
176200
176201
176202
176203
176204
176205
176206
176207
176208
176209
176210
176211
176212
176213
176214
176215
176216
176217
176218
176219
176220
176221
176222
176223
176224
176225
176226
176227
176228
176229
176230
176231
176232
176233
176234
176235
176236
176237
176238
176239
176240
176241
176242
176243
176244
176245
176246
176247
176248
176249
176250
176251
176252
176253
176254
176255
176256
176257
176258
176259
176260
176261
176262
176263
176264
176265
176266
176267
176268
176269
176270
176271
176272
176273
176274
176275
176276
176277
176278
176279
176280
176281
176282
176283
176284
176285
176286
176287
176288
176289
176290
176291
176292
176293
176294
176295
176296
176297
176298
176299
176300
176301
176302
176303
176304
176305
176306
176307
176308
176309
176310
176311
176312
176313
176314
176315
176316
176317
176318
176319
176320
176321
176322
176323
176324
176325
176326
176327
176328
176329
176330
176331
176332
176333
176334
176335
176336
176337
176338
176339
176340
176341
176342
176343
176344
176345
176346
176347
176348
176349
176350
176351
176352
176353
176354
176355
176356
176357
176358
176359
176360
176361
176362
176363
176364
176365
176366
176367
176368
176369
176370
176371
176372
176373
176374
176375
176376
176377
176378
176379
176380
176381
176382
176383
176384
176385
176386
176387
176388
176389
176390
176391
176392
176393
176394
176395
176396
176397
176398
176399
176400
176401
176402
176403
176404
176405
176406
176407
176408
176409
176410
176411
176412
176413
176414
176415
176416
176417
176418
176419
176420
176421
176422
176423
176424
176425
176426
176427
176428
176429
176430
176431
176432
176433
176434
176435
176436
176437
176438
176439
176440
176441
176442
176443
176444
176445
176446
176447
176448
176449
176450
176451
176452
176453
176454
176455
176456
176457
176458
176459
176460
176461
176462
176463
176464
176465
176466
176467
176468
176469
176470
176471
176472
176473
176474
176475
176476
176477
176478
176479
176480
176481
176482
176483
176484
176485
176486
176487
176488
176489
176490
176491
176492
176493
176494
176495
176496
176497
176498
176499
176500
176501
176502
176503
176504
176505
176506
176507
176508
176509
176510
176511
176512
176513
176514
176515
176516
176517
176518
176519
176520
176521
176522
176523
176524
176525
176526
176527
176528
176529
176530
176531
176532
176533
176534
176535
176536
176537
176538
176539
176540
176541
176542
176543
176544
176545
176546
176547
176548
176549
176550
176551
176552
176553
176554
176555
176556
176557
176558
176559
176560
176561
176562
176563
176564
176565
176566
176567
176568
176569
176570
176571
176572
176573
176574
176575
176576
176577
176578
176579
176580
176581
176582
176583
176584
176585
176586
176587
176588
176589
176590
176591
176592
176593
176594
176595
176596
176597
176598
176599
176600
176601
176602
176603
176604
176605
176606
176607
176608
176609
176610
176611
176612
176613
176614
176615
176616
176617
176618
176619
176620
176621
176622
176623
176624
176625
176626
176627
176628
176629
176630
176631
176632
176633
176634
176635
176636
176637
176638
176639
176640
176641
176642
176643
176644
176645
176646
176647
176648
176649
176650
176651
176652
176653
176654
176655
176656
176657
176658
176659
176660
176661
176662
176663
176664
176665
176666
176667
176668
176669
176670
176671
176672
176673
176674
176675
176676
176677
176678
176679
176680
176681
176682
176683
176684
176685
176686
176687
176688
176689
176690
176691
176692
176693
176694
176695
176696
176697
176698
176699
176700
176701
176702
176703
176704
176705
176706
176707
176708
176709
176710
176711
176712
176713
176714
176715
176716
176717
176718
176719
176720
176721
176722
176723
176724
176725
176726
176727
176728
176729
176730
176731
176732
176733
176734
176735
176736
176737
176738
176739
176740
176741
176742
176743
176744
176745
176746
176747
176748
176749
176750
176751
176752
176753
176754
176755
176756
176757
176758
176759
176760
176761
176762
176763
176764
176765
176766
176767
176768
176769
176770
176771
176772
176773
176774
176775
176776
176777
176778
176779
176780
176781
176782
176783
176784
176785
176786
176787
176788
176789
176790
176791
176792
176793
176794
176795
176796
176797
176798
176799
176800
176801
176802
176803
176804
176805
176806
176807
176808
176809
176810
176811
176812
176813
176814
176815
176816
176817
176818
176819
176820
176821
176822
176823
176824
176825
176826
176827
176828
176829
176830
176831
176832
176833
176834
176835
176836
176837
176838
176839
176840
176841
176842
176843
176844
176845
176846
176847
176848
176849
176850
176851
176852
176853
176854
176855
176856
176857
176858
176859
176860
176861
176862
176863
176864
176865
176866
176867
176868
176869
176870
176871
176872
176873
176874
176875
176876
176877
176878
176879
176880
176881
176882
176883
176884
176885
176886
176887
176888
176889
176890
176891
176892
176893
176894
176895
176896
176897
176898
176899
176900
176901
176902
176903
176904
176905
176906
176907
176908
176909
176910
176911
176912
176913
176914
176915
176916
176917
176918
176919
176920
176921
176922
176923
176924
176925
176926
176927
176928
176929
176930
176931
176932
176933
176934
176935
176936
176937
176938
176939
176940
176941
176942
176943
176944
176945
176946
176947
176948
176949
176950
176951
176952
176953
176954
176955
176956
176957
176958
176959
176960
176961
176962
176963
176964
176965
176966
176967
176968
176969
176970
176971
176972
176973
176974
176975
176976
176977
176978
176979
176980
176981
176982
176983
176984
176985
176986
176987
176988
176989
176990
176991
176992
176993
176994
176995
176996
176997
176998
176999
177000
177001
177002
177003
177004
177005
177006
177007
177008
177009
177010
177011
177012
177013
177014
177015
177016
177017
177018
177019
177020
177021
177022
177023
177024
177025
177026
177027
177028
177029
177030
177031
177032
177033
177034
177035
177036
177037
177038
177039
177040
177041
177042
177043
177044
177045
177046
177047
177048
177049
177050
177051
177052
177053
177054
177055
177056
177057
177058
177059
177060
177061
177062
177063
177064
177065
177066
177067
177068
177069
177070
177071
177072
177073
177074
177075
177076
177077
177078
177079
177080
177081
177082
177083
177084
177085
177086
177087
177088
177089
177090
177091
177092
177093
177094
177095
177096
177097
177098
177099
177100
177101
177102
177103
177104
177105
177106
177107
177108
177109
177110
177111
177112
177113
177114
177115
177116
177117
177118
177119
177120
177121
177122
177123
177124
177125
177126
177127
177128
177129
177130
177131
177132
177133
177134
177135
177136
177137
177138
177139
177140
177141
177142
177143
177144
177145
177146
177147
177148
177149
177150
177151
177152
177153
177154
177155
177156
177157
177158
177159
177160
177161
177162
177163
177164
177165
177166
177167
177168
177169
177170
177171
177172
177173
177174
177175
177176
177177
177178
177179
177180
177181
177182
177183
177184
177185
177186
177187
177188
177189
177190
177191
177192
177193
177194
177195
177196
177197
177198
177199
177200
177201
177202
177203
177204
177205
177206
177207
177208
177209
177210
177211
177212
177213
177214
177215
177216
177217
177218
177219
177220
177221
177222
177223
177224
177225
177226
177227
177228
177229
177230
177231
177232
177233
177234
177235
177236
177237
177238
177239
177240
177241
177242
177243
177244
177245
177246
177247
177248
177249
177250
177251
177252
177253
177254
177255
177256
177257
177258
177259
177260
177261
177262
177263
177264
177265
177266
177267
177268
177269
177270
177271
177272
177273
177274
177275
177276
177277
177278
177279
177280
177281
177282
177283
177284
177285
177286
177287
177288
177289
177290
177291
177292
177293
177294
177295
177296
177297
177298
177299
177300
177301
177302
177303
177304
177305
177306
177307
177308
177309
177310
177311
177312
177313
177314
177315
177316
177317
177318
177319
177320
177321
177322
177323
177324
177325
177326
177327
177328
177329
177330
177331
177332
177333
177334
177335
177336
177337
177338
177339
177340
177341
177342
177343
177344
177345
177346
177347
177348
177349
177350
177351
177352
177353
177354
177355
177356
177357
177358
177359
177360
177361
177362
177363
177364
177365
177366
177367
177368
177369
177370
177371
177372
177373
177374
177375
177376
177377
177378
177379
177380
177381
177382
177383
177384
177385
177386
177387
177388
177389
177390
177391
177392
177393
177394
177395
177396
177397
177398
177399
177400
177401
177402
177403
177404
177405
177406
177407
177408
177409
177410
177411
177412
177413
177414
177415
177416
177417
177418
177419
177420
177421
177422
177423
177424
177425
177426
177427
177428
177429
177430
177431
177432
177433
177434
177435
177436
177437
177438
177439
177440
177441
177442
177443
177444
177445
177446
177447
177448
177449
177450
177451
177452
177453
177454
177455
177456
177457
177458
177459
177460
177461
177462
177463
177464
177465
177466
177467
177468
177469
177470
177471
177472
177473
177474
177475
177476
177477
177478
177479
177480
177481
177482
177483
177484
177485
177486
177487
177488
177489
177490
177491
177492
177493
177494
177495
177496
177497
177498
177499
177500
177501
177502
177503
177504
177505
177506
177507
177508
177509
177510
177511
177512
177513
177514
177515
177516
177517
177518
177519
177520
177521
177522
177523
177524
177525
177526
177527
177528
177529
177530
177531
177532
177533
177534
177535
177536
177537
177538
177539
177540
177541
177542
177543
177544
177545
177546
177547
177548
177549
177550
177551
177552
177553
177554
177555
177556
177557
177558
177559
177560
177561
177562
177563
177564
177565
177566
177567
177568
177569
177570
177571
177572
177573
177574
177575
177576
177577
177578
177579
177580
177581
177582
177583
177584
177585
177586
177587
177588
177589
177590
177591
177592
177593
177594
177595
177596
177597
177598
177599
177600
177601
177602
177603
177604
177605
177606
177607
177608
177609
177610
177611
177612
177613
177614
177615
177616
177617
177618
177619
177620
177621
177622
177623
177624
177625
177626
177627
177628
177629
177630
177631
177632
177633
177634
177635
177636
177637
177638
177639
177640
177641
177642
177643
177644
177645
177646
177647
177648
177649
177650
177651
177652
177653
177654
177655
177656
177657
177658
177659
177660
177661
177662
177663
177664
177665
177666
177667
177668
177669
177670
177671
177672
177673
177674
177675
177676
177677
177678
177679
177680
177681
177682
177683
177684
177685
177686
177687
177688
177689
177690
177691
177692
177693
177694
177695
177696
177697
177698
177699
177700
177701
177702
177703
177704
177705
177706
177707
177708
177709
177710
177711
177712
177713
177714
177715
177716
177717
177718
177719
177720
177721
177722
177723
177724
177725
177726
177727
177728
177729
177730
177731
177732
177733
177734
177735
177736
177737
177738
177739
177740
177741
177742
177743
177744
177745
177746
177747
177748
177749
177750
177751
177752
177753
177754
177755
177756
177757
177758
177759
177760
177761
177762
177763
177764
177765
177766
177767
177768
177769
177770
177771
177772
177773
177774
177775
177776
177777
177778
177779
177780
177781
177782
177783
177784
177785
177786
177787
177788
177789
177790
177791
177792
177793
177794
177795
177796
177797
177798
177799
177800
177801
177802
177803
177804
177805
177806
177807
177808
177809
177810
177811
177812
177813
177814
177815
177816
177817
177818
177819
177820
177821
177822
177823
177824
177825
177826
177827
177828
177829
177830
177831
177832
177833
177834
177835
177836
177837
177838
177839
177840
177841
177842
177843
177844
177845
177846
177847
177848
177849
177850
177851
177852
177853
177854
177855
177856
177857
177858
177859
177860
177861
177862
177863
177864
177865
177866
177867
177868
177869
177870
177871
177872
177873
177874
177875
177876
177877
177878
177879
177880
177881
177882
177883
177884
177885
177886
177887
177888
177889
177890
177891
177892
177893
177894
177895
177896
177897
177898
177899
177900
177901
177902
177903
177904
177905
177906
177907
177908
177909
177910
177911
177912
177913
177914
177915
177916
177917
177918
177919
177920
177921
177922
177923
177924
177925
177926
177927
177928
177929
177930
177931
177932
177933
177934
177935
177936
177937
177938
177939
177940
177941
177942
177943
177944
177945
177946
177947
177948
177949
177950
177951
177952
177953
177954
177955
177956
177957
177958
177959
177960
177961
177962
177963
177964
177965
177966
177967
177968
177969
177970
177971
177972
177973
177974
177975
177976
177977
177978
177979
177980
177981
177982
177983
177984
177985
177986
177987
177988
177989
177990
177991
177992
177993
177994
177995
177996
177997
177998
177999
178000
178001
178002
178003
178004
178005
178006
178007
178008
178009
178010
178011
178012
178013
178014
178015
178016
178017
178018
178019
178020
178021
178022
178023
178024
178025
178026
178027
178028
178029
178030
178031
178032
178033
178034
178035
178036
178037
178038
178039
178040
178041
178042
178043
178044
178045
178046
178047
178048
178049
178050
178051
178052
178053
178054
178055
178056
178057
178058
178059
178060
178061
178062
178063
178064
178065
178066
178067
178068
178069
178070
178071
178072
178073
178074
178075
178076
178077
178078
178079
178080
178081
178082
178083
178084
178085
178086
178087
178088
178089
178090
178091
178092
178093
178094
178095
178096
178097
178098
178099
178100
178101
178102
178103
178104
178105
178106
178107
178108
178109
178110
178111
178112
178113
178114
178115
178116
178117
178118
178119
178120
178121
178122
178123
178124
178125
178126
178127
178128
178129
178130
178131
178132
178133
178134
178135
178136
178137
178138
178139
178140
178141
178142
178143
178144
178145
178146
178147
178148
178149
178150
178151
178152
178153
178154
178155
178156
178157
178158
178159
178160
178161
178162
178163
178164
178165
178166
178167
178168
178169
178170
178171
178172
178173
178174
178175
178176
178177
178178
178179
178180
178181
178182
178183
178184
178185
178186
178187
178188
178189
178190
178191
178192
178193
178194
178195
178196
178197
178198
178199
178200
178201
178202
178203
178204
178205
178206
178207
178208
178209
178210
178211
178212
178213
178214
178215
178216
178217
178218
178219
178220
178221
178222
178223
178224
178225
178226
178227
178228
178229
178230
178231
178232
178233
178234
178235
178236
178237
178238
178239
178240
178241
178242
178243
178244
178245
178246
178247
178248
178249
178250
178251
178252
178253
178254
178255
178256
178257
178258
178259
178260
178261
178262
178263
178264
178265
178266
178267
178268
178269
178270
178271
178272
178273
178274
178275
178276
178277
178278
178279
178280
178281
178282
178283
178284
178285
178286
178287
178288
178289
178290
178291
178292
178293
178294
178295
178296
178297
178298
178299
178300
178301
178302
178303
178304
178305
178306
178307
178308
178309
178310
178311
178312
178313
178314
178315
178316
178317
178318
178319
178320
178321
178322
178323
178324
178325
178326
178327
178328
178329
178330
178331
178332
178333
178334
178335
178336
178337
178338
178339
178340
178341
178342
178343
178344
178345
178346
178347
178348
178349
178350
178351
178352
178353
178354
178355
178356
178357
178358
178359
178360
178361
178362
178363
178364
178365
178366
178367
178368
178369
178370
178371
178372
178373
178374
178375
178376
178377
178378
178379
178380
178381
178382
178383
178384
178385
178386
178387
178388
178389
178390
178391
178392
178393
178394
178395
178396
178397
178398
178399
178400
178401
178402
178403
178404
178405
178406
178407
178408
178409
178410
178411
178412
178413
178414
178415
178416
178417
178418
178419
178420
178421
178422
178423
178424
178425
178426
178427
178428
178429
178430
178431
178432
178433
178434
178435
178436
178437
178438
178439
178440
178441
178442
178443
178444
178445
178446
178447
178448
178449
178450
178451
178452
178453
178454
178455
178456
178457
178458
178459
178460
178461
178462
178463
178464
178465
178466
178467
178468
178469
178470
178471
178472
178473
178474
178475
178476
178477
178478
178479
178480
178481
178482
178483
178484
178485
178486
178487
178488
178489
178490
178491
178492
178493
178494
178495
178496
178497
178498
178499
178500
178501
178502
178503
178504
178505
178506
178507
178508
178509
178510
178511
178512
178513
178514
178515
178516
178517
178518
178519
178520
178521
178522
178523
178524
178525
178526
178527
178528
178529
178530
178531
178532
178533
178534
178535
178536
178537
178538
178539
178540
178541
178542
178543
178544
178545
178546
178547
178548
178549
178550
178551
178552
178553
178554
178555
178556
178557
178558
178559
178560
178561
178562
178563
178564
178565
178566
178567
178568
178569
178570
178571
178572
178573
178574
178575
178576
178577
178578
178579
178580
178581
178582
178583
178584
178585
178586
178587
178588
178589
178590
178591
178592
178593
178594
178595
178596
178597
178598
178599
178600
178601
178602
178603
178604
178605
178606
178607
178608
178609
178610
178611
178612
178613
178614
178615
178616
178617
178618
178619
178620
178621
178622
178623
178624
178625
178626
178627
178628
178629
178630
178631
178632
178633
178634
178635
178636
178637
178638
178639
178640
178641
178642
178643
178644
178645
178646
178647
178648
178649
178650
178651
178652
178653
178654
178655
178656
178657
178658
178659
178660
178661
178662
178663
178664
178665
178666
178667
178668
178669
178670
178671
178672
178673
178674
178675
178676
178677
178678
178679
178680
178681
178682
178683
178684
178685
178686
178687
178688
178689
178690
178691
178692
178693
178694
178695
178696
178697
178698
178699
178700
178701
178702
178703
178704
178705
178706
178707
178708
178709
178710
178711
178712
178713
178714
178715
178716
178717
178718
178719
178720
178721
178722
178723
178724
178725
178726
178727
178728
178729
178730
178731
178732
178733
178734
178735
178736
178737
178738
178739
178740
178741
178742
178743
178744
178745
178746
178747
178748
178749
178750
178751
178752
178753
178754
178755
178756
178757
178758
178759
178760
178761
178762
178763
178764
178765
178766
178767
178768
178769
178770
178771
178772
178773
178774
178775
178776
178777
178778
178779
178780
178781
178782
178783
178784
178785
178786
178787
178788
178789
178790
178791
178792
178793
178794
178795
178796
178797
178798
178799
178800
178801
178802
178803
178804
178805
178806
178807
178808
178809
178810
178811
178812
178813
178814
178815
178816
178817
178818
178819
178820
178821
178822
178823
178824
178825
178826
178827
178828
178829
178830
178831
178832
178833
178834
178835
178836
178837
178838
178839
178840
178841
178842
178843
178844
178845
178846
178847
178848
178849
178850
178851
178852
178853
178854
178855
178856
178857
178858
178859
178860
178861
178862
178863
178864
178865
178866
178867
178868
178869
178870
178871
178872
178873
178874
178875
178876
178877
178878
178879
178880
178881
178882
178883
178884
178885
178886
178887
178888
178889
178890
178891
178892
178893
178894
178895
178896
178897
178898
178899
178900
178901
178902
178903
178904
178905
178906
178907
178908
178909
178910
178911
178912
178913
178914
178915
178916
178917
178918
178919
178920
178921
178922
178923
178924
178925
178926
178927
178928
178929
178930
178931
178932
178933
178934
178935
178936
178937
178938
178939
178940
178941
178942
178943
178944
178945
178946
178947
178948
178949
178950
178951
178952
178953
178954
178955
178956
178957
178958
178959
178960
178961
178962
178963
178964
178965
178966
178967
178968
178969
178970
178971
178972
178973
178974
178975
178976
178977
178978
178979
178980
178981
178982
178983
178984
178985
178986
178987
178988
178989
178990
178991
178992
178993
178994
178995
178996
178997
178998
178999
179000
179001
179002
179003
179004
179005
179006
179007
179008
179009
179010
179011
179012
179013
179014
179015
179016
179017
179018
179019
179020
179021
179022
179023
179024
179025
179026
179027
179028
179029
179030
179031
179032
179033
179034
179035
179036
179037
179038
179039
179040
179041
179042
179043
179044
179045
179046
179047
179048
179049
179050
179051
179052
179053
179054
179055
179056
179057
179058
179059
179060
179061
179062
179063
179064
179065
179066
179067
179068
179069
179070
179071
179072
179073
179074
179075
179076
179077
179078
179079
179080
179081
179082
179083
179084
179085
179086
179087
179088
179089
179090
179091
179092
179093
179094
179095
179096
179097
179098
179099
179100
179101
179102
179103
179104
179105
179106
179107
179108
179109
179110
179111
179112
179113
179114
179115
179116
179117
179118
179119
179120
179121
179122
179123
179124
179125
179126
179127
179128
179129
179130
179131
179132
179133
179134
179135
179136
179137
179138
179139
179140
179141
179142
179143
179144
179145
179146
179147
179148
179149
179150
179151
179152
179153
179154
179155
179156
179157
179158
179159
179160
179161
179162
179163
179164
179165
179166
179167
179168
179169
179170
179171
179172
179173
179174
179175
179176
179177
179178
179179
179180
179181
179182
179183
179184
179185
179186
179187
179188
179189
179190
179191
179192
179193
179194
179195
179196
179197
179198
179199
179200
179201
179202
179203
179204
179205
179206
179207
179208
179209
179210
179211
179212
179213
179214
179215
179216
179217
179218
179219
179220
179221
179222
179223
179224
179225
179226
179227
179228
179229
179230
179231
179232
179233
179234
179235
179236
179237
179238
179239
179240
179241
179242
179243
179244
179245
179246
179247
179248
179249
179250
179251
179252
179253
179254
179255
179256
179257
179258
179259
179260
179261
179262
179263
179264
179265
179266
179267
179268
179269
179270
179271
179272
179273
179274
179275
179276
179277
179278
179279
179280
179281
179282
179283
179284
179285
179286
179287
179288
179289
179290
179291
179292
179293
179294
179295
179296
179297
179298
179299
179300
179301
179302
179303
179304
179305
179306
179307
179308
179309
179310
179311
179312
179313
179314
179315
179316
179317
179318
179319
179320
179321
179322
179323
179324
179325
179326
179327
179328
179329
179330
179331
179332
179333
179334
179335
179336
179337
179338
179339
179340
179341
179342
179343
179344
179345
179346
179347
179348
179349
179350
179351
179352
179353
179354
179355
179356
179357
179358
179359
179360
179361
179362
179363
179364
179365
179366
179367
179368
179369
179370
179371
179372
179373
179374
179375
179376
179377
179378
179379
179380
179381
179382
179383
179384
179385
179386
179387
179388
179389
179390
179391
179392
179393
179394
179395
179396
179397
179398
179399
179400
179401
179402
179403
179404
179405
179406
179407
179408
179409
179410
179411
179412
179413
179414
179415
179416
179417
179418
179419
179420
179421
179422
179423
179424
179425
179426
179427
179428
179429
179430
179431
179432
179433
179434
179435
179436
179437
179438
179439
179440
179441
179442
179443
179444
179445
179446
179447
179448
179449
179450
179451
179452
179453
179454
179455
179456
179457
179458
179459
179460
179461
179462
179463
179464
179465
179466
179467
179468
179469
179470
179471
179472
179473
179474
179475
179476
179477
179478
179479
179480
179481
179482
179483
179484
179485
179486
179487
179488
179489
179490
179491
179492
179493
179494
179495
179496
179497
179498
179499
179500
179501
179502
179503
179504
179505
179506
179507
179508
179509
179510
179511
179512
179513
179514
179515
179516
179517
179518
179519
179520
179521
179522
179523
179524
179525
179526
179527
179528
179529
179530
179531
179532
179533
179534
179535
179536
179537
179538
179539
179540
179541
179542
179543
179544
179545
179546
179547
179548
179549
179550
179551
179552
179553
179554
179555
179556
179557
179558
179559
179560
179561
179562
179563
179564
179565
179566
179567
179568
179569
179570
179571
179572
179573
179574
179575
179576
179577
179578
179579
179580
179581
179582
179583
179584
179585
179586
179587
179588
179589
179590
179591
179592
179593
179594
179595
179596
179597
179598
179599
179600
179601
179602
179603
179604
179605
179606
179607
179608
179609
179610
179611
179612
179613
179614
179615
179616
179617
179618
179619
179620
179621
179622
179623
179624
179625
179626
179627
179628
179629
179630
179631
179632
179633
179634
179635
179636
179637
179638
179639
179640
179641
179642
179643
179644
179645
179646
179647
179648
179649
179650
179651
179652
179653
179654
179655
179656
179657
179658
179659
179660
179661
179662
179663
179664
179665
179666
179667
179668
179669
179670
179671
179672
179673
179674
179675
179676
179677
179678
179679
179680
179681
179682
179683
179684
179685
179686
179687
179688
179689
179690
179691
179692
179693
179694
179695
179696
179697
179698
179699
179700
179701
179702
179703
179704
179705
179706
179707
179708
179709
179710
179711
179712
179713
179714
179715
179716
179717
179718
179719
179720
179721
179722
179723
179724
179725
179726
179727
179728
179729
179730
179731
179732
179733
179734
179735
179736
179737
179738
179739
179740
179741
179742
179743
179744
179745
179746
179747
179748
179749
179750
179751
179752
179753
179754
179755
179756
179757
179758
179759
179760
179761
179762
179763
179764
179765
179766
179767
179768
179769
179770
179771
179772
179773
179774
179775
179776
179777
179778
179779
179780
179781
179782
179783
179784
179785
179786
179787
179788
179789
179790
179791
179792
179793
179794
179795
179796
179797
179798
179799
179800
179801
179802
179803
179804
179805
179806
179807
179808
179809
179810
179811
179812
179813
179814
179815
179816
179817
179818
179819
179820
179821
179822
179823
179824
179825
179826
179827
179828
179829
179830
179831
179832
179833
179834
179835
179836
179837
179838
179839
179840
179841
179842
179843
179844
179845
179846
179847
179848
179849
179850
179851
179852
179853
179854
179855
179856
179857
179858
179859
179860
179861
179862
179863
179864
179865
179866
179867
179868
179869
179870
179871
179872
179873
179874
179875
179876
179877
179878
179879
179880
179881
179882
179883
179884
179885
179886
179887
179888
179889
179890
179891
179892
179893
179894
179895
179896
179897
179898
179899
179900
179901
179902
179903
179904
179905
179906
179907
179908
179909
179910
179911
179912
179913
179914
179915
179916
179917
179918
179919
179920
179921
179922
179923
179924
179925
179926
179927
179928
179929
179930
179931
179932
179933
179934
179935
179936
179937
179938
179939
179940
179941
179942
179943
179944
179945
179946
179947
179948
179949
179950
179951
179952
179953
179954
179955
179956
179957
179958
179959
179960
179961
179962
179963
179964
179965
179966
179967
179968
179969
179970
179971
179972
179973
179974
179975
179976
179977
179978
179979
179980
179981
179982
179983
179984
179985
179986
179987
179988
179989
179990
179991
179992
179993
179994
179995
179996
179997
179998
179999
180000
180001
180002
180003
180004
180005
180006
180007
180008
180009
180010
180011
180012
180013
180014
180015
180016
180017
180018
180019
180020
180021
180022
180023
180024
180025
180026
180027
180028
180029
180030
180031
180032
180033
180034
180035
180036
180037
180038
180039
180040
180041
180042
180043
180044
180045
180046
180047
180048
180049
180050
180051
180052
180053
180054
180055
180056
180057
180058
180059
180060
180061
180062
180063
180064
180065
180066
180067
180068
180069
180070
180071
180072
180073
180074
180075
180076
180077
180078
180079
180080
180081
180082
180083
180084
180085
180086
180087
180088
180089
180090
180091
180092
180093
180094
180095
180096
180097
180098
180099
180100
180101
180102
180103
180104
180105
180106
180107
180108
180109
180110
180111
180112
180113
180114
180115
180116
180117
180118
180119
180120
180121
180122
180123
180124
180125
180126
180127
180128
180129
180130
180131
180132
180133
180134
180135
180136
180137
180138
180139
180140
180141
180142
180143
180144
180145
180146
180147
180148
180149
180150
180151
180152
180153
180154
180155
180156
180157
180158
180159
180160
180161
180162
180163
180164
180165
180166
180167
180168
180169
180170
180171
180172
180173
180174
180175
180176
180177
180178
180179
180180
180181
180182
180183
180184
180185
180186
180187
180188
180189
180190
180191
180192
180193
180194
180195
180196
180197
180198
180199
180200
180201
180202
180203
180204
180205
180206
180207
180208
180209
180210
180211
180212
180213
180214
180215
180216
180217
180218
180219
180220
180221
180222
180223
180224
180225
180226
180227
180228
180229
180230
180231
180232
180233
180234
180235
180236
180237
180238
180239
180240
180241
180242
180243
180244
180245
180246
180247
180248
180249
180250
180251
180252
180253
180254
180255
180256
180257
180258
180259
180260
180261
180262
180263
180264
180265
180266
180267
180268
180269
180270
180271
180272
180273
180274
180275
180276
180277
180278
180279
180280
180281
180282
180283
180284
180285
180286
180287
180288
180289
180290
180291
180292
180293
180294
180295
180296
180297
180298
180299
180300
180301
180302
180303
180304
180305
180306
180307
180308
180309
180310
180311
180312
180313
180314
180315
180316
180317
180318
180319
180320
180321
180322
180323
180324
180325
180326
180327
180328
180329
180330
180331
180332
180333
180334
180335
180336
180337
180338
180339
180340
180341
180342
180343
180344
180345
180346
180347
180348
180349
180350
180351
180352
180353
180354
180355
180356
180357
180358
180359
180360
180361
180362
180363
180364
180365
180366
180367
180368
180369
180370
180371
180372
180373
180374
180375
180376
180377
180378
180379
180380
180381
180382
180383
180384
180385
180386
180387
180388
180389
180390
180391
180392
180393
180394
180395
180396
180397
180398
180399
180400
180401
180402
180403
180404
180405
180406
180407
180408
180409
180410
180411
180412
180413
180414
180415
180416
180417
180418
180419
180420
180421
180422
180423
180424
180425
180426
180427
180428
180429
180430
180431
180432
180433
180434
180435
180436
180437
180438
180439
180440
180441
180442
180443
180444
180445
180446
180447
180448
180449
180450
180451
180452
180453
180454
180455
180456
180457
180458
180459
180460
180461
180462
180463
180464
180465
180466
180467
180468
180469
180470
180471
180472
180473
180474
180475
180476
180477
180478
180479
180480
180481
180482
180483
180484
180485
180486
180487
180488
180489
180490
180491
180492
180493
180494
180495
180496
180497
180498
180499
180500
180501
180502
180503
180504
180505
180506
180507
180508
180509
180510
180511
180512
180513
180514
180515
180516
180517
180518
180519
180520
180521
180522
180523
180524
180525
180526
180527
180528
180529
180530
180531
180532
180533
180534
180535
180536
180537
180538
180539
180540
180541
180542
180543
180544
180545
180546
180547
180548
180549
180550
180551
180552
180553
180554
180555
180556
180557
180558
180559
180560
180561
180562
180563
180564
180565
180566
180567
180568
180569
180570
180571
180572
180573
180574
180575
180576
180577
180578
180579
180580
180581
180582
180583
180584
180585
180586
180587
180588
180589
180590
180591
180592
180593
180594
180595
180596
180597
180598
180599
180600
180601
180602
180603
180604
180605
180606
180607
180608
180609
180610
180611
180612
180613
180614
180615
180616
180617
180618
180619
180620
180621
180622
180623
180624
180625
180626
180627
180628
180629
180630
180631
180632
180633
180634
180635
180636
180637
180638
180639
180640
180641
180642
180643
180644
180645
180646
180647
180648
180649
180650
180651
180652
180653
180654
180655
180656
180657
180658
180659
180660
180661
180662
180663
180664
180665
180666
180667
180668
180669
180670
180671
180672
180673
180674
180675
180676
180677
180678
180679
180680
180681
180682
180683
180684
180685
180686
180687
180688
180689
180690
180691
180692
180693
180694
180695
180696
180697
180698
180699
180700
180701
180702
180703
180704
180705
180706
180707
180708
180709
180710
180711
180712
180713
180714
180715
180716
180717
180718
180719
180720
180721
180722
180723
180724
180725
180726
180727
180728
180729
180730
180731
180732
180733
180734
180735
180736
180737
180738
180739
180740
180741
180742
180743
180744
180745
180746
180747
180748
180749
180750
180751
180752
180753
180754
180755
180756
180757
180758
180759
180760
180761
180762
180763
180764
180765
180766
180767
180768
180769
180770
180771
180772
180773
180774
180775
180776
180777
180778
180779
180780
180781
180782
180783
180784
180785
180786
180787
180788
180789
180790
180791
180792
180793
180794
180795
180796
180797
180798
180799
180800
180801
180802
180803
180804
180805
180806
180807
180808
180809
180810
180811
180812
180813
180814
180815
180816
180817
180818
180819
180820
180821
180822
180823
180824
180825
180826
180827
180828
180829
180830
180831
180832
180833
180834
180835
180836
180837
180838
180839
180840
180841
180842
180843
180844
180845
180846
180847
180848
180849
180850
180851
180852
180853
180854
180855
180856
180857
180858
180859
180860
180861
180862
180863
180864
180865
180866
180867
180868
180869
180870
180871
180872
180873
180874
180875
180876
180877
180878
180879
180880
180881
180882
180883
180884
180885
180886
180887
180888
180889
180890
180891
180892
180893
180894
180895
180896
180897
180898
180899
180900
180901
180902
180903
180904
180905
180906
180907
180908
180909
180910
180911
180912
180913
180914
180915
180916
180917
180918
180919
180920
180921
180922
180923
180924
180925
180926
180927
180928
180929
180930
180931
180932
180933
180934
180935
180936
180937
180938
180939
180940
180941
180942
180943
180944
180945
180946
180947
180948
180949
180950
180951
180952
180953
180954
180955
180956
180957
180958
180959
180960
180961
180962
180963
180964
180965
180966
180967
180968
180969
180970
180971
180972
180973
180974
180975
180976
180977
180978
180979
180980
180981
180982
180983
180984
180985
180986
180987
180988
180989
180990
180991
180992
180993
180994
180995
180996
180997
180998
180999
181000
181001
181002
181003
181004
181005
181006
181007
181008
181009
181010
181011
181012
181013
181014
181015
181016
181017
181018
181019
181020
181021
181022
181023
181024
181025
181026
181027
181028
181029
181030
181031
181032
181033
181034
181035
181036
181037
181038
181039
181040
181041
181042
181043
181044
181045
181046
181047
181048
181049
181050
181051
181052
181053
181054
181055
181056
181057
181058
181059
181060
181061
181062
181063
181064
181065
181066
181067
181068
181069
181070
181071
181072
181073
181074
181075
181076
181077
181078
181079
181080
181081
181082
181083
181084
181085
181086
181087
181088
181089
181090
181091
181092
181093
181094
181095
181096
181097
181098
181099
181100
181101
181102
181103
181104
181105
181106
181107
181108
181109
181110
181111
181112
181113
181114
181115
181116
181117
181118
181119
181120
181121
181122
181123
181124
181125
181126
181127
181128
181129
181130
181131
181132
181133
181134
181135
181136
181137
181138
181139
181140
181141
181142
181143
181144
181145
181146
181147
181148
181149
181150
181151
181152
181153
181154
181155
181156
181157
181158
181159
181160
181161
181162
181163
181164
181165
181166
181167
181168
181169
181170
181171
181172
181173
181174
181175
181176
181177
181178
181179
181180
181181
181182
181183
181184
181185
181186
181187
181188
181189
181190
181191
181192
181193
181194
181195
181196
181197
181198
181199
181200
181201
181202
181203
181204
181205
181206
181207
181208
181209
181210
181211
181212
181213
181214
181215
181216
181217
181218
181219
181220
181221
181222
181223
181224
181225
181226
181227
181228
181229
181230
181231
181232
181233
181234
181235
181236
181237
181238
181239
181240
181241
181242
181243
181244
181245
181246
181247
181248
181249
181250
181251
181252
181253
181254
181255
181256
181257
181258
181259
181260
181261
181262
181263
181264
181265
181266
181267
181268
181269
181270
181271
181272
181273
181274
181275
181276
181277
181278
181279
181280
181281
181282
181283
181284
181285
181286
181287
181288
181289
181290
181291
181292
181293
181294
181295
181296
181297
181298
181299
181300
181301
181302
181303
181304
181305
181306
181307
181308
181309
181310
181311
181312
181313
181314
181315
181316
181317
181318
181319
181320
181321
181322
181323
181324
181325
181326
181327
181328
181329
181330
181331
181332
181333
181334
181335
181336
181337
181338
181339
181340
181341
181342
181343
181344
181345
181346
181347
181348
181349
181350
181351
181352
181353
181354
181355
181356
181357
181358
181359
181360
181361
181362
181363
181364
181365
181366
181367
181368
181369
181370
181371
181372
181373
181374
181375
181376
181377
181378
181379
181380
181381
181382
181383
181384
181385
181386
181387
181388
181389
181390
181391
181392
181393
181394
181395
181396
181397
181398
181399
181400
181401
181402
181403
181404
181405
181406
181407
181408
181409
181410
181411
181412
181413
181414
181415
181416
181417
181418
181419
181420
181421
181422
181423
181424
181425
181426
181427
181428
181429
181430
181431
181432
181433
181434
181435
181436
181437
181438
181439
181440
181441
181442
181443
181444
181445
181446
181447
181448
181449
181450
181451
181452
181453
181454
181455
181456
181457
181458
181459
181460
181461
181462
181463
181464
181465
181466
181467
181468
181469
181470
181471
181472
181473
181474
181475
181476
181477
181478
181479
181480
181481
181482
181483
181484
181485
181486
181487
181488
181489
181490
181491
181492
181493
181494
181495
181496
181497
181498
181499
181500
181501
181502
181503
181504
181505
181506
181507
181508
181509
181510
181511
181512
181513
181514
181515
181516
181517
181518
181519
181520
181521
181522
181523
181524
181525
181526
181527
181528
181529
181530
181531
181532
181533
181534
181535
181536
181537
181538
181539
181540
181541
181542
181543
181544
181545
181546
181547
181548
181549
181550
181551
181552
181553
181554
181555
181556
181557
181558
181559
181560
181561
181562
181563
181564
181565
181566
181567
181568
181569
181570
181571
181572
181573
181574
181575
181576
181577
181578
181579
181580
181581
181582
181583
181584
181585
181586
181587
181588
181589
181590
181591
181592
181593
181594
181595
181596
181597
181598
181599
181600
181601
181602
181603
181604
181605
181606
181607
181608
181609
181610
181611
181612
181613
181614
181615
181616
181617
181618
181619
181620
181621
181622
181623
181624
181625
181626
181627
181628
181629
181630
181631
181632
181633
181634
181635
181636
181637
181638
181639
181640
181641
181642
181643
181644
181645
181646
181647
181648
181649
181650
181651
181652
181653
181654
181655
181656
181657
181658
181659
181660
181661
181662
181663
181664
181665
181666
181667
181668
181669
181670
181671
181672
181673
181674
181675
181676
181677
181678
181679
181680
181681
181682
181683
181684
181685
181686
181687
181688
181689
181690
181691
181692
181693
181694
181695
181696
181697
181698
181699
181700
181701
181702
181703
181704
181705
181706
181707
181708
181709
181710
181711
181712
181713
181714
181715
181716
181717
181718
181719
181720
181721
181722
181723
181724
181725
181726
181727
181728
181729
181730
181731
181732
181733
181734
181735
181736
181737
181738
181739
181740
181741
181742
181743
181744
181745
181746
181747
181748
181749
181750
181751
181752
181753
181754
181755
181756
181757
181758
181759
181760
181761
181762
181763
181764
181765
181766
181767
181768
181769
181770
181771
181772
181773
181774
181775
181776
181777
181778
181779
181780
181781
181782
181783
181784
181785
181786
181787
181788
181789
181790
181791
181792
181793
181794
181795
181796
181797
181798
181799
181800
181801
181802
181803
181804
181805
181806
181807
181808
181809
181810
181811
181812
181813
181814
181815
181816
181817
181818
181819
181820
181821
181822
181823
181824
181825
181826
181827
181828
181829
181830
181831
181832
181833
181834
181835
181836
181837
181838
181839
181840
181841
181842
181843
181844
181845
181846
181847
181848
181849
181850
181851
181852
181853
181854
181855
181856
181857
181858
181859
181860
181861
181862
181863
181864
181865
181866
181867
181868
181869
181870
181871
181872
181873
181874
181875
181876
181877
181878
181879
181880
181881
181882
181883
181884
181885
181886
181887
181888
181889
181890
181891
181892
181893
181894
181895
181896
181897
181898
181899
181900
181901
181902
181903
181904
181905
181906
181907
181908
181909
181910
181911
181912
181913
181914
181915
181916
181917
181918
181919
181920
181921
181922
181923
181924
181925
181926
181927
181928
181929
181930
181931
181932
181933
181934
181935
181936
181937
181938
181939
181940
181941
181942
181943
181944
181945
181946
181947
181948
181949
181950
181951
181952
181953
181954
181955
181956
181957
181958
181959
181960
181961
181962
181963
181964
181965
181966
181967
181968
181969
181970
181971
181972
181973
181974
181975
181976
181977
181978
181979
181980
181981
181982
181983
181984
181985
181986
181987
181988
181989
181990
181991
181992
181993
181994
181995
181996
181997
181998
181999
182000
182001
182002
182003
182004
182005
182006
182007
182008
182009
182010
182011
182012
182013
182014
182015
182016
182017
182018
182019
182020
182021
182022
182023
182024
182025
182026
182027
182028
182029
182030
182031
182032
182033
182034
182035
182036
182037
182038
182039
182040
182041
182042
182043
182044
182045
182046
182047
182048
182049
182050
182051
182052
182053
182054
182055
182056
182057
182058
182059
182060
182061
182062
182063
182064
182065
182066
182067
182068
182069
182070
182071
182072
182073
182074
182075
182076
182077
182078
182079
182080
182081
182082
182083
182084
182085
182086
182087
182088
182089
182090
182091
182092
182093
182094
182095
182096
182097
182098
182099
182100
182101
182102
182103
182104
182105
182106
182107
182108
182109
182110
182111
182112
182113
182114
182115
182116
182117
182118
182119
182120
182121
182122
182123
182124
182125
182126
182127
182128
182129
182130
182131
182132
182133
182134
182135
182136
182137
182138
182139
182140
182141
182142
182143
182144
182145
182146
182147
182148
182149
182150
182151
182152
182153
182154
182155
182156
182157
182158
182159
182160
182161
182162
182163
182164
182165
182166
182167
182168
182169
182170
182171
182172
182173
182174
182175
182176
182177
182178
182179
182180
182181
182182
182183
182184
182185
182186
182187
182188
182189
182190
182191
182192
182193
182194
182195
182196
182197
182198
182199
182200
182201
182202
182203
182204
182205
182206
182207
182208
182209
182210
182211
182212
182213
182214
182215
182216
182217
182218
182219
182220
182221
182222
182223
182224
182225
182226
182227
182228
182229
182230
182231
182232
182233
182234
182235
182236
182237
182238
182239
182240
182241
182242
182243
182244
182245
182246
182247
182248
182249
182250
182251
182252
182253
182254
182255
182256
182257
182258
182259
182260
182261
182262
182263
182264
182265
182266
182267
182268
182269
182270
182271
182272
182273
182274
182275
182276
182277
182278
182279
182280
182281
182282
182283
182284
182285
182286
182287
182288
182289
182290
182291
182292
182293
182294
182295
182296
182297
182298
182299
182300
182301
182302
182303
182304
182305
182306
182307
182308
182309
182310
182311
182312
182313
182314
182315
182316
182317
182318
182319
182320
182321
182322
182323
182324
182325
182326
182327
182328
182329
182330
182331
182332
182333
182334
182335
182336
182337
182338
182339
182340
182341
182342
182343
182344
182345
182346
182347
182348
182349
182350
182351
182352
182353
182354
182355
182356
182357
182358
182359
182360
182361
182362
182363
182364
182365
182366
182367
182368
182369
182370
182371
182372
182373
182374
182375
182376
182377
182378
182379
182380
182381
182382
182383
182384
182385
182386
182387
182388
182389
182390
182391
182392
182393
182394
182395
182396
182397
182398
182399
182400
182401
182402
182403
182404
182405
182406
182407
182408
182409
182410
182411
182412
182413
182414
182415
182416
182417
182418
182419
182420
182421
182422
182423
182424
182425
182426
182427
182428
182429
182430
182431
182432
182433
182434
182435
182436
182437
182438
182439
182440
182441
182442
182443
182444
182445
182446
182447
182448
182449
182450
182451
182452
182453
182454
182455
182456
182457
182458
182459
182460
182461
182462
182463
182464
182465
182466
182467
182468
182469
182470
182471
182472
182473
182474
182475
182476
182477
182478
182479
182480
182481
182482
182483
182484
182485
182486
182487
182488
182489
182490
182491
182492
182493
182494
182495
182496
182497
182498
182499
182500
182501
182502
182503
182504
182505
182506
182507
182508
182509
182510
182511
182512
182513
182514
182515
182516
182517
182518
182519
182520
182521
182522
182523
182524
182525
182526
182527
182528
182529
182530
182531
182532
182533
182534
182535
182536
182537
182538
182539
182540
182541
182542
182543
182544
182545
182546
182547
182548
182549
182550
182551
182552
182553
182554
182555
182556
182557
182558
182559
182560
182561
182562
182563
182564
182565
182566
182567
182568
182569
182570
182571
182572
182573
182574
182575
182576
182577
182578
182579
182580
182581
182582
182583
182584
182585
182586
182587
182588
182589
182590
182591
182592
182593
182594
182595
182596
182597
182598
182599
182600
182601
182602
182603
182604
182605
182606
182607
182608
182609
182610
182611
182612
182613
182614
182615
182616
182617
182618
182619
182620
182621
182622
182623
182624
182625
182626
182627
182628
182629
182630
182631
182632
182633
182634
182635
182636
182637
182638
182639
182640
182641
182642
182643
182644
182645
182646
182647
182648
182649
182650
182651
182652
182653
182654
182655
182656
182657
182658
182659
182660
182661
182662
182663
182664
182665
182666
182667
182668
182669
182670
182671
182672
182673
182674
182675
182676
182677
182678
182679
182680
182681
182682
182683
182684
182685
182686
182687
182688
182689
182690
182691
182692
182693
182694
182695
182696
182697
182698
182699
182700
182701
182702
182703
182704
182705
182706
182707
182708
182709
182710
182711
182712
182713
182714
182715
182716
182717
182718
182719
182720
182721
182722
182723
182724
182725
182726
182727
182728
182729
182730
182731
182732
182733
182734
182735
182736
182737
182738
182739
182740
182741
182742
182743
182744
182745
182746
182747
182748
182749
182750
182751
182752
182753
182754
182755
182756
182757
182758
182759
182760
182761
182762
182763
182764
182765
182766
182767
182768
182769
182770
182771
182772
182773
182774
182775
182776
182777
182778
182779
182780
182781
182782
182783
182784
182785
182786
182787
182788
182789
182790
182791
182792
182793
182794
182795
182796
182797
182798
182799
182800
182801
182802
182803
182804
182805
182806
182807
182808
182809
182810
182811
182812
182813
182814
182815
182816
182817
182818
182819
182820
182821
182822
182823
182824
182825
182826
182827
182828
182829
182830
182831
182832
182833
182834
182835
182836
182837
182838
182839
182840
182841
182842
182843
182844
182845
182846
182847
182848
182849
182850
182851
182852
182853
182854
182855
182856
182857
182858
182859
182860
182861
182862
182863
182864
182865
182866
182867
182868
182869
182870
182871
182872
182873
182874
182875
182876
182877
182878
182879
182880
182881
182882
182883
182884
182885
182886
182887
182888
182889
182890
182891
182892
182893
182894
182895
182896
182897
182898
182899
182900
182901
182902
182903
182904
182905
182906
182907
182908
182909
182910
182911
182912
182913
182914
182915
182916
182917
182918
182919
182920
182921
182922
182923
182924
182925
182926
182927
182928
182929
182930
182931
182932
182933
182934
182935
182936
182937
182938
182939
182940
182941
182942
182943
182944
182945
182946
182947
182948
182949
182950
182951
182952
182953
182954
182955
182956
182957
182958
182959
182960
182961
182962
182963
182964
182965
182966
182967
182968
182969
182970
182971
182972
182973
182974
182975
182976
182977
182978
182979
182980
182981
182982
182983
182984
182985
182986
182987
182988
182989
182990
182991
182992
182993
182994
182995
182996
182997
182998
182999
183000
183001
183002
183003
183004
183005
183006
183007
183008
183009
183010
183011
183012
183013
183014
183015
183016
183017
183018
183019
183020
183021
183022
183023
183024
183025
183026
183027
183028
183029
183030
183031
183032
183033
183034
183035
183036
183037
183038
183039
183040
183041
183042
183043
183044
183045
183046
183047
183048
183049
183050
183051
183052
183053
183054
183055
183056
183057
183058
183059
183060
183061
183062
183063
183064
183065
183066
183067
183068
183069
183070
183071
183072
183073
183074
183075
183076
183077
183078
183079
183080
183081
183082
183083
183084
183085
183086
183087
183088
183089
183090
183091
183092
183093
183094
183095
183096
183097
183098
183099
183100
183101
183102
183103
183104
183105
183106
183107
183108
183109
183110
183111
183112
183113
183114
183115
183116
183117
183118
183119
183120
183121
183122
183123
183124
183125
183126
183127
183128
183129
183130
183131
183132
183133
183134
183135
183136
183137
183138
183139
183140
183141
183142
183143
183144
183145
183146
183147
183148
183149
183150
183151
183152
183153
183154
183155
183156
183157
183158
183159
183160
183161
183162
183163
183164
183165
183166
183167
183168
183169
183170
183171
183172
183173
183174
183175
183176
183177
183178
183179
183180
183181
183182
183183
183184
183185
183186
183187
183188
183189
183190
183191
183192
183193
183194
183195
183196
183197
183198
183199
183200
183201
183202
183203
183204
183205
183206
183207
183208
183209
183210
183211
183212
183213
183214
183215
183216
183217
183218
183219
183220
183221
183222
183223
183224
183225
183226
183227
183228
183229
183230
183231
183232
183233
183234
183235
183236
183237
183238
183239
183240
183241
183242
183243
183244
183245
183246
183247
183248
183249
183250
183251
183252
183253
183254
183255
183256
183257
183258
183259
183260
183261
183262
183263
183264
183265
183266
183267
183268
183269
183270
183271
183272
183273
183274
183275
183276
183277
183278
183279
183280
183281
183282
183283
183284
183285
183286
183287
183288
183289
183290
183291
183292
183293
183294
183295
183296
183297
183298
183299
183300
183301
183302
183303
183304
183305
183306
183307
183308
183309
183310
183311
183312
183313
183314
183315
183316
183317
183318
183319
183320
183321
183322
183323
183324
183325
183326
183327
183328
183329
183330
183331
183332
183333
183334
183335
183336
183337
183338
183339
183340
183341
183342
183343
183344
183345
183346
183347
183348
183349
183350
183351
183352
183353
183354
183355
183356
183357
183358
183359
183360
183361
183362
183363
183364
183365
183366
183367
183368
183369
183370
183371
183372
183373
183374
183375
183376
183377
183378
183379
183380
183381
183382
183383
183384
183385
183386
183387
183388
183389
183390
183391
183392
183393
183394
183395
183396
183397
183398
183399
183400
183401
183402
183403
183404
183405
183406
183407
183408
183409
183410
183411
183412
183413
183414
183415
183416
183417
183418
183419
183420
183421
183422
183423
183424
183425
183426
183427
183428
183429
183430
183431
183432
183433
183434
183435
183436
183437
183438
183439
183440
183441
183442
183443
183444
183445
183446
183447
183448
183449
183450
183451
183452
183453
183454
183455
183456
183457
183458
183459
183460
183461
183462
183463
183464
183465
183466
183467
183468
183469
183470
183471
183472
183473
183474
183475
183476
183477
183478
183479
183480
183481
183482
183483
183484
183485
183486
183487
183488
183489
183490
183491
183492
183493
183494
183495
183496
183497
183498
183499
183500
183501
183502
183503
183504
183505
183506
183507
183508
183509
183510
183511
183512
183513
183514
183515
183516
183517
183518
183519
183520
183521
183522
183523
183524
183525
183526
183527
183528
183529
183530
183531
183532
183533
183534
183535
183536
183537
183538
183539
183540
183541
183542
183543
183544
183545
183546
183547
183548
183549
183550
183551
183552
183553
183554
183555
183556
183557
183558
183559
183560
183561
183562
183563
183564
183565
183566
183567
183568
183569
183570
183571
183572
183573
183574
183575
183576
183577
183578
183579
183580
183581
183582
183583
183584
183585
183586
183587
183588
183589
183590
183591
183592
183593
183594
183595
183596
183597
183598
183599
183600
183601
183602
183603
183604
183605
183606
183607
183608
183609
183610
183611
183612
183613
183614
183615
183616
183617
183618
183619
183620
183621
183622
183623
183624
183625
183626
183627
183628
183629
183630
183631
183632
183633
183634
183635
183636
183637
183638
183639
183640
183641
183642
183643
183644
183645
183646
183647
183648
183649
183650
183651
183652
183653
183654
183655
183656
183657
183658
183659
183660
183661
183662
183663
183664
183665
183666
183667
183668
183669
183670
183671
183672
183673
183674
183675
183676
183677
183678
183679
183680
183681
183682
183683
183684
183685
183686
183687
183688
183689
183690
183691
183692
183693
183694
183695
183696
183697
183698
183699
183700
183701
183702
183703
183704
183705
183706
183707
183708
183709
183710
183711
183712
183713
183714
183715
183716
183717
183718
183719
183720
183721
183722
183723
183724
183725
183726
183727
183728
183729
183730
183731
183732
183733
183734
183735
183736
183737
183738
183739
183740
183741
183742
183743
183744
183745
183746
183747
183748
183749
183750
183751
183752
183753
183754
183755
183756
183757
183758
183759
183760
183761
183762
183763
183764
183765
183766
183767
183768
183769
183770
183771
183772
183773
183774
183775
183776
183777
183778
183779
183780
183781
183782
183783
183784
183785
183786
183787
183788
183789
183790
183791
183792
183793
183794
183795
183796
183797
183798
183799
183800
183801
183802
183803
183804
183805
183806
183807
183808
183809
183810
183811
183812
183813
183814
183815
183816
183817
183818
183819
183820
183821
183822
183823
183824
183825
183826
183827
183828
183829
183830
183831
183832
183833
183834
183835
183836
183837
183838
183839
183840
183841
183842
183843
183844
183845
183846
183847
183848
183849
183850
183851
183852
183853
183854
183855
183856
183857
183858
183859
183860
183861
183862
183863
183864
183865
183866
183867
183868
183869
183870
183871
183872
183873
183874
183875
183876
183877
183878
183879
183880
183881
183882
183883
183884
183885
183886
183887
183888
183889
183890
183891
183892
183893
183894
183895
183896
183897
183898
183899
183900
183901
183902
183903
183904
183905
183906
183907
183908
183909
183910
183911
183912
183913
183914
183915
183916
183917
183918
183919
183920
183921
183922
183923
183924
183925
183926
183927
183928
183929
183930
183931
183932
183933
183934
183935
183936
183937
183938
183939
183940
183941
183942
183943
183944
183945
183946
183947
183948
183949
183950
183951
183952
183953
183954
183955
183956
183957
183958
183959
183960
183961
183962
183963
183964
183965
183966
183967
183968
183969
183970
183971
183972
183973
183974
183975
183976
183977
183978
183979
183980
183981
183982
183983
183984
183985
183986
183987
183988
183989
183990
183991
183992
183993
183994
183995
183996
183997
183998
183999
184000
184001
184002
184003
184004
184005
184006
184007
184008
184009
184010
184011
184012
184013
184014
184015
184016
184017
184018
184019
184020
184021
184022
184023
184024
184025
184026
184027
184028
184029
184030
184031
184032
184033
184034
184035
184036
184037
184038
184039
184040
184041
184042
184043
184044
184045
184046
184047
184048
184049
184050
184051
184052
184053
184054
184055
184056
184057
184058
184059
184060
184061
184062
184063
184064
184065
184066
184067
184068
184069
184070
184071
184072
184073
184074
184075
184076
184077
184078
184079
184080
184081
184082
184083
184084
184085
184086
184087
184088
184089
184090
184091
184092
184093
184094
184095
184096
184097
184098
184099
184100
184101
184102
184103
184104
184105
184106
184107
184108
184109
184110
184111
184112
184113
184114
184115
184116
184117
184118
184119
184120
184121
184122
184123
184124
184125
184126
184127
184128
184129
184130
184131
184132
184133
184134
184135
184136
184137
184138
184139
184140
184141
184142
184143
184144
184145
184146
184147
184148
184149
184150
184151
184152
184153
184154
184155
184156
184157
184158
184159
184160
184161
184162
184163
184164
184165
184166
184167
184168
184169
184170
184171
184172
184173
184174
184175
184176
184177
184178
184179
184180
184181
184182
184183
184184
184185
184186
184187
184188
184189
184190
184191
184192
184193
184194
184195
184196
184197
184198
184199
184200
184201
184202
184203
184204
184205
184206
184207
184208
184209
184210
184211
184212
184213
184214
184215
184216
184217
184218
184219
184220
184221
184222
184223
184224
184225
184226
184227
184228
184229
184230
184231
184232
184233
184234
184235
184236
184237
184238
184239
184240
184241
184242
184243
184244
184245
184246
184247
184248
184249
184250
184251
184252
184253
184254
184255
184256
184257
184258
184259
184260
184261
184262
184263
184264
184265
184266
184267
184268
184269
184270
184271
184272
184273
184274
184275
184276
184277
184278
184279
184280
184281
184282
184283
184284
184285
184286
184287
184288
184289
184290
184291
184292
184293
184294
184295
184296
184297
184298
184299
184300
184301
184302
184303
184304
184305
184306
184307
184308
184309
184310
184311
184312
184313
184314
184315
184316
184317
184318
184319
184320
184321
184322
184323
184324
184325
184326
184327
184328
184329
184330
184331
184332
184333
184334
184335
184336
184337
184338
184339
184340
184341
184342
184343
184344
184345
184346
184347
184348
184349
184350
184351
184352
184353
184354
184355
184356
184357
184358
184359
184360
184361
184362
184363
184364
184365
184366
184367
184368
184369
184370
184371
184372
184373
184374
184375
184376
184377
184378
184379
184380
184381
184382
184383
184384
184385
184386
184387
184388
184389
184390
184391
184392
184393
184394
184395
184396
184397
184398
184399
184400
184401
184402
184403
184404
184405
184406
184407
184408
184409
184410
184411
184412
184413
184414
184415
184416
184417
184418
184419
184420
184421
184422
184423
184424
184425
184426
184427
184428
184429
184430
184431
184432
184433
184434
184435
184436
184437
184438
184439
184440
184441
184442
184443
184444
184445
184446
184447
184448
184449
184450
184451
184452
184453
184454
184455
184456
184457
184458
184459
184460
184461
184462
184463
184464
184465
184466
184467
184468
184469
184470
184471
184472
184473
184474
184475
184476
184477
184478
184479
184480
184481
184482
184483
184484
184485
184486
184487
184488
184489
184490
184491
184492
184493
184494
184495
184496
184497
184498
184499
184500
184501
184502
184503
184504
184505
184506
184507
184508
184509
184510
184511
184512
184513
184514
184515
184516
184517
184518
184519
184520
184521
184522
184523
184524
184525
184526
184527
184528
184529
184530
184531
184532
184533
184534
184535
184536
184537
184538
184539
184540
184541
184542
184543
184544
184545
184546
184547
184548
184549
184550
184551
184552
184553
184554
184555
184556
184557
184558
184559
184560
184561
184562
184563
184564
184565
184566
184567
184568
184569
184570
184571
184572
184573
184574
184575
184576
184577
184578
184579
184580
184581
184582
184583
184584
184585
184586
184587
184588
184589
184590
184591
184592
184593
184594
184595
184596
184597
184598
184599
184600
184601
184602
184603
184604
184605
184606
184607
184608
184609
184610
184611
184612
184613
184614
184615
184616
184617
184618
184619
184620
184621
184622
184623
184624
184625
184626
184627
184628
184629
184630
184631
184632
184633
184634
184635
184636
184637
184638
184639
184640
184641
184642
184643
184644
184645
184646
184647
184648
184649
184650
184651
184652
184653
184654
184655
184656
184657
184658
184659
184660
184661
184662
184663
184664
184665
184666
184667
184668
184669
184670
184671
184672
184673
184674
184675
184676
184677
184678
184679
184680
184681
184682
184683
184684
184685
184686
184687
184688
184689
184690
184691
184692
184693
184694
184695
184696
184697
184698
184699
184700
184701
184702
184703
184704
184705
184706
184707
184708
184709
184710
184711
184712
184713
184714
184715
184716
184717
184718
184719
184720
184721
184722
184723
184724
184725
184726
184727
184728
184729
184730
184731
184732
184733
184734
184735
184736
184737
184738
184739
184740
184741
184742
184743
184744
184745
184746
184747
184748
184749
184750
184751
184752
184753
184754
184755
184756
184757
184758
184759
184760
184761
184762
184763
184764
184765
184766
184767
184768
184769
184770
184771
184772
184773
184774
184775
184776
184777
184778
184779
184780
184781
184782
184783
184784
184785
184786
184787
184788
184789
184790
184791
184792
184793
184794
184795
184796
184797
184798
184799
184800
184801
184802
184803
184804
184805
184806
184807
184808
184809
184810
184811
184812
184813
184814
184815
184816
184817
184818
184819
184820
184821
184822
184823
184824
184825
184826
184827
184828
184829
184830
184831
184832
184833
184834
184835
184836
184837
184838
184839
184840
184841
184842
184843
184844
184845
184846
184847
184848
184849
184850
184851
184852
184853
184854
184855
184856
184857
184858
184859
184860
184861
184862
184863
184864
184865
184866
184867
184868
184869
184870
184871
184872
184873
184874
184875
184876
184877
184878
184879
184880
184881
184882
184883
184884
184885
184886
184887
184888
184889
184890
184891
184892
184893
184894
184895
184896
184897
184898
184899
184900
184901
184902
184903
184904
184905
184906
184907
184908
184909
184910
184911
184912
184913
184914
184915
184916
184917
184918
184919
184920
184921
184922
184923
184924
184925
184926
184927
184928
184929
184930
184931
184932
184933
184934
184935
184936
184937
184938
184939
184940
184941
184942
184943
184944
184945
184946
184947
184948
184949
184950
184951
184952
184953
184954
184955
184956
184957
184958
184959
184960
184961
184962
184963
184964
184965
184966
184967
184968
184969
184970
184971
184972
184973
184974
184975
184976
184977
184978
184979
184980
184981
184982
184983
184984
184985
184986
184987
184988
184989
184990
184991
184992
184993
184994
184995
184996
184997
184998
184999
185000
185001
185002
185003
185004
185005
185006
185007
185008
185009
185010
185011
185012
185013
185014
185015
185016
185017
185018
185019
185020
185021
185022
185023
185024
185025
185026
185027
185028
185029
185030
185031
185032
185033
185034
185035
185036
185037
185038
185039
185040
185041
185042
185043
185044
185045
185046
185047
185048
185049
185050
185051
185052
185053
185054
185055
185056
185057
185058
185059
185060
185061
185062
185063
185064
185065
185066
185067
185068
185069
185070
185071
185072
185073
185074
185075
185076
185077
185078
185079
185080
185081
185082
185083
185084
185085
185086
185087
185088
185089
185090
185091
185092
185093
185094
185095
185096
185097
185098
185099
185100
185101
185102
185103
185104
185105
185106
185107
185108
185109
185110
185111
185112
185113
185114
185115
185116
185117
185118
185119
185120
185121
185122
185123
185124
185125
185126
185127
185128
185129
185130
185131
185132
185133
185134
185135
185136
185137
185138
185139
185140
185141
185142
185143
185144
185145
185146
185147
185148
185149
185150
185151
185152
185153
185154
185155
185156
185157
185158
185159
185160
185161
185162
185163
185164
185165
185166
185167
185168
185169
185170
185171
185172
185173
185174
185175
185176
185177
185178
185179
185180
185181
185182
185183
185184
185185
185186
185187
185188
185189
185190
185191
185192
185193
185194
185195
185196
185197
185198
185199
185200
185201
185202
185203
185204
185205
185206
185207
185208
185209
185210
185211
185212
185213
185214
185215
185216
185217
185218
185219
185220
185221
185222
185223
185224
185225
185226
185227
185228
185229
185230
185231
185232
185233
185234
185235
185236
185237
185238
185239
185240
185241
185242
185243
185244
185245
185246
185247
185248
185249
185250
185251
185252
185253
185254
185255
185256
185257
185258
185259
185260
185261
185262
185263
185264
185265
185266
185267
185268
185269
185270
185271
185272
185273
185274
185275
185276
185277
185278
185279
185280
185281
185282
185283
185284
185285
185286
185287
185288
185289
185290
185291
185292
185293
185294
185295
185296
185297
185298
185299
185300
185301
185302
185303
185304
185305
185306
185307
185308
185309
185310
185311
185312
185313
185314
185315
185316
185317
185318
185319
185320
185321
185322
185323
185324
185325
185326
185327
185328
185329
185330
185331
185332
185333
185334
185335
185336
185337
185338
185339
185340
185341
185342
185343
185344
185345
185346
185347
185348
185349
185350
185351
185352
185353
185354
185355
185356
185357
185358
185359
185360
185361
185362
185363
185364
185365
185366
185367
185368
185369
185370
185371
185372
185373
185374
185375
185376
185377
185378
185379
185380
185381
185382
185383
185384
185385
185386
185387
185388
185389
185390
185391
185392
185393
185394
185395
185396
185397
185398
185399
185400
185401
185402
185403
185404
185405
185406
185407
185408
185409
185410
185411
185412
185413
185414
185415
185416
185417
185418
185419
185420
185421
185422
185423
185424
185425
185426
185427
185428
185429
185430
185431
185432
185433
185434
185435
185436
185437
185438
185439
185440
185441
185442
185443
185444
185445
185446
185447
185448
185449
185450
185451
185452
185453
185454
185455
185456
185457
185458
185459
185460
185461
185462
185463
185464
185465
185466
185467
185468
185469
185470
185471
185472
185473
185474
185475
185476
185477
185478
185479
185480
185481
185482
185483
185484
185485
185486
185487
185488
185489
185490
185491
185492
185493
185494
185495
185496
185497
185498
185499
185500
185501
185502
185503
185504
185505
185506
185507
185508
185509
185510
185511
185512
185513
185514
185515
185516
185517
185518
185519
185520
185521
185522
185523
185524
185525
185526
185527
185528
185529
185530
185531
185532
185533
185534
185535
185536
185537
185538
185539
185540
185541
185542
185543
185544
185545
185546
185547
185548
185549
185550
185551
185552
185553
185554
185555
185556
185557
185558
185559
185560
185561
185562
185563
185564
185565
185566
185567
185568
185569
185570
185571
185572
185573
185574
185575
185576
185577
185578
185579
185580
185581
185582
185583
185584
185585
185586
185587
185588
185589
185590
185591
185592
185593
185594
185595
185596
185597
185598
185599
185600
185601
185602
185603
185604
185605
185606
185607
185608
185609
185610
185611
185612
185613
185614
185615
185616
185617
185618
185619
185620
185621
185622
185623
185624
185625
185626
185627
185628
185629
185630
185631
185632
185633
185634
185635
185636
185637
185638
185639
185640
185641
185642
185643
185644
185645
185646
185647
185648
185649
185650
185651
185652
185653
185654
185655
185656
185657
185658
185659
185660
185661
185662
185663
185664
185665
185666
185667
185668
185669
185670
185671
185672
185673
185674
185675
185676
185677
185678
185679
185680
185681
185682
185683
185684
185685
185686
185687
185688
185689
185690
185691
185692
185693
185694
185695
185696
185697
185698
185699
185700
185701
185702
185703
185704
185705
185706
185707
185708
185709
185710
185711
185712
185713
185714
185715
185716
185717
185718
185719
185720
185721
185722
185723
185724
185725
185726
185727
185728
185729
185730
185731
185732
185733
185734
185735
185736
185737
185738
185739
185740
185741
185742
185743
185744
185745
185746
185747
185748
185749
185750
185751
185752
185753
185754
185755
185756
185757
185758
185759
185760
185761
185762
185763
185764
185765
185766
185767
185768
185769
185770
185771
185772
185773
185774
185775
185776
185777
185778
185779
185780
185781
185782
185783
185784
185785
185786
185787
185788
185789
185790
185791
185792
185793
185794
185795
185796
185797
185798
185799
185800
185801
185802
185803
185804
185805
185806
185807
185808
185809
185810
185811
185812
185813
185814
185815
185816
185817
185818
185819
185820
185821
185822
185823
185824
185825
185826
185827
185828
185829
185830
185831
185832
185833
185834
185835
185836
185837
185838
185839
185840
185841
185842
185843
185844
185845
185846
185847
185848
185849
185850
185851
185852
185853
185854
185855
185856
185857
185858
185859
185860
185861
185862
185863
185864
185865
185866
185867
185868
185869
185870
185871
185872
185873
185874
185875
185876
185877
185878
185879
185880
185881
185882
185883
185884
185885
185886
185887
185888
185889
185890
185891
185892
185893
185894
185895
185896
185897
185898
185899
185900
185901
185902
185903
185904
185905
185906
185907
185908
185909
185910
185911
185912
185913
185914
185915
185916
185917
185918
185919
185920
185921
185922
185923
185924
185925
185926
185927
185928
185929
185930
185931
185932
185933
185934
185935
185936
185937
185938
185939
185940
185941
185942
185943
185944
185945
185946
185947
185948
185949
185950
185951
185952
185953
185954
185955
185956
185957
185958
185959
185960
185961
185962
185963
185964
185965
185966
185967
185968
185969
185970
185971
185972
185973
185974
185975
185976
185977
185978
185979
185980
185981
185982
185983
185984
185985
185986
185987
185988
185989
185990
185991
185992
185993
185994
185995
185996
185997
185998
185999
186000
186001
186002
186003
186004
186005
186006
186007
186008
186009
186010
186011
186012
186013
186014
186015
186016
186017
186018
186019
186020
186021
186022
186023
186024
186025
186026
186027
186028
186029
186030
186031
186032
186033
186034
186035
186036
186037
186038
186039
186040
186041
186042
186043
186044
186045
186046
186047
186048
186049
186050
186051
186052
186053
186054
186055
186056
186057
186058
186059
186060
186061
186062
186063
186064
186065
186066
186067
186068
186069
186070
186071
186072
186073
186074
186075
186076
186077
186078
186079
186080
186081
186082
186083
186084
186085
186086
186087
186088
186089
186090
186091
186092
186093
186094
186095
186096
186097
186098
186099
186100
186101
186102
186103
186104
186105
186106
186107
186108
186109
186110
186111
186112
186113
186114
186115
186116
186117
186118
186119
186120
186121
186122
186123
186124
186125
186126
186127
186128
186129
186130
186131
186132
186133
186134
186135
186136
186137
186138
186139
186140
186141
186142
186143
186144
186145
186146
186147
186148
186149
186150
186151
186152
186153
186154
186155
186156
186157
186158
186159
186160
186161
186162
186163
186164
186165
186166
186167
186168
186169
186170
186171
186172
186173
186174
186175
186176
186177
186178
186179
186180
186181
186182
186183
186184
186185
186186
186187
186188
186189
186190
186191
186192
186193
186194
186195
186196
186197
186198
186199
186200
186201
186202
186203
186204
186205
186206
186207
186208
186209
186210
186211
186212
186213
186214
186215
186216
186217
186218
186219
186220
186221
186222
186223
186224
186225
186226
186227
186228
186229
186230
186231
186232
186233
186234
186235
186236
186237
186238
186239
186240
186241
186242
186243
186244
186245
186246
186247
186248
186249
186250
186251
186252
186253
186254
186255
186256
186257
186258
186259
186260
186261
186262
186263
186264
186265
186266
186267
186268
186269
186270
186271
186272
186273
186274
186275
186276
186277
186278
186279
186280
186281
186282
186283
186284
186285
186286
186287
186288
186289
186290
186291
186292
186293
186294
186295
186296
186297
186298
186299
186300
186301
186302
186303
186304
186305
186306
186307
186308
186309
186310
186311
186312
186313
186314
186315
186316
186317
186318
186319
186320
186321
186322
186323
186324
186325
186326
186327
186328
186329
186330
186331
186332
186333
186334
186335
186336
186337
186338
186339
186340
186341
186342
186343
186344
186345
186346
186347
186348
186349
186350
186351
186352
186353
186354
186355
186356
186357
186358
186359
186360
186361
186362
186363
186364
186365
186366
186367
186368
186369
186370
186371
186372
186373
186374
186375
186376
186377
186378
186379
186380
186381
186382
186383
186384
186385
186386
186387
186388
186389
186390
186391
186392
186393
186394
186395
186396
186397
186398
186399
186400
186401
186402
186403
186404
186405
186406
186407
186408
186409
186410
186411
186412
186413
186414
186415
186416
186417
186418
186419
186420
186421
186422
186423
186424
186425
186426
186427
186428
186429
186430
186431
186432
186433
186434
186435
186436
186437
186438
186439
186440
186441
186442
186443
186444
186445
186446
186447
186448
186449
186450
186451
186452
186453
186454
186455
186456
186457
186458
186459
186460
186461
186462
186463
186464
186465
186466
186467
186468
186469
186470
186471
186472
186473
186474
186475
186476
186477
186478
186479
186480
186481
186482
186483
186484
186485
186486
186487
186488
186489
186490
186491
186492
186493
186494
186495
186496
186497
186498
186499
186500
186501
186502
186503
186504
186505
186506
186507
186508
186509
186510
186511
186512
186513
186514
186515
186516
186517
186518
186519
186520
186521
186522
186523
186524
186525
186526
186527
186528
186529
186530
186531
186532
186533
186534
186535
186536
186537
186538
186539
186540
186541
186542
186543
186544
186545
186546
186547
186548
186549
186550
186551
186552
186553
186554
186555
186556
186557
186558
186559
186560
186561
186562
186563
186564
186565
186566
186567
186568
186569
186570
186571
186572
186573
186574
186575
186576
186577
186578
186579
186580
186581
186582
186583
186584
186585
186586
186587
186588
186589
186590
186591
186592
186593
186594
186595
186596
186597
186598
186599
186600
186601
186602
186603
186604
186605
186606
186607
186608
186609
186610
186611
186612
186613
186614
186615
186616
186617
186618
186619
186620
186621
186622
186623
186624
186625
186626
186627
186628
186629
186630
186631
186632
186633
186634
186635
186636
186637
186638
186639
186640
186641
186642
186643
186644
186645
186646
186647
186648
186649
186650
186651
186652
186653
186654
186655
186656
186657
186658
186659
186660
186661
186662
186663
186664
186665
186666
186667
186668
186669
186670
186671
186672
186673
186674
186675
186676
186677
186678
186679
186680
186681
186682
186683
186684
186685
186686
186687
186688
186689
186690
186691
186692
186693
186694
186695
186696
186697
186698
186699
186700
186701
186702
186703
186704
186705
186706
186707
186708
186709
186710
186711
186712
186713
186714
186715
186716
186717
186718
186719
186720
186721
186722
186723
186724
186725
186726
186727
186728
186729
186730
186731
186732
186733
186734
186735
186736
186737
186738
186739
186740
186741
186742
186743
186744
186745
186746
186747
186748
186749
186750
186751
186752
186753
186754
186755
186756
186757
186758
186759
186760
186761
186762
186763
186764
186765
186766
186767
186768
186769
186770
186771
186772
186773
186774
186775
186776
186777
186778
186779
186780
186781
186782
186783
186784
186785
186786
186787
186788
186789
186790
186791
186792
186793
186794
186795
186796
186797
186798
186799
186800
186801
186802
186803
186804
186805
186806
186807
186808
186809
186810
186811
186812
186813
186814
186815
186816
186817
186818
186819
186820
186821
186822
186823
186824
186825
186826
186827
186828
186829
186830
186831
186832
186833
186834
186835
186836
186837
186838
186839
186840
186841
186842
186843
186844
186845
186846
186847
186848
186849
186850
186851
186852
186853
186854
186855
186856
186857
186858
186859
186860
186861
186862
186863
186864
186865
186866
186867
186868
186869
186870
186871
186872
186873
186874
186875
186876
186877
186878
186879
186880
186881
186882
186883
186884
186885
186886
186887
186888
186889
186890
186891
186892
186893
186894
186895
186896
186897
186898
186899
186900
186901
186902
186903
186904
186905
186906
186907
186908
186909
186910
186911
186912
186913
186914
186915
186916
186917
186918
186919
186920
186921
186922
186923
186924
186925
186926
186927
186928
186929
186930
186931
186932
186933
186934
186935
186936
186937
186938
186939
186940
186941
186942
186943
186944
186945
186946
186947
186948
186949
186950
186951
186952
186953
186954
186955
186956
186957
186958
186959
186960
186961
186962
186963
186964
186965
186966
186967
186968
186969
186970
186971
186972
186973
186974
186975
186976
186977
186978
186979
186980
186981
186982
186983
186984
186985
186986
186987
186988
186989
186990
186991
186992
186993
186994
186995
186996
186997
186998
186999
187000
187001
187002
187003
187004
187005
187006
187007
187008
187009
187010
187011
187012
187013
187014
187015
187016
187017
187018
187019
187020
187021
187022
187023
187024
187025
187026
187027
187028
187029
187030
187031
187032
187033
187034
187035
187036
187037
187038
187039
187040
187041
187042
187043
187044
187045
187046
187047
187048
187049
187050
187051
187052
187053
187054
187055
187056
187057
187058
187059
187060
187061
)


// ************************************************************************* //
