/*--------------------------------*- C++ -*----------------------------------*\
  =========                 |
  \\      /  F ield         | OpenFOAM: The Open Source CFD Toolbox
   \\    /   O peration     | Website:  https://openfoam.org
    \\  /    A nd           | Version:  7
     \\/     M anipulation  |
\*---------------------------------------------------------------------------*/
FoamFile
{
    version     2.0;
    format      ascii;
    class       volScalarField;
    location    "0.3";
    object      Tair;
}
// * * * * * * * * * * * * * * * * * * * * * * * * * * * * * * * * * * * * * //

dimensions      [0 0 0 1 0 0 0];

internalField   nonuniform List<scalar> 
1600
(
349.431
348.293
347.155
346.017
344.879
343.741
342.603
341.465
340.327
339.189
338.051
336.913
335.775
334.637
333.499
332.361
331.224
330.086
328.948
327.81
326.672
325.534
324.396
323.258
322.12
320.982
319.844
318.706
317.568
316.43
315.292
314.154
313.016
311.878
310.74
309.602
308.464
307.326
306.188
305.05
349.431
348.293
347.155
346.017
344.879
343.741
342.603
341.465
340.327
339.189
338.051
336.913
335.775
334.637
333.499
332.361
331.223
330.086
328.948
327.81
326.672
325.534
324.396
323.258
322.12
320.982
319.844
318.706
317.568
316.43
315.292
314.154
313.016
311.878
310.74
309.602
308.464
307.326
306.188
305.05
349.431
348.293
347.155
346.017
344.879
343.741
342.603
341.465
340.327
339.189
338.051
336.913
335.775
334.637
333.499
332.361
331.223
330.086
328.948
327.81
326.672
325.534
324.396
323.258
322.12
320.982
319.844
318.706
317.568
316.43
315.292
314.154
313.016
311.878
310.74
309.602
308.464
307.326
306.188
305.05
349.431
348.293
347.155
346.017
344.879
343.741
342.603
341.465
340.327
339.189
338.051
336.913
335.775
334.637
333.499
332.361
331.223
330.086
328.948
327.81
326.672
325.534
324.396
323.258
322.12
320.982
319.844
318.706
317.568
316.43
315.292
314.154
313.016
311.878
310.74
309.602
308.464
307.326
306.188
305.05
349.431
348.293
347.155
346.017
344.879
343.741
342.603
341.465
340.327
339.189
338.051
336.913
335.775
334.637
333.499
332.361
331.224
330.086
328.948
327.81
326.672
325.534
324.396
323.258
322.12
320.982
319.844
318.706
317.568
316.43
315.292
314.154
313.016
311.878
310.74
309.602
308.464
307.326
306.188
305.05
349.431
348.293
347.155
346.017
344.879
343.741
342.603
341.465
340.327
339.189
338.051
336.913
335.775
334.637
333.499
332.361
331.224
330.086
328.948
327.81
326.672
325.534
324.396
323.258
322.12
320.982
319.844
318.706
317.568
316.43
315.292
314.154
313.016
311.878
310.74
309.602
308.464
307.326
306.188
305.05
349.431
348.293
347.155
346.017
344.879
343.741
342.603
341.465
340.327
339.189
338.051
336.913
335.775
334.637
333.499
332.361
331.224
330.086
328.948
327.81
326.672
325.534
324.396
323.258
322.12
320.982
319.844
318.706
317.568
316.43
315.292
314.154
313.016
311.878
310.74
309.602
308.464
307.326
306.188
305.05
349.431
348.293
347.155
346.017
344.879
343.741
342.603
341.465
340.327
339.189
338.051
336.913
335.775
334.637
333.499
332.361
331.224
330.086
328.948
327.81
326.672
325.534
324.396
323.258
322.12
320.982
319.844
318.706
317.568
316.43
315.292
314.154
313.016
311.878
310.74
309.602
308.464
307.326
306.188
305.05
349.431
348.293
347.155
346.017
344.879
343.741
342.603
341.465
340.327
339.189
338.051
336.913
335.775
334.637
333.499
332.361
331.224
330.086
328.948
327.81
326.672
325.534
324.396
323.258
322.12
320.982
319.844
318.706
317.568
316.43
315.292
314.154
313.016
311.878
310.74
309.602
308.464
307.326
306.188
305.05
349.431
348.293
347.155
346.017
344.879
343.741
342.603
341.465
340.327
339.189
338.051
336.913
335.775
334.637
333.499
332.361
331.224
330.086
328.948
327.81
326.672
325.534
324.396
323.258
322.12
320.982
319.844
318.706
317.568
316.43
315.292
314.154
313.016
311.878
310.74
309.602
308.464
307.326
306.188
305.05
349.431
348.293
347.155
346.017
344.879
343.741
342.603
341.465
340.327
339.189
338.051
336.913
335.775
334.637
333.499
332.361
331.224
330.086
328.948
327.81
326.672
325.534
324.396
323.258
322.12
320.982
319.844
318.706
317.568
316.43
315.292
314.154
313.016
311.878
310.74
309.602
308.464
307.326
306.188
305.05
349.431
348.293
347.155
346.017
344.879
343.741
342.603
341.465
340.327
339.189
338.051
336.913
335.775
334.637
333.499
332.361
331.224
330.086
328.948
327.81
326.672
325.534
324.396
323.258
322.12
320.982
319.844
318.706
317.568
316.43
315.292
314.154
313.016
311.878
310.74
309.602
308.464
307.326
306.188
305.05
349.431
348.293
347.155
346.017
344.879
343.741
342.603
341.465
340.327
339.189
338.051
336.913
335.775
334.637
333.499
332.361
331.224
330.086
328.948
327.81
326.672
325.534
324.396
323.258
322.12
320.982
319.844
318.706
317.568
316.43
315.292
314.154
313.016
311.878
310.74
309.602
308.464
307.326
306.188
305.05
349.431
348.293
347.155
346.017
344.879
343.741
342.603
341.465
340.327
339.189
338.051
336.913
335.775
334.637
333.499
332.361
331.224
330.086
328.948
327.81
326.672
325.534
324.396
323.258
322.12
320.982
319.844
318.706
317.568
316.43
315.292
314.154
313.016
311.878
310.74
309.602
308.464
307.326
306.188
305.05
349.431
348.293
347.155
346.017
344.879
343.741
342.603
341.465
340.327
339.189
338.051
336.913
335.775
334.637
333.499
332.361
331.224
330.086
328.948
327.81
326.672
325.534
324.396
323.258
322.12
320.982
319.844
318.706
317.568
316.43
315.292
314.154
313.016
311.878
310.74
309.602
308.464
307.326
306.188
305.05
349.431
348.293
347.155
346.017
344.879
343.741
342.603
341.465
340.327
339.189
338.051
336.913
335.775
334.637
333.499
332.361
331.224
330.086
328.948
327.81
326.672
325.534
324.396
323.258
322.12
320.982
319.844
318.706
317.568
316.43
315.292
314.154
313.016
311.878
310.74
309.602
308.464
307.326
306.188
305.05
349.431
348.293
347.155
346.017
344.879
343.741
342.603
341.465
340.327
339.189
338.051
336.913
335.775
334.637
333.499
332.361
331.224
330.086
328.948
327.81
326.672
325.534
324.396
323.258
322.12
320.982
319.844
318.706
317.568
316.43
315.292
314.154
313.016
311.878
310.74
309.602
308.464
307.326
306.188
305.05
349.431
348.293
347.155
346.017
344.879
343.741
342.603
341.465
340.327
339.189
338.051
336.913
335.775
334.637
333.499
332.361
331.224
330.086
328.948
327.81
326.672
325.534
324.396
323.258
322.12
320.982
319.844
318.706
317.568
316.43
315.292
314.154
313.016
311.878
310.74
309.602
308.464
307.326
306.188
305.05
349.431
348.293
347.155
346.017
344.879
343.741
342.603
341.465
340.327
339.189
338.051
336.913
335.775
334.637
333.499
332.361
331.224
330.086
328.948
327.81
326.672
325.534
324.396
323.258
322.12
320.982
319.844
318.706
317.568
316.43
315.292
314.154
313.016
311.878
310.74
309.602
308.464
307.326
306.188
305.05
349.431
348.293
347.155
346.017
344.879
343.741
342.603
341.465
340.327
339.189
338.051
336.913
335.775
334.637
333.499
332.361
331.224
330.086
328.948
327.81
326.672
325.534
324.396
323.258
322.12
320.982
319.844
318.706
317.568
316.43
315.292
314.154
313.016
311.878
310.74
309.602
308.464
307.326
306.188
305.05
349.431
348.293
347.155
346.017
344.879
343.741
342.603
341.465
340.327
339.189
338.051
336.913
335.775
334.637
333.499
332.361
331.224
330.086
328.948
327.81
326.672
325.534
324.396
323.258
322.12
320.982
319.844
318.706
317.568
316.43
315.292
314.154
313.016
311.878
310.74
309.602
308.464
307.326
306.188
305.05
349.431
348.293
347.155
346.017
344.879
343.741
342.603
341.465
340.327
339.189
338.051
336.913
335.775
334.637
333.499
332.361
331.224
330.086
328.948
327.81
326.672
325.534
324.396
323.258
322.12
320.982
319.844
318.706
317.568
316.43
315.292
314.154
313.016
311.878
310.74
309.602
308.464
307.326
306.188
305.05
349.431
348.293
347.155
346.017
344.879
343.741
342.603
341.465
340.327
339.189
338.051
336.913
335.775
334.637
333.499
332.361
331.224
330.086
328.948
327.81
326.672
325.534
324.396
323.258
322.12
320.982
319.844
318.706
317.568
316.43
315.292
314.154
313.016
311.878
310.74
309.602
308.464
307.326
306.188
305.05
349.431
348.293
347.155
346.017
344.879
343.741
342.603
341.465
340.327
339.189
338.051
336.913
335.775
334.637
333.499
332.361
331.224
330.086
328.948
327.81
326.672
325.534
324.396
323.258
322.12
320.982
319.844
318.706
317.568
316.43
315.292
314.154
313.016
311.878
310.74
309.602
308.464
307.326
306.188
305.05
349.431
348.293
347.155
346.017
344.879
343.741
342.603
341.465
340.327
339.189
338.051
336.913
335.775
334.637
333.499
332.361
331.224
330.086
328.948
327.81
326.672
325.534
324.396
323.258
322.12
320.982
319.844
318.706
317.568
316.43
315.292
314.154
313.016
311.878
310.74
309.602
308.464
307.326
306.188
305.05
349.431
348.293
347.155
346.017
344.879
343.741
342.603
341.465
340.327
339.189
338.051
336.913
335.775
334.637
333.499
332.361
331.224
330.086
328.948
327.81
326.672
325.534
324.396
323.258
322.12
320.982
319.844
318.706
317.568
316.43
315.292
314.154
313.016
311.878
310.74
309.602
308.464
307.326
306.188
305.05
349.431
348.293
347.155
346.017
344.879
343.741
342.603
341.465
340.327
339.189
338.051
336.913
335.775
334.637
333.499
332.361
331.224
330.086
328.948
327.81
326.672
325.534
324.396
323.258
322.12
320.982
319.844
318.706
317.568
316.43
315.292
314.154
313.016
311.878
310.74
309.602
308.464
307.326
306.188
305.05
349.431
348.293
347.155
346.017
344.879
343.741
342.603
341.465
340.327
339.189
338.051
336.913
335.775
334.637
333.499
332.361
331.224
330.086
328.948
327.81
326.672
325.534
324.396
323.258
322.12
320.982
319.844
318.706
317.568
316.43
315.292
314.154
313.016
311.878
310.74
309.602
308.464
307.326
306.188
305.05
349.431
348.293
347.155
346.017
344.879
343.741
342.603
341.465
340.327
339.189
338.051
336.913
335.775
334.637
333.499
332.361
331.224
330.086
328.948
327.81
326.672
325.534
324.396
323.258
322.12
320.982
319.844
318.706
317.568
316.43
315.292
314.154
313.016
311.878
310.74
309.602
308.464
307.326
306.188
305.05
349.431
348.293
347.155
346.017
344.879
343.741
342.603
341.465
340.327
339.189
338.051
336.913
335.775
334.637
333.499
332.361
331.224
330.086
328.948
327.81
326.672
325.534
324.396
323.258
322.12
320.982
319.844
318.706
317.568
316.43
315.292
314.154
313.016
311.878
310.74
309.602
308.464
307.326
306.188
305.05
349.431
348.293
347.155
346.017
344.879
343.741
342.603
341.465
340.327
339.189
338.051
336.913
335.775
334.637
333.499
332.361
331.224
330.086
328.948
327.81
326.672
325.534
324.396
323.258
322.12
320.982
319.844
318.706
317.568
316.43
315.292
314.154
313.016
311.878
310.74
309.602
308.464
307.326
306.188
305.05
349.431
348.293
347.155
346.017
344.879
343.741
342.603
341.465
340.327
339.189
338.051
336.913
335.775
334.637
333.499
332.361
331.224
330.086
328.948
327.81
326.672
325.534
324.396
323.258
322.12
320.982
319.844
318.706
317.568
316.43
315.292
314.154
313.016
311.878
310.74
309.602
308.464
307.326
306.188
305.05
349.431
348.293
347.155
346.017
344.879
343.741
342.603
341.465
340.327
339.189
338.051
336.913
335.775
334.637
333.499
332.361
331.224
330.086
328.948
327.81
326.672
325.534
324.396
323.258
322.12
320.982
319.844
318.706
317.568
316.43
315.292
314.154
313.016
311.878
310.74
309.602
308.464
307.326
306.188
305.05
349.431
348.293
347.155
346.017
344.879
343.741
342.603
341.465
340.327
339.189
338.051
336.913
335.775
334.637
333.499
332.361
331.224
330.086
328.948
327.81
326.672
325.534
324.396
323.258
322.12
320.982
319.844
318.706
317.568
316.43
315.292
314.154
313.016
311.878
310.74
309.602
308.464
307.326
306.188
305.05
349.431
348.293
347.155
346.017
344.879
343.741
342.603
341.465
340.327
339.189
338.051
336.913
335.775
334.637
333.499
332.361
331.224
330.086
328.948
327.81
326.672
325.534
324.396
323.258
322.12
320.982
319.844
318.706
317.568
316.43
315.292
314.154
313.016
311.878
310.74
309.602
308.464
307.326
306.188
305.05
349.431
348.293
347.155
346.017
344.879
343.741
342.603
341.465
340.327
339.189
338.051
336.913
335.775
334.637
333.499
332.361
331.224
330.086
328.948
327.81
326.672
325.534
324.396
323.258
322.12
320.982
319.844
318.706
317.568
316.43
315.292
314.154
313.016
311.878
310.74
309.602
308.464
307.326
306.188
305.05
349.431
348.293
347.155
346.017
344.879
343.741
342.603
341.465
340.327
339.189
338.051
336.913
335.775
334.637
333.499
332.361
331.224
330.086
328.948
327.81
326.672
325.534
324.396
323.258
322.12
320.982
319.844
318.706
317.568
316.43
315.292
314.154
313.016
311.878
310.74
309.602
308.464
307.326
306.188
305.05
349.431
348.293
347.155
346.017
344.879
343.741
342.603
341.465
340.327
339.189
338.051
336.913
335.775
334.637
333.499
332.361
331.224
330.086
328.948
327.81
326.672
325.534
324.396
323.258
322.12
320.982
319.844
318.706
317.568
316.43
315.292
314.154
313.016
311.878
310.74
309.602
308.464
307.326
306.188
305.05
349.431
348.293
347.155
346.017
344.879
343.741
342.603
341.465
340.327
339.189
338.051
336.913
335.775
334.637
333.499
332.361
331.224
330.086
328.948
327.81
326.672
325.534
324.396
323.258
322.12
320.982
319.844
318.706
317.568
316.43
315.292
314.154
313.016
311.878
310.74
309.602
308.464
307.326
306.188
305.05
349.431
348.293
347.155
346.017
344.879
343.741
342.603
341.465
340.327
339.189
338.051
336.913
335.775
334.637
333.499
332.361
331.224
330.086
328.948
327.81
326.672
325.534
324.396
323.258
322.12
320.982
319.844
318.706
317.568
316.43
315.292
314.154
313.016
311.878
310.74
309.602
308.464
307.326
306.188
305.05
)
;

boundaryField
{
    topWall
    {
        type            zeroGradient;
    }
    leftWall
    {
        type            fixedValue;
        value           uniform 350;
    }
    bottomWall
    {
        type            zeroGradient;
    }
    frontAndBack
    {
        type            empty;
    }
    region0_to_solid
    {
        type            compressible::turbulentTemperatureCoupledBaffleMixed;
        refValue        nonuniform List<scalar> 
40
(
304.425
304.425
304.425
304.425
304.425
304.425
304.425
304.425
304.425
304.425
304.425
304.425
304.425
304.425
304.425
304.425
304.425
304.425
304.425
304.425
304.425
304.425
304.425
304.425
304.425
304.425
304.425
304.425
304.425
304.425
304.425
304.425
304.425
304.425
304.425
304.425
304.425
304.425
304.425
304.425
)
;
        refGradient     uniform 0;
        valueFraction   nonuniform List<scalar> 
40
(
0.909091
0.909091
0.909091
0.909091
0.909091
0.909091
0.909091
0.909091
0.909091
0.909091
0.909091
0.909091
0.909091
0.909091
0.909091
0.909091
0.909091
0.909091
0.909091
0.909091
0.909091
0.909091
0.909091
0.909091
0.909091
0.909091
0.909091
0.909091
0.909091
0.909091
0.909091
0.909091
0.909091
0.909091
0.909091
0.909091
0.909091
0.909091
0.909091
0.909091
)
;
        value           nonuniform List<scalar> 
40
(
304.481
304.481
304.481
304.481
304.481
304.481
304.481
304.481
304.481
304.481
304.481
304.481
304.481
304.481
304.481
304.481
304.481
304.481
304.481
304.481
304.481
304.481
304.481
304.481
304.481
304.481
304.481
304.481
304.481
304.481
304.481
304.481
304.481
304.481
304.481
304.481
304.481
304.481
304.481
304.481
)
;
        Tnbr            Tsolid;
        thicknessLayers 0();
        kappaLayers     0();
        kappaMethod     lookup;
        kappa           kappaAir;
        alphaAni        Anialpha;
    }
}


// ************************************************************************* //
