/*--------------------------------*- C++ -*----------------------------------*\ 
| =========                 |                                                 |
| \\      /  F ield         | OpenFOAM: The Open Source CFD Toolbox           |
|  \\    /   O peration     | Version:  2406                                  |
|   \\  /    A nd           | Website:  www.openfoam.com                      |
|    \\/     M anipulation  |                                                 |
\*---------------------------------------------------------------------------*/
FoamFile
{
    version     2.0;
    format      ascii;
    class       dictionary;
    object      bolsigProperties;
}
// * * * * * * * * * * * * * * * * * * * * * * * * * * * * * * * * * * * * * //

EN
(
    0.100000
    34.579300
    69.058600
    103.538000
    138.017000
    172.497000
    206.976000
    241.455000
    275.934000
    310.414000
    344.893000
    379.372000
    413.852000
    448.331000
    482.810000
    517.290000
    551.769000
    586.248000
    620.728000
    655.207000
    689.686000
    724.165000
    758.645000
    793.124000
    827.603000
    862.083000
    896.562000
    931.041000
    965.521000
    1000.000000
);

He
(
    0.000000
    0.111111
    0.222222
    0.333333
    0.444444
    0.555556
    0.666667
    0.777778
    0.888889
    1.000000
);

electronMobility
(
    3.440253e-01
    4.690899e-02
    4.423394e-02
    4.190104e-02
    3.993715e-02
    3.828650e-02
    3.685679e-02
    3.560793e-02
    3.453460e-02
    3.356363e-02
    3.269179e-02
    3.191813e-02
    3.120502e-02
    3.055952e-02
    2.996466e-02
    2.941318e-02
    2.890572e-02
    2.843023e-02
    2.798499e-02
    2.757327e-02
    2.717863e-02
    2.681032e-02
    2.646372e-02
    2.613555e-02
    2.582038e-02
    2.552267e-02
    2.524151e-02
    2.496702e-02
    2.471104e-02
    2.446802e-02
    3.996874e-01
    4.928031e-02
    4.629378e-02
    4.383456e-02
    4.177105e-02
    4.005933e-02
    3.860792e-02
    3.735052e-02
    3.624461e-02
    3.526575e-02
    3.440375e-02
    3.361420e-02
    3.290910e-02
    3.225014e-02
    3.165672e-02
    3.110266e-02
    3.058821e-02
    3.011334e-02
    2.966204e-02
    2.924223e-02
    2.884984e-02
    2.847802e-02
    2.812160e-02
    2.779192e-02
    2.747254e-02
    2.716911e-02
    2.688721e-02
    2.660875e-02
    2.634996e-02
    2.609803e-02
    4.432551e-01
    5.185235e-02
    4.857844e-02
    4.596880e-02
    4.385092e-02
    4.209889e-02
    4.063297e-02
    3.937651e-02
    3.827452e-02
    3.731540e-02
    3.644250e-02
    3.566741e-02
    3.495189e-02
    3.430667e-02
    3.370891e-02
    3.315788e-02
    3.264257e-02
    3.216267e-02
    3.171550e-02
    3.129340e-02
    3.089414e-02
    3.052199e-02
    3.016022e-02
    2.983087e-02
    2.950487e-02
    2.920311e-02
    2.891079e-02
    2.863376e-02
    2.836944e-02
    2.811102e-02
    4.787044e-01
    5.468682e-02
    5.112513e-02
    4.838918e-02
    4.626189e-02
    4.451477e-02
    4.307505e-02
    4.184013e-02
    4.077526e-02
    3.981607e-02
    3.897316e-02
    3.820895e-02
    3.750949e-02
    3.687032e-02
    3.628348e-02
    3.573633e-02
    3.522981e-02
    3.475363e-02
    3.430577e-02
    3.387884e-02
    3.348384e-02
    3.310482e-02
    3.275221e-02
    3.241010e-02
    3.208528e-02
    3.177862e-02
    3.148749e-02
    3.120175e-02
    3.093469e-02
    3.067569e-02
    5.081650e-01
    5.783401e-02
    5.401602e-02
    5.125267e-02
    4.916626e-02
    4.749354e-02
    4.611923e-02
    4.495544e-02
    4.393758e-02
    4.303091e-02
    4.223093e-02
    4.149635e-02
    4.083008e-02
    4.021638e-02
    3.964642e-02
    3.911002e-02
    3.861499e-02
    3.814273e-02
    3.769937e-02
    3.728728e-02
    3.689048e-02
    3.651375e-02
    3.615484e-02
    3.581465e-02
    3.549033e-02
    3.517561e-02
    3.487957e-02
    3.459257e-02
    3.431595e-02
    3.405122e-02
    5.329411e-01
    6.132498e-02
    5.735533e-02
    5.474078e-02
    5.283914e-02
    5.134914e-02
    5.012812e-02
    4.910004e-02
    4.819869e-02
    4.739421e-02
    4.666372e-02
    4.599537e-02
    4.538016e-02
    4.480582e-02
    4.426256e-02
    4.376098e-02
    4.329048e-02
    4.284246e-02
    4.240220e-02
    4.199670e-02
    4.160468e-02
    4.122819e-02
    4.087640e-02
    4.052575e-02
    4.019852e-02
    3.987881e-02
    3.956328e-02
    3.927574e-02
    3.898678e-02
    3.871183e-02
    5.538829e-01
    6.529585e-02
    6.150688e-02
    5.932319e-02
    5.787202e-02
    5.676832e-02
    5.586410e-02
    5.509356e-02
    5.440803e-02
    5.378015e-02
    5.318783e-02
    5.263598e-02
    5.211111e-02
    5.161444e-02
    5.112963e-02
    5.066894e-02
    5.022868e-02
    4.980396e-02
    4.938864e-02
    4.897986e-02
    4.859724e-02
    4.822117e-02
    4.785776e-02
    4.750703e-02
    4.714976e-02
    4.682233e-02
    4.650266e-02
    4.618259e-02
    4.587028e-02
    4.557351e-02
    5.716198e-01
    6.995389e-02
    6.722120e-02
    6.622092e-02
    6.573366e-02
    6.542666e-02
    6.515278e-02
    6.489035e-02
    6.461973e-02
    6.430538e-02
    6.396610e-02
    6.363212e-02
    6.325768e-02
    6.288610e-02
    6.249245e-02
    6.209757e-02
    6.170187e-02
    6.129800e-02
    6.087491e-02
    6.048821e-02
    6.005409e-02
    5.967229e-02
    5.927945e-02
    5.889356e-02
    5.850849e-02
    5.811688e-02
    5.775961e-02
    5.738803e-02
    5.702054e-02
    5.668861e-02
    5.866097e-01
    7.644243e-02
    7.739693e-02
    7.928181e-02
    8.102280e-02
    8.248909e-02
    8.362345e-02
    8.444468e-02
    8.500634e-02
    8.537752e-02
    8.556515e-02
    8.560316e-02
    8.544742e-02
    8.526592e-02
    8.497896e-02
    8.458448e-02
    8.420146e-02
    8.372728e-02
    8.327026e-02
    8.275234e-02
    8.225363e-02
    8.173612e-02
    8.122719e-02
    8.069618e-02
    8.022609e-02
    7.969794e-02
    7.923275e-02
    7.876307e-02
    7.828561e-02
    7.785435e-02
    5.992287e-01
    9.857044e-02
    1.087948e-01
    1.186644e-01
    1.274601e-01
    1.345556e-01
    1.400823e-01
    1.440438e-01
    1.466902e-01
    1.484177e-01
    1.492623e-01
    1.497320e-01
    1.494667e-01
    1.491008e-01
    1.485060e-01
    1.478324e-01
    1.468860e-01
    1.460350e-01
    1.450702e-01
    1.441910e-01
    1.432651e-01
    1.423801e-01
    1.416680e-01
    1.408222e-01
    1.400925e-01
    1.394123e-01
    1.387824e-01
    1.382011e-01
    1.376746e-01
    1.371988e-01
);

electronDiffusivity
(
    5.059331e-02
    1.216027e-01
    1.437205e-01
    1.600679e-01
    1.734219e-01
    1.851244e-01
    1.956247e-01
    2.051836e-01
    2.142961e-01
    2.226172e-01
    2.304694e-01
    2.380232e-01
    2.450685e-01
    2.519450e-01
    2.584642e-01
    2.647488e-01
    2.709287e-01
    2.768364e-01
    2.825650e-01
    2.883067e-01
    2.937872e-01
    2.992338e-01
    3.045671e-01
    3.098473e-01
    3.150825e-01
    3.201240e-01
    3.252423e-01
    3.301219e-01
    3.351499e-01
    3.401709e-01
    4.945650e-02
    1.303313e-01
    1.546320e-01
    1.729232e-01
    1.879450e-01
    2.013100e-01
    2.135394e-01
    2.247849e-01
    2.352252e-01
    2.450436e-01
    2.544435e-01
    2.632085e-01
    2.718035e-01
    2.797403e-01
    2.876392e-01
    2.952114e-01
    3.024791e-01
    3.097349e-01
    3.166674e-01
    3.235279e-01
    3.302646e-01
    3.368945e-01
    3.433765e-01
    3.498778e-01
    3.561652e-01
    3.624019e-01
    3.687646e-01
    3.748165e-01
    3.811653e-01
    3.871768e-01
    4.829761e-02
    1.403963e-01
    1.674958e-01
    1.881420e-01
    2.055249e-01
    2.211472e-01
    2.355996e-01
    2.490811e-01
    2.615763e-01
    2.735257e-01
    2.846583e-01
    2.954591e-01
    3.055821e-01
    3.155547e-01
    3.250755e-01
    3.344251e-01
    3.434473e-01
    3.523133e-01
    3.609835e-01
    3.695147e-01
    3.778901e-01
    3.862358e-01
    3.942462e-01
    4.025146e-01
    4.103688e-01
    4.184177e-01
    4.263276e-01
    4.342006e-01
    4.420410e-01
    4.497955e-01
    4.711992e-02
    1.523318e-01
    1.829783e-01
    2.066810e-01
    2.275937e-01
    2.464486e-01
    2.641156e-01
    2.805064e-01
    2.960576e-01
    3.105300e-01
    3.244628e-01
    3.378372e-01
    3.506716e-01
    3.630776e-01
    3.752012e-01
    3.870223e-01
    3.985703e-01
    4.099028e-01
    4.210870e-01
    4.319033e-01
    4.428136e-01
    4.534418e-01
    4.641805e-01
    4.747106e-01
    4.851304e-01
    4.955992e-01
    5.061007e-01
    5.163856e-01
    5.267481e-01
    5.369962e-01
    4.593732e-02
    1.667494e-01
    2.022371e-01
    2.307343e-01
    2.564980e-01
    2.801892e-01
    3.023098e-01
    3.231526e-01
    3.428194e-01
    3.613751e-01
    3.794259e-01
    3.966453e-01
    4.134510e-01
    4.298430e-01
    4.457813e-01
    4.613231e-01
    4.767995e-01
    4.918302e-01
    5.066934e-01
    5.216016e-01
    5.363176e-01
    5.507720e-01
    5.652673e-01
    5.796809e-01
    5.940331e-01
    6.081932e-01
    6.224023e-01
    6.365052e-01
    6.505549e-01
    6.646660e-01
    4.476208e-02
    1.846821e-01
    2.270970e-01
    2.633328e-01
    2.967124e-01
    3.277056e-01
    3.567869e-01
    3.844568e-01
    4.107572e-01
    4.359502e-01
    4.603747e-01
    4.840962e-01
    5.072821e-01
    5.299202e-01
    5.521578e-01
    5.741542e-01
    5.960157e-01
    6.176809e-01
    6.387330e-01
    6.600222e-01
    6.810457e-01
    7.018566e-01
    7.227616e-01
    7.432332e-01
    7.639460e-01
    7.845853e-01
    8.049057e-01
    8.257370e-01
    8.462536e-01
    8.668275e-01
    4.360197e-02
    2.083688e-01
    2.625749e-01
    3.115895e-01
    3.576654e-01
    4.008749e-01
    4.418325e-01
    4.811734e-01
    5.191285e-01
    5.560903e-01
    5.919851e-01
    6.274221e-01
    6.621111e-01
    6.965384e-01
    7.304916e-01
    7.639869e-01
    7.976866e-01
    8.308835e-01
    8.637575e-01
    8.962841e-01
    9.291907e-01
    9.617867e-01
    9.943868e-01
    1.027032e+00
    1.058978e+00
    1.091627e+00
    1.124284e+00
    1.156602e+00
    1.189035e+00
    1.221668e+00
    4.246229e-02
    2.427651e-01
    3.204665e-01
    3.939511e-01
    4.634651e-01
    5.300633e-01
    5.944460e-01
    6.575573e-01
    7.196712e-01
    7.807468e-01
    8.411725e-01
    9.014306e-01
    9.607730e-01
    1.020254e+00
    1.079151e+00
    1.137897e+00
    1.196520e+00
    1.254873e+00
    1.312380e+00
    1.370925e+00
    1.427880e+00
    1.486556e+00
    1.544558e+00
    1.602139e+00
    1.660099e+00
    1.717692e+00
    1.776626e+00
    1.834709e+00
    1.892866e+00
    1.952670e+00
    4.134755e-02
    3.087060e-01
    4.429608e-01
    5.699070e-01
    6.944414e-01
    8.195645e-01
    9.457749e-01
    1.072872e+00
    1.200591e+00
    1.329859e+00
    1.459303e+00
    1.589013e+00
    1.716858e+00
    1.846666e+00
    1.975231e+00
    2.102500e+00
    2.231650e+00
    2.359013e+00
    2.488166e+00
    2.615803e+00
    2.745182e+00
    2.874577e+00
    3.005296e+00
    3.135884e+00
    3.270450e+00
    3.402592e+00
    3.536684e+00
    3.673449e+00
    3.811293e+00
    3.952436e+00
    4.026102e-02
    6.000503e-01
    8.669419e-01
    1.183055e+00
    1.552762e+00
    1.962861e+00
    2.403128e+00
    2.858389e+00
    3.321646e+00
    3.790605e+00
    4.256694e+00
    4.730837e+00
    5.193574e+00
    5.666327e+00
    6.142676e+00
    6.626875e+00
    7.108498e+00
    7.605981e+00
    8.109311e+00
    8.628337e+00
    9.159054e+00
    9.704447e+00
    1.027796e+01
    1.086399e+01
    1.146309e+01
    1.208346e+01
    1.272651e+01
    1.339502e+01
    1.408794e+01
    1.480780e+01
);

rateCoefficients
(
    (0.000000e+00 0.000000e+00 0.000000e+00 0.000000e+00 0.000000e+00 3.166970e-26 0.000000e+00 0.000000e+00 3.536180e-36 0.000000e+00)
    (1.096120e-23 2.271000e-27 6.311120e-18 6.454130e-18 9.607370e-21 5.326040e-16 3.746980e-16 4.222070e-16 1.185600e-37 4.907330e-19)
    (2.512680e-20 1.138550e-21 1.151710e-16 2.061630e-17 2.998940e-18 6.833100e-16 7.695480e-16 1.702610e-15 8.658540e-38 1.599050e-17)
    (3.884880e-19 8.320280e-20 3.683920e-16 3.704850e-17 2.966940e-17 7.743370e-16 1.060350e-15 3.178230e-15 6.890040e-38 7.863520e-17)
    (1.618000e-18 8.336980e-19 6.980040e-16 5.368110e-17 1.094590e-16 8.333180e-16 1.267740e-15 4.663340e-15 5.750080e-38 2.094420e-16)
    (3.890850e-18 3.600210e-18 1.043810e-15 6.942630e-17 2.596520e-16 8.736570e-16 1.416460e-15 6.097330e-15 4.932100e-38 4.135530e-16)
    (7.038360e-18 9.991580e-18 1.373140e-15 8.373690e-17 4.834950e-16 9.016170e-16 1.523750e-15 7.452340e-15 4.314480e-38 6.865600e-16)
    (1.078300e-17 2.133440e-17 1.672650e-15 9.647830e-17 7.762910e-16 9.213150e-16 1.601930e-15 8.721180e-15 3.827240e-38 1.020900e-15)
    (1.489020e-17 3.852060e-17 1.941070e-15 1.077930e-16 1.131550e-15 9.355280e-16 1.660040e-15 9.913060e-15 3.425910e-38 1.410510e-15)
    (1.915760e-17 6.196420e-17 2.177130e-15 1.176940e-16 1.540210e-15 9.449580e-16 1.701700e-15 1.102260e-14 3.101860e-38 1.847450e-15)
    (2.346580e-17 9.181930e-17 2.384840e-15 1.263920e-16 1.995600e-15 9.510360e-16 1.731370e-15 1.206140e-14 2.831590e-38 2.327200e-15)
    (2.774210e-17 1.280770e-16 2.567740e-15 1.340720e-16 2.492370e-15 9.548560e-16 1.752420e-15 1.304040e-14 2.596390e-38 2.846390e-15)
    (3.191470e-17 1.704950e-16 2.727280e-15 1.407880e-16 3.023720e-15 9.563790e-16 1.765670e-15 1.395800e-14 2.401520e-38 3.399730e-15)
    (3.596560e-17 2.189030e-16 2.867550e-15 1.467290e-16 3.586490e-15 9.565940e-16 1.773770e-15 1.482730e-14 2.227280e-38 3.985640e-15)
    (3.986530e-17 2.729820e-16 2.989840e-15 1.519430e-16 4.176060e-15 9.554060e-16 1.777040e-15 1.564850e-14 2.078820e-38 4.600520e-15)
    (4.359950e-17 3.324080e-16 3.096890e-15 1.565450e-16 4.788890e-15 9.533440e-16 1.776890e-15 1.642820e-14 1.946190e-38 5.241860e-15)
    (4.716880e-17 3.969360e-16 3.190480e-15 1.606160e-16 5.422790e-15 9.505590e-16 1.774060e-15 1.717160e-14 1.827620e-38 5.908150e-15)
    (5.056590e-17 4.662300e-16 3.271430e-15 1.641840e-16 6.074700e-15 9.470590e-16 1.768700e-15 1.787830e-14 1.724020e-38 6.596840e-15)
    (5.379030e-17 5.399570e-16 3.341560e-15 1.673210e-16 6.742160e-15 9.431350e-16 1.761620e-15 1.855300e-14 1.629950e-38 7.305830e-15)
    (5.686110e-17 6.180210e-16 3.402740e-15 1.701080e-16 7.425340e-15 9.388820e-16 1.753230e-15 1.920230e-14 1.544210e-38 8.035780e-15)
    (5.975090e-17 6.998230e-16 3.454800e-15 1.725330e-16 8.118670e-15 9.343410e-16 1.743660e-15 1.982140e-14 1.466740e-38 8.781120e-15)
    (6.248860e-17 7.853920e-16 3.499500e-15 1.746650e-16 8.823890e-15 9.295160e-16 1.733160e-15 2.041730e-14 1.397790e-38 9.543800e-15)
    (6.508040e-17 8.744520e-16 3.537450e-15 1.765300e-16 9.539500e-15 9.245890e-16 1.721930e-15 2.099120e-14 1.332640e-38 1.032240e-14)
    (6.752470e-17 9.666970e-16 3.569170e-15 1.781510e-16 1.026320e-14 9.195120e-16 1.710160e-15 2.154370e-14 1.274290e-38 1.111470e-14)
    (6.981660e-17 1.061810e-15 3.595530e-15 1.795600e-16 1.099300e-14 9.144570e-16 1.698210e-15 2.207620e-14 1.218580e-38 1.191860e-14)
    (7.197650e-17 1.159840e-15 3.616870e-15 1.807590e-16 1.173010e-14 9.092530e-16 1.685680e-15 2.258940e-14 1.169350e-38 1.273530e-14)
    (7.401820e-17 1.260490e-15 3.633920e-15 1.817940e-16 1.247360e-14 9.040530e-16 1.673000e-15 2.308730e-14 1.123260e-38 1.356390e-14)
    (7.591330e-17 1.363350e-15 3.646480e-15 1.826460e-16 1.321930e-14 8.988510e-16 1.660190e-15 2.356540e-14 1.081290e-38 1.439980e-14)
    (7.771660e-17 1.468700e-15 3.656140e-15 1.833780e-16 1.397210e-14 8.936870e-16 1.647280e-15 2.403220e-14 1.040950e-38 1.524820e-14)
    (7.940420e-17 1.576200e-15 3.662590e-15 1.839850e-16 1.472860e-14 8.886320e-16 1.634500e-15 2.448550e-14 1.002070e-38 1.610540e-14)
    (0.000000e+00 0.000000e+00 0.000000e+00 0.000000e+00 0.000000e+00 2.161020e-27 0.000000e+00 0.000000e+00 4.013630e-36 0.000000e+00)
    (4.222720e-23 6.743190e-26 9.810190e-18 7.495850e-18 2.443220e-20 5.515240e-16 4.128930e-16 5.130680e-16 1.141160e-37 8.185420e-19)
    (5.165030e-20 3.601120e-21 1.523510e-16 2.342130e-17 5.330500e-18 7.035980e-16 8.266510e-16 1.955620e-15 8.238080e-38 2.328480e-17)
    (6.436210e-19 1.915210e-19 4.548030e-16 4.154210e-17 4.644120e-17 7.931400e-16 1.120680e-15 3.577420e-15 6.512500e-38 1.086690e-16)
    (2.387710e-18 1.621550e-18 8.250270e-16 5.944890e-17 1.594550e-16 8.494510e-16 1.323220e-15 5.184230e-15 5.412110e-38 2.794480e-16)
    (5.334890e-18 6.298180e-18 1.197250e-15 7.601840e-17 3.605750e-16 8.870180e-16 1.464720e-15 6.718190e-15 4.624660e-38 5.376410e-16)
    (9.175550e-18 1.625450e-17 1.541090e-15 9.080540e-17 6.489610e-16 9.127590e-16 1.565150e-15 8.156620e-15 4.027670e-38 8.753600e-16)
    (1.355620e-17 3.292930e-17 1.847130e-15 1.037600e-16 1.016060e-15 9.303120e-16 1.636550e-15 9.494500e-15 3.558460e-38 1.282690e-15)
    (1.819890e-17 5.709340e-17 2.114850e-15 1.150200e-16 1.451250e-15 9.419550e-16 1.687150e-15 1.073660e-14 3.183120e-38 1.750460e-15)
    (2.292320e-17 8.904450e-17 2.348020e-15 1.248020e-16 1.945180e-15 9.493090e-16 1.722350e-15 1.189290e-14 2.876000e-38 2.271900e-15)
    (2.761750e-17 1.287810e-16 2.550830e-15 1.333310e-16 2.490000e-15 9.537590e-16 1.746630e-15 1.297550e-14 2.614270e-38 2.841730e-15)
    (3.218970e-17 1.760150e-16 2.725570e-15 1.406990e-16 3.077080e-15 9.554690e-16 1.761490e-15 1.398470e-14 2.399720e-38 3.453420e-15)
    (3.661610e-17 2.305090e-16 2.877570e-15 1.471540e-16 3.702190e-15 9.556300e-16 1.770220e-15 1.493720e-14 2.209590e-38 4.104790e-15)
    (4.084640e-17 2.917610e-16 3.007860e-15 1.527220e-16 4.358020e-15 9.540410e-16 1.773050e-15 1.582940e-14 2.052450e-38 4.789760e-15)
    (4.489320e-17 3.595260e-16 3.120810e-15 1.576090e-16 5.042940e-15 9.516070e-16 1.772310e-15 1.667690e-14 1.910090e-38 5.508080e-15)
    (4.873050e-17 4.332810e-16 3.217750e-15 1.618480e-16 5.751310e-15 9.481730e-16 1.768070e-15 1.747820e-14 1.787350e-38 6.254850e-15)
    (5.235670e-17 5.126680e-16 3.300700e-15 1.655360e-16 6.480290e-15 9.441210e-16 1.761430e-15 1.823920e-14 1.678330e-38 7.027910e-15)
    (5.579410e-17 5.973530e-16 3.372030e-15 1.687670e-16 7.228490e-15 9.396610e-16 1.753090e-15 1.896700e-14 1.579330e-38 7.826340e-15)
    (5.901620e-17 6.868030e-16 3.432040e-15 1.715470e-16 7.990780e-15 9.347600e-16 1.743060e-15 1.965820e-14 1.491620e-38 8.645250e-15)
    (6.205320e-17 7.808550e-16 3.482880e-15 1.739610e-16 8.767630e-15 9.295210e-16 1.731840e-15 2.032060e-14 1.413970e-38 9.485330e-15)
    (6.491160e-17 8.792270e-16 3.525410e-15 1.760490e-16 9.557520e-15 9.241560e-16 1.719740e-15 2.095610e-14 1.341120e-38 1.034530e-14)
    (6.758990e-17 9.814160e-16 3.560480e-15 1.778400e-16 1.035700e-14 9.185820e-16 1.706950e-15 2.156540e-14 1.276940e-38 1.122140e-14)
    (7.008500e-17 1.087120e-15 3.588760e-15 1.793610e-16 1.116390e-14 9.130120e-16 1.693800e-15 2.214940e-14 1.216440e-38 1.211190e-14)
    (7.244010e-17 1.196440e-15 3.611650e-15 1.806640e-16 1.198150e-14 9.073130e-16 1.680100e-15 2.271450e-14 1.162110e-38 1.301980e-14)
    (7.462190e-17 1.308650e-15 3.628790e-15 1.817390e-16 1.280340e-14 9.016010e-16 1.666210e-15 2.325600e-14 1.112890e-38 1.393830e-14)
    (7.666380e-17 1.423740e-15 3.641520e-15 1.826300e-16 1.363110e-14 8.959140e-16 1.652150e-15 2.377890e-14 1.067000e-38 1.486910e-14)
    (7.857860e-17 1.541730e-15 3.650440e-15 1.833740e-16 1.446610e-14 8.903360e-16 1.638140e-15 2.428730e-14 1.022470e-38 1.581370e-14)
    (8.033950e-17 1.661780e-15 3.655120e-15 1.839390e-16 1.530110e-14 8.847570e-16 1.624050e-15 2.477410e-14 9.833630e-39 1.676420e-14)
    (8.199760e-17 1.784380e-15 3.657180e-15 1.844000e-16 1.614260e-14 8.793390e-16 1.610120e-15 2.524980e-14 9.439510e-39 1.772740e-14)
    (8.352020e-17 1.908840e-15 3.655540e-15 1.847040e-16 1.698450e-14 8.739210e-16 1.596140e-15 2.570650e-14 9.098910e-39 1.869630e-14)
    (0.000000e+00 0.000000e+00 0.000000e+00 0.000000e+00 0.000000e+00 3.543020e-28 0.000000e+00 0.000000e+00 4.335960e-36 0.000000e+00)
    (1.658440e-22 5.892020e-25 1.555090e-17 8.817660e-18 6.410360e-20 5.725480e-16 4.578530e-16 6.303550e-16 1.092330e-37 1.406410e-18)
    (1.077490e-19 1.175150e-20 2.039700e-16 2.690630e-17 9.737640e-18 7.258940e-16 8.915060e-16 2.268260e-15 7.781530e-38 3.488660e-17)
    (1.074980e-18 4.506920e-19 5.649440e-16 4.695800e-17 7.425970e-17 8.127800e-16 1.185650e-15 4.059680e-15 6.113110e-38 1.536830e-16)
    (3.541900e-18 3.212470e-18 9.789400e-16 6.625510e-17 2.365620e-16 8.660220e-16 1.381580e-15 5.809030e-15 5.055460e-38 3.804780e-16)
    (7.338290e-18 1.119280e-17 1.375970e-15 8.361040e-17 5.086980e-16 9.004310e-16 1.514250e-15 7.454640e-15 4.302030e-38 7.116190e-16)
    (1.198680e-17 2.682230e-17 1.731050e-15 9.875040e-17 8.834930e-16 9.232520e-16 1.605770e-15 8.981860e-15 3.730770e-38 1.134660e-15)
    (1.706670e-17 5.150800e-17 2.039700e-15 1.117800e-16 1.347330e-15 9.380840e-16 1.668860e-15 1.039260e-14 3.284690e-38 1.636810e-15)
    (2.228950e-17 8.580670e-17 2.304780e-15 1.229310e-16 1.886320e-15 9.472420e-16 1.711610e-15 1.169500e-14 2.928690e-38 2.207290e-15)
    (2.749240e-17 1.297830e-16 2.532090e-15 1.325090e-16 2.489630e-15 9.525080e-16 1.740040e-15 1.290510e-14 2.633970e-38 2.838860e-15)
    (3.254890e-17 1.830720e-16 2.725090e-15 1.406640e-16 3.145630e-15 9.544640e-16 1.756910e-15 1.402560e-14 2.395170e-38 3.522730e-15)
    (3.742130e-17 2.452980e-16 2.890240e-15 1.476930e-16 3.847900e-15 9.543720e-16 1.765940e-15 1.507540e-14 2.189730e-38 4.255270e-15)
    (4.205430e-17 3.158460e-16 3.030050e-15 1.536940e-16 4.587850e-15 9.524330e-16 1.768460e-15 1.605600e-14 2.018620e-38 5.029600e-15)
    (4.645060e-17 3.942930e-16 3.149110e-15 1.588720e-16 5.361790e-15 9.493550e-16 1.766560e-15 1.698130e-14 1.868170e-38 5.843620e-15)
    (5.059610e-17 4.799980e-16 3.249320e-15 1.632950e-16 6.163830e-15 9.452200e-16 1.760790e-15 1.785250e-14 1.739120e-38 6.692360e-15)
    (5.449080e-17 5.724400e-16 3.334050e-15 1.671080e-16 6.990080e-15 9.405440e-16 1.752690e-15 1.867890e-14 1.623130e-38 7.572800e-15)
    (5.813400e-17 6.710750e-16 3.404570e-15 1.703530e-16 7.836620e-15 9.351730e-16 1.742150e-15 1.946120e-14 1.523670e-38 8.481400e-15)
    (6.153920e-17 7.755210e-16 3.463200e-15 1.731280e-16 8.701350e-15 9.295190e-16 1.730250e-15 2.020610e-14 1.433190e-38 9.416460e-15)
    (6.472330e-17 8.852940e-16 3.511390e-15 1.754890e-16 9.582070e-15 9.236000e-16 1.717080e-15 2.091710e-14 1.351350e-38 1.037590e-14)
    (6.768370e-17 9.998720e-16 3.550420e-15 1.774840e-16 1.047510e-14 9.174440e-16 1.703060e-15 2.159590e-14 1.279530e-38 1.135600e-14)
    (7.043100e-17 1.118920e-15 3.581320e-15 1.791550e-16 1.137880e-14 9.112510e-16 1.688480e-15 2.224490e-14 1.212790e-38 1.235540e-14)
    (7.299300e-17 1.242220e-15 3.605180e-15 1.805470e-16 1.229380e-14 9.049440e-16 1.673380e-15 2.286880e-14 1.153380e-38 1.337420e-14)
    (7.534920e-17 1.368950e-15 3.622590e-15 1.816730e-16 1.321330e-14 8.986270e-16 1.658000e-15 2.346430e-14 1.099840e-38 1.440550e-14)
    (7.755760e-17 1.499640e-15 3.635120e-15 1.826070e-16 1.414450e-14 8.924100e-16 1.642530e-15 2.404260e-14 1.047950e-38 1.545670e-14)
    (7.956940e-17 1.632970e-15 3.642200e-15 1.833140e-16 1.507610e-14 8.862000e-16 1.626970e-15 2.459380e-14 1.002710e-38 1.651570e-14)
    (8.144920e-17 1.769550e-15 3.645450e-15 1.838640e-16 1.601590e-14 8.800780e-16 1.611340e-15 2.512900e-14 9.594760e-39 1.759050e-14)
    (8.316210e-17 1.908510e-15 3.644670e-15 1.842490e-16 1.695640e-14 8.741310e-16 1.596030e-15 2.564300e-14 9.192230e-39 1.867330e-14)
    (8.475010e-17 2.049990e-15 3.640910e-15 1.845050e-16 1.790130e-14 8.682190e-16 1.580630e-15 2.614150e-14 8.827370e-39 1.976730e-14)
    (8.620120e-17 2.193750e-15 3.633810e-15 1.846230e-16 1.884840e-14 8.624620e-16 1.565440e-15 2.662260e-14 8.482790e-39 2.087020e-14)
    (8.753020e-17 2.338790e-15 3.624400e-15 1.846370e-16 1.979270e-14 8.568900e-16 1.550520e-15 2.708700e-14 8.155110e-39 2.197600e-14)
    (0.000000e+00 0.000000e+00 0.000000e+00 0.000000e+00 0.000000e+00 9.245010e-29 0.000000e+00 0.000000e+00 4.558510e-36 0.000000e+00)
    (6.687340e-22 5.205570e-24 2.526420e-17 1.054640e-17 1.752790e-19 5.966650e-16 5.120570e-16 7.855090e-16 1.037340e-37 2.513450e-18)
    (2.285370e-19 3.975470e-20 2.768100e-16 3.132990e-17 1.838560e-17 7.502640e-16 9.653580e-16 2.663200e-15 7.289720e-38 5.412050e-17)
    (1.812470e-18 1.088850e-18 7.069650e-16 5.361440e-17 1.218790e-16 8.332810e-16 1.256050e-15 4.657190e-15 5.693860e-38 2.236300e-16)
    (5.282940e-18 6.503030e-18 1.166150e-15 7.435870e-17 3.586250e-16 8.829740e-16 1.442760e-15 6.571800e-15 4.670900e-38 5.307520e-16)
    (1.012860e-17 2.027270e-17 1.584750e-15 9.241250e-17 7.313550e-16 9.137890e-16 1.564690e-15 8.343770e-15 3.952420e-38 9.626220e-16)
    (1.570470e-17 4.505800e-17 1.946870e-15 1.077770e-16 1.224170e-15 9.331990e-16 1.645760e-15 9.970940e-15 3.410440e-38 1.501570e-15)
    (2.154330e-17 8.198930e-17 2.253430e-15 1.207100e-16 1.816950e-15 9.448180e-16 1.698800e-15 1.146020e-14 2.990670e-38 2.131090e-15)
    (2.737450e-17 1.312550e-16 2.511530e-15 1.316040e-16 2.492900e-15 9.510810e-16 1.732520e-15 1.282980e-14 2.655230e-38 2.839410e-15)
    (3.303050e-17 1.923630e-16 2.726870e-15 1.407230e-16 3.236230e-15 9.532630e-16 1.751700e-15 1.408830e-14 2.387730e-38 3.614910e-15)
    (3.844420e-17 2.648180e-16 2.907240e-15 1.484240e-16 4.037460e-15 9.527640e-16 1.760940e-15 1.525730e-14 2.165220e-38 4.451830e-15)
    (4.356570e-17 3.477310e-16 3.057740e-15 1.549240e-16 4.885980e-15 9.504000e-16 1.763000e-15 1.634620e-14 1.976040e-38 5.342040e-15)
    (4.837260e-17 4.403650e-16 3.182340e-15 1.603830e-16 5.774270e-15 9.464350e-16 1.759270e-15 1.736240e-14 1.817360e-38 6.279830e-15)
    (5.286440e-17 5.419480e-16 3.285800e-15 1.650020e-16 6.696290e-15 9.415280e-16 1.751790e-15 1.831820e-14 1.679330e-38 7.260530e-15)
    (5.704860e-17 6.518010e-16 3.370620e-15 1.688790e-16 7.647400e-15 9.357440e-16 1.741050e-15 1.921850e-14 1.561260e-38 8.280310e-15)
    (6.092450e-17 7.691540e-16 3.439600e-15 1.721280e-16 8.622100e-15 9.295060e-16 1.728300e-15 2.006900e-14 1.456350e-38 9.334150e-15)
    (6.451810e-17 8.934080e-16 3.495080e-15 1.748410e-16 9.617810e-15 9.229030e-16 1.713860e-15 2.087580e-14 1.363030e-38 1.041970e-14)
    (6.782950e-17 1.023870e-15 3.538880e-15 1.770860e-16 1.063000e-14 9.160090e-16 1.698260e-15 2.164170e-14 1.281750e-38 1.153260e-14)
    (7.088220e-17 1.159940e-15 3.572740e-15 1.789350e-16 1.165590e-14 9.090670e-16 1.682000e-15 2.237150e-14 1.206990e-38 1.267000e-14)
    (7.367370e-17 1.301030e-15 3.597330e-15 1.804110e-16 1.269210e-14 9.019850e-16 1.665080e-15 2.306500e-14 1.142160e-38 1.382800e-14)
    (7.625540e-17 1.447050e-15 3.614960e-15 1.816030e-16 1.374100e-14 8.949360e-16 1.647800e-15 2.373150e-14 1.081790e-38 1.500920e-14)
    (7.860610e-17 1.597050e-15 3.625900e-15 1.825250e-16 1.479520e-14 8.879900e-16 1.630550e-15 2.436800e-14 1.027120e-38 1.620550e-14)
    (8.077080e-17 1.751180e-15 3.631270e-15 1.832170e-16 1.585890e-14 8.810930e-16 1.613070e-15 2.498070e-14 9.766740e-39 1.742120e-14)
    (8.272780e-17 1.908410e-15 3.631520e-15 1.836980e-16 1.692400e-14 8.743830e-16 1.595880e-15 2.556660e-14 9.305060e-39 1.864740e-14)
    (8.451890e-17 2.068740e-15 3.627590e-15 1.840010e-16 1.799390e-14 8.677420e-16 1.578620e-15 2.613140e-14 8.887010e-39 1.988690e-14)
    (8.613820e-17 2.232050e-15 3.619740e-15 1.841390e-16 1.906690e-14 8.613210e-16 1.561670e-15 2.667470e-14 8.492160e-39 2.113870e-14)
    (8.761180e-17 2.397830e-15 3.608780e-15 1.841410e-16 2.014220e-14 8.550600e-16 1.544880e-15 2.719940e-14 8.124490e-39 2.240040e-14)
    (8.893860e-17 2.565320e-15 3.594990e-15 1.840200e-16 2.121510e-14 8.489720e-16 1.528390e-15 2.770470e-14 7.787660e-39 2.366690e-14)
    (9.012820e-17 2.735310e-15 3.578430e-15 1.837770e-16 2.229090e-14 8.430600e-16 1.512130e-15 2.819290e-14 7.475330e-39 2.494430e-14)
    (9.119910e-17 2.906630e-15 3.559870e-15 1.834370e-16 2.336410e-14 8.373260e-16 1.496070e-15 2.866440e-14 7.186010e-39 2.622540e-14)
    (0.000000e+00 0.000000e+00 0.000000e+00 0.000000e+00 0.000000e+00 3.111530e-29 0.000000e+00 0.000000e+00 4.711300e-36 0.000000e+00)
    (2.793390e-21 4.865620e-23 4.234650e-17 1.289200e-17 5.063370e-19 6.246400e-16 5.789250e-16 9.974710e-16 9.751610e-38 4.737010e-18)
    (4.943000e-19 1.401950e-19 3.819900e-16 3.711710e-17 3.618450e-17 7.771040e-16 1.050300e-15 3.178250e-15 6.749780e-38 8.778320e-17)
    (3.092760e-18 2.720920e-18 8.928060e-16 6.199860e-17 2.068250e-16 8.554120e-16 1.333540e-15 5.422330e-15 5.226760e-38 3.375130e-16)
    (7.928360e-18 1.351600e-17 1.395010e-15 8.412740e-17 5.583170e-16 9.002780e-16 1.506890e-15 7.526720e-15 4.254710e-38 7.630590e-16)
    (1.404340e-17 3.760710e-17 1.829540e-15 1.026950e-16 1.076850e-15 9.266360e-16 1.615170e-15 9.441670e-15 3.573630e-38 1.338840e-15)
    (2.064960e-17 7.742850e-17 2.191490e-15 1.180190e-16 1.733950e-15 9.416970e-16 1.682850e-15 1.117640e-14 3.068330e-38 2.039840e-15)
    (2.728410e-17 1.334770e-16 2.489390e-15 1.306210e-16 2.502860e-15 9.493580e-16 1.723750e-15 1.275210e-14 2.679200e-38 2.846490e-15)
    (3.370450e-17 2.051930e-16 2.732820e-15 1.409660e-16 3.361630e-15 9.519130e-16 1.746060e-15 1.418870e-14 2.372770e-38 3.743330e-15)
    (3.979190e-17 2.915750e-16 2.931100e-15 1.494640e-16 4.293370e-15 9.509070e-16 1.755350e-15 1.550620e-14 2.127880e-38 4.718480e-15)
    (4.549940e-17 3.916350e-16 3.092590e-15 1.564860e-16 5.286250e-15 9.475970e-16 1.755880e-15 1.672570e-14 1.923720e-38 5.763800e-15)
    (5.079220e-17 5.039580e-16 3.222870e-15 1.622590e-16 6.327210e-15 9.426220e-16 1.750030e-15 1.785630e-14 1.753020e-38 6.868500e-15)
    (5.568640e-17 6.276130e-16 3.327730e-15 1.670160e-16 7.409930e-15 9.364170e-16 1.739490e-15 1.891280e-14 1.609170e-38 8.027900e-15)
    (6.017770e-17 7.615730e-16 3.410760e-15 1.709060e-16 8.526740e-15 9.294660e-16 1.725840e-15 1.990210e-14 1.484830e-38 9.235230e-15)
    (6.429640e-17 9.045880e-16 3.475980e-15 1.740860e-16 9.670870e-15 9.220100e-16 1.709910e-15 2.083330e-14 1.376310e-38 1.048410e-14)
    (6.804550e-17 1.055850e-15 3.525420e-15 1.766330e-16 1.083720e-14 9.141710e-16 1.692260e-15 2.170960e-14 1.283050e-38 1.176940e-14)
    (7.146420e-17 1.214650e-15 3.562330e-15 1.786830e-16 1.202350e-14 9.062510e-16 1.673830e-15 2.254140e-14 1.198890e-38 1.308890e-14)
    (7.456240e-17 1.379920e-15 3.588100e-15 1.802760e-16 1.322350e-14 8.982060e-16 1.654520e-15 2.332820e-14 1.125470e-38 1.443590e-14)
    (7.736790e-17 1.551040e-15 3.604690e-15 1.815010e-16 1.443520e-14 8.902620e-16 1.635040e-15 2.407730e-14 1.058850e-38 1.580810e-14)
    (7.991380e-17 1.727800e-15 3.613370e-15 1.824000e-16 1.565940e-14 8.823750e-16 1.615250e-15 2.479280e-14 9.985600e-39 1.720590e-14)
    (8.219450e-17 1.908900e-15 3.615320e-15 1.830220e-16 1.688790e-14 8.747140e-16 1.595730e-15 2.547450e-14 9.432730e-39 1.862020e-14)
    (8.424170e-17 2.094320e-15 3.611160e-15 1.833840e-16 1.812260e-14 8.671220e-16 1.576060e-15 2.612550e-14 8.953090e-39 2.005270e-14)
    (8.608030e-17 2.283030e-15 3.602390e-15 1.835490e-16 1.935930e-14 8.598290e-16 1.556770e-15 2.674950e-14 8.494720e-39 2.149770e-14)
    (8.771870e-17 2.475270e-15 3.589210e-15 1.835250e-16 2.059990e-14 8.527120e-16 1.537680e-15 2.734850e-14 8.081580e-39 2.295760e-14)
    (8.917000e-17 2.670300e-15 3.572310e-15 1.833380e-16 2.184080e-14 8.458460e-16 1.518960e-15 2.792320e-14 7.702070e-39 2.442780e-14)
    (9.045690e-17 2.867240e-15 3.552490e-15 1.830120e-16 2.307890e-14 8.392070e-16 1.500480e-15 2.847480e-14 7.355320e-39 2.590360e-14)
    (9.158330e-17 3.066760e-15 3.529780e-15 1.825620e-16 2.431820e-14 8.328280e-16 1.482470e-15 2.900700e-14 7.031700e-39 2.738990e-14)
    (9.256610e-17 3.267750e-15 3.504920e-15 1.820020e-16 2.555330e-14 8.267000e-16 1.464770e-15 2.951830e-14 6.734750e-39 2.888000e-14)
    (9.341350e-17 3.470060e-15 3.477970e-15 1.813470e-16 2.678440e-14 8.208320e-16 1.447540e-15 3.001130e-14 6.458650e-39 3.037330e-14)
    (9.414150e-17 3.673540e-15 3.449720e-15 1.806200e-16 2.801150e-14 8.152360e-16 1.430740e-15 3.048760e-14 6.197900e-39 3.186960e-14)
    (0.000000e+00 0.000000e+00 0.000000e+00 0.000000e+00 0.000000e+00 1.194020e-29 0.000000e+00 0.000000e+00 4.812890e-36 0.000000e+00)
    (1.224790e-20 4.946130e-22 7.392790e-17 1.623000e-17 1.577270e-18 6.576280e-16 6.635400e-16 1.299640e-15 9.038270e-38 9.615010e-18)
    (1.097260e-18 5.233270e-19 5.377390e-16 4.495490e-17 7.525510e-17 8.065290e-16 1.148340e-15 3.877650e-15 6.158190e-38 1.509950e-16)
    (5.344290e-18 7.080250e-18 1.138090e-15 7.272830e-17 3.656320e-16 8.786630e-16 1.417840e-15 6.432160e-15 4.710770e-38 5.331370e-16)
    (1.198360e-17 2.904580e-17 1.676260e-15 9.602330e-17 8.989030e-16 9.173070e-16 1.572710e-15 8.756930e-15 3.795950e-38 1.140490e-15)
    (1.957190e-17 7.192870e-17 2.115890e-15 1.147220e-16 1.633850e-15 9.377370e-16 1.662830e-15 1.082970e-14 3.165250e-38 1.929650e-15)
    (2.727070e-17 1.370850e-16 2.466970e-15 1.296150e-16 2.526640e-15 9.473080e-16 1.713640e-15 1.268140e-14 2.704120e-38 2.867490e-15)
    (3.469040e-17 2.238090e-16 2.745540e-15 1.414980e-16 3.543500e-15 9.501520e-16 1.739530e-15 1.434920e-14 2.350500e-38 3.930740e-15)
    (4.164260e-17 3.304950e-16 2.965380e-15 1.509820e-16 4.657610e-15 9.484750e-16 1.748730e-15 1.586180e-14 2.074590e-38 5.100280e-15)
    (4.805720e-17 4.553960e-16 3.137460e-15 1.585370e-16 5.849750e-15 9.437710e-16 1.746600e-15 1.724300e-14 1.853950e-38 6.361850e-15)
    (5.393010e-17 5.964390e-16 3.271960e-15 1.645910e-16 7.103820e-15 9.372100e-16 1.737180e-15 1.851670e-14 1.672190e-38 7.702460e-15)
    (5.925620e-17 7.521630e-16 3.375190e-15 1.693950e-16 8.408530e-15 9.294310e-16 1.722720e-15 1.969550e-14 1.519180e-38 9.112750e-15)
    (6.406880e-17 9.207940e-16 3.453200e-15 1.731930e-16 9.753830e-15 9.208240e-16 1.704840e-15 2.079360e-14 1.391070e-38 1.058320e-14)
    (6.838880e-17 1.100950e-15 3.510040e-15 1.761410e-16 1.113140e-14 9.117440e-16 1.684600e-15 2.181860e-14 1.281420e-38 1.210610e-14)
    (7.225820e-17 1.290970e-15 3.550140e-15 1.784160e-16 1.253340e-14 9.025130e-16 1.663140e-15 2.278130e-14 1.185890e-38 1.367290e-14)
    (7.571780e-17 1.490060e-15 3.575990e-15 1.801170e-16 1.395730e-14 8.932430e-16 1.640840e-15 2.368920e-14 1.101760e-38 1.528070e-14)
    (7.879900e-17 1.697110e-15 3.590070e-15 1.813350e-16 1.539820e-14 8.840390e-16 1.618040e-15 2.454720e-14 1.027280e-38 1.692390e-14)
    (8.152270e-17 1.910800e-15 3.594580e-15 1.821550e-16 1.684960e-14 8.750560e-16 1.595320e-15 2.535990e-14 9.605600e-39 1.859500e-14)
    (8.391320e-17 2.129720e-15 3.590460e-15 1.826130e-16 1.830430e-14 8.662690e-16 1.572600e-15 2.612690e-14 9.027120e-39 2.028530e-14)
    (8.602540e-17 2.354230e-15 3.579930e-15 1.827930e-16 1.976880e-14 8.577710e-16 1.550120e-15 2.685980e-14 8.493310e-39 2.200110e-14)
    (8.786410e-17 2.582820e-15 3.563480e-15 1.827220e-16 2.123390e-14 8.495910e-16 1.528080e-15 2.755680e-14 8.014140e-39 2.373180e-14)
    (8.946330e-17 2.814790e-15 3.542500e-15 1.824390e-16 2.269860e-14 8.417040e-16 1.506320e-15 2.822150e-14 7.583540e-39 2.547480e-14)
    (9.084110e-17 3.050410e-15 3.517390e-15 1.819750e-16 2.416540e-14 8.341660e-16 1.485100e-15 2.885830e-14 7.187500e-39 2.723300e-14)
    (9.201030e-17 3.287640e-15 3.488950e-15 1.813500e-16 2.562350e-14 8.269920e-16 1.464400e-15 2.946430e-14 6.830790e-39 2.899270e-14)
    (9.300160e-17 3.527480e-15 3.457860e-15 1.806000e-16 2.708080e-14 8.201640e-16 1.444270e-15 3.004730e-14 6.498720e-39 3.076300e-14)
    (9.382750e-17 3.768430e-15 3.424910e-15 1.797470e-16 2.853010e-14 8.136930e-16 1.424660e-15 3.060670e-14 6.189320e-39 3.253370e-14)
    (9.450050e-17 4.009820e-15 3.389650e-15 1.787810e-16 2.996830e-14 8.075690e-16 1.405590e-15 3.114080e-14 5.908420e-39 3.430110e-14)
    (9.503030e-17 4.253540e-15 3.353020e-15 1.777370e-16 3.140680e-14 8.017700e-16 1.387020e-15 3.165730e-14 5.645530e-39 3.607890e-14)
    (9.544540e-17 4.496530e-15 3.315630e-15 1.766350e-16 3.283050e-14 7.963080e-16 1.369010e-15 3.215320e-14 5.402120e-39 3.784720e-14)
    (9.573860e-17 4.740260e-15 3.276860e-15 1.754590e-16 3.424760e-14 7.911460e-16 1.351460e-15 3.263090e-14 5.176650e-39 3.961570e-14)
    (0.000000e+00 0.000000e+00 0.000000e+00 0.000000e+00 0.000000e+00 4.809650e-30 0.000000e+00 0.000000e+00 4.875750e-36 0.000000e+00)
    (5.782600e-20 5.698210e-21 1.369060e-16 2.137130e-17 5.506640e-18 6.980990e-16 7.756390e-16 1.763130e-15 8.191930e-38 2.185250e-17)
    (2.521840e-18 2.109710e-18 7.772380e-16 5.617030e-17 1.689710e-16 8.400340e-16 1.264740e-15 4.893350e-15 5.472710e-38 2.819840e-16)
    (9.374660e-18 1.942360e-17 1.466210e-15 8.679680e-17 6.820800e-16 9.026960e-16 1.509010e-15 7.829280e-15 4.126070e-38 8.951030e-16)
    (1.827010e-17 6.525810e-17 2.023010e-15 1.106500e-16 1.512710e-15 9.325980e-16 1.637220e-15 1.040280e-14 3.288210e-38 1.796060e-15)
    (2.745750e-17 1.435320e-16 2.449200e-15 1.287980e-16 2.581230e-15 9.451640e-16 1.702920e-15 1.264630e-14 2.720480e-38 2.920230e-15)
    (3.622090e-17 2.530860e-16 2.772070e-15 1.426330e-16 3.827320e-15 9.479410e-16 1.732430e-15 1.462430e-14 2.309870e-38 4.225590e-15)
    (4.429330e-17 3.912500e-16 3.015140e-15 1.532140e-16 5.209180e-15 9.448280e-16 1.739880e-15 1.639050e-14 1.999860e-38 5.682860e-15)
    (5.159260e-17 5.548910e-16 3.196890e-15 1.613180e-16 6.696020e-15 9.381220e-16 1.733530e-15 1.798540e-14 1.758540e-38 7.268760e-15)
    (5.810950e-17 7.409650e-16 3.330370e-15 1.674910e-16 8.264660e-15 9.293060e-16 1.718590e-15 1.943800e-14 1.563640e-38 8.963950e-15)
    (6.387750e-17 9.463710e-16 3.426230e-15 1.721530e-16 9.895290e-15 9.191220e-16 1.698030e-15 2.077010e-14 1.406920e-38 1.075040e-14)
    (6.896640e-17 1.168660e-15 3.492780e-15 1.756420e-16 1.157570e-14 9.083840e-16 1.674350e-15 2.200300e-14 1.273510e-38 1.261620e-14)
    (7.341280e-17 1.405470e-15 3.535090e-15 1.781490e-16 1.329340e-14 8.973110e-16 1.648560e-15 2.314570e-14 1.162980e-38 1.454810e-14)
    (7.729030e-17 1.654800e-15 3.558680e-15 1.798930e-16 1.504000e-14 8.862970e-16 1.621780e-15 2.421260e-14 1.066650e-38 1.653690e-14)
    (8.064600e-17 1.914280e-15 3.567450e-15 1.810220e-16 1.680490e-14 8.754980e-16 1.594710e-15 2.521170e-14 9.830420e-39 1.856940e-14)
    (8.352230e-17 2.182840e-15 3.563520e-15 1.816170e-16 1.858380e-14 8.649590e-16 1.567540e-15 2.614810e-14 9.114910e-39 2.064090e-14)
    (8.598340e-17 2.458980e-15 3.549820e-15 1.817980e-16 2.037240e-14 8.548820e-16 1.540850e-15 2.703140e-14 8.470080e-39 2.274470e-14)
    (8.806670e-17 2.741120e-15 3.528420e-15 1.816290e-16 2.216440e-14 8.451950e-16 1.514430e-15 2.786490e-14 7.907920e-39 2.487240e-14)
    (8.982330e-17 3.027750e-15 3.500550e-15 1.811740e-16 2.395440e-14 8.360120e-16 1.488710e-15 2.865370e-14 7.402680e-39 2.701610e-14)
    (9.126920e-17 3.317930e-15 3.467300e-15 1.804710e-16 2.573790e-14 8.273490e-16 1.463750e-15 2.939890e-14 6.953900e-39 2.917020e-14)
    (9.245210e-17 3.611730e-15 3.430590e-15 1.795900e-16 2.751960e-14 8.191860e-16 1.439480e-15 3.011020e-14 6.540640e-39 3.133840e-14)
    (9.339780e-17 3.907310e-15 3.389880e-15 1.785180e-16 2.929040e-14 8.115170e-16 1.415910e-15 3.078420e-14 6.170800e-39 3.350860e-14)
    (9.411690e-17 4.204500e-15 3.347170e-15 1.773280e-16 3.105010e-14 8.043650e-16 1.393190e-15 3.142670e-14 5.833750e-39 3.568050e-14)
    (9.466880e-17 4.502560e-15 3.302490e-15 1.760250e-16 3.279960e-14 7.976560e-16 1.371100e-15 3.204160e-14 5.525160e-39 3.785230e-14)
    (9.502270e-17 4.799490e-15 3.256260e-15 1.746240e-16 3.452460e-14 7.914890e-16 1.349910e-15 3.262270e-14 5.247010e-39 4.000780e-14)
    (9.524650e-17 5.097730e-15 3.208860e-15 1.731430e-16 3.624510e-14 7.857110e-16 1.329250e-15 3.318380e-14 4.986300e-39 4.216830e-14)
    (9.532350e-17 5.395330e-15 3.161020e-15 1.716120e-16 3.794790e-14 7.804260e-16 1.309410e-15 3.371980e-14 4.744780e-39 4.431890e-14)
    (9.528840e-17 5.690840e-15 3.112580e-15 1.700310e-16 3.962850e-14 7.755390e-16 1.290220e-15 3.423240e-14 4.523530e-39 4.645100e-14)
    (9.513990e-17 5.985010e-15 3.064040e-15 1.684060e-16 4.129060e-14 7.710730e-16 1.271680e-15 3.472270e-14 4.320270e-39 4.857000e-14)
    (9.490460e-17 6.277890e-15 3.015420e-15 1.667570e-16 4.293640e-14 7.669820e-16 1.253710e-15 3.519470e-14 4.130130e-39 5.067760e-14)
    (0.000000e+00 0.000000e+00 0.000000e+00 0.000000e+00 0.000000e+00 1.887030e-30 0.000000e+00 0.000000e+00 4.908750e-36 0.000000e+00)
    (3.088310e-19 8.026640e-20 2.779990e-16 3.034660e-17 2.319190e-17 7.497490e-16 9.336200e-16 2.566230e-15 7.156330e-38 5.991180e-17)
    (6.064530e-18 9.459240e-18 1.161630e-15 7.321000e-17 4.227420e-16 8.778760e-16 1.404060e-15 6.502220e-15 4.652430e-38 5.928790e-16)
    (1.675150e-17 5.732240e-17 1.911780e-15 1.057190e-16 1.370250e-15 9.258730e-16 1.604330e-15 9.888280e-15 3.443750e-38 1.638630e-15)
    (2.816730e-17 1.563900e-16 2.448610e-15 1.286910e-16 2.709390e-15 9.429210e-16 1.692420e-15 1.271880e-14 2.715960e-38 3.049630e-15)
    (3.883650e-17 3.049440e-16 2.827020e-15 1.450230e-16 4.321770e-15 9.449610e-16 1.724900e-15 1.513580e-14 2.230090e-38 4.744020e-15)
    (4.837050e-17 4.973330e-16 3.091940e-15 1.567240e-16 6.132040e-15 9.390740e-16 1.727250e-15 1.724500e-14 1.883020e-38 6.668650e-15)
    (5.669240e-17 7.279290e-16 3.274610e-15 1.651090e-16 8.091260e-15 9.289640e-16 1.712830e-15 1.911870e-14 1.621490e-38 8.785760e-15)
    (6.387160e-17 9.910710e-16 3.396100e-15 1.710340e-16 1.016300e-14 9.165280e-16 1.688570e-15 2.080400e-14 1.419230e-38 1.106310e-14)
    (6.998810e-17 1.281010e-15 3.472630e-15 1.751490e-16 1.231390e-14 9.031420e-16 1.659180e-15 2.233480e-14 1.256980e-38 1.346800e-14)
    (7.513890e-17 1.593490e-15 3.514820e-15 1.778620e-16 1.452360e-14 8.895010e-16 1.627040e-15 2.373460e-14 1.123470e-38 1.597820e-14)
    (7.946230e-17 1.925140e-15 3.530580e-15 1.794880e-16 1.677970e-14 8.759570e-16 1.593530e-15 2.502530e-14 1.013090e-38 1.857920e-14)
    (8.304560e-17 2.270960e-15 3.526500e-15 1.802760e-16 1.905850e-14 8.628590e-16 1.559820e-15 2.621780e-14 9.205040e-39 2.124170e-14)
    (8.598820e-17 2.629070e-15 3.507460e-15 1.804150e-16 2.135520e-14 8.504170e-16 1.526450e-15 2.732730e-14 8.401020e-39 2.395880e-14)
    (8.835540e-17 2.996040e-15 3.476240e-15 1.800170e-16 2.365480e-14 8.386850e-16 1.493860e-15 2.835920e-14 7.715670e-39 2.671050e-14)
    (9.022650e-17 3.370040e-15 3.436760e-15 1.792300e-16 2.595250e-14 8.277580e-16 1.462310e-15 2.932560e-14 7.112190e-39 2.948910e-14)
    (9.167220e-17 3.749120e-15 3.389680e-15 1.780850e-16 2.824250e-14 8.176110e-16 1.431740e-15 3.022970e-14 6.585240e-39 3.228450e-14)
    (9.276220e-17 4.131080e-15 3.338500e-15 1.767140e-16 3.051670e-14 8.082500e-16 1.402310e-15 3.108130e-14 6.117900e-39 3.508510e-14)
    (9.350370e-17 4.513710e-15 3.283230e-15 1.751230e-16 3.276430e-14 7.997190e-16 1.374150e-15 3.187740e-14 5.706990e-39 3.787600e-14)
    (9.399110e-17 4.898910e-15 3.225110e-15 1.733640e-16 3.500310e-14 7.918700e-16 1.346910e-15 3.263450e-14 5.333460e-39 4.067550e-14)
    (9.422600e-17 5.280230e-15 3.166370e-15 1.715210e-16 3.719600e-14 7.848790e-16 1.321150e-15 3.334340e-14 4.999090e-39 4.343820e-14)
    (9.425080e-17 5.663460e-15 3.105290e-15 1.695350e-16 3.938120e-14 7.784740e-16 1.296130e-15 3.401910e-14 4.698340e-39 4.620740e-14)
    (9.411370e-17 6.043120e-15 3.044070e-15 1.675010e-16 4.152940e-14 7.727550e-16 1.272210e-15 3.465830e-14 4.425130e-39 4.894630e-14)
    (9.380050e-17 6.420610e-15 2.982740e-15 1.654040e-16 4.364930e-14 7.676640e-16 1.249270e-15 3.526460e-14 4.176600e-39 5.166430e-14)
    (9.337230e-17 6.793760e-15 2.921740e-15 1.632830e-16 4.573250e-14 7.631830e-16 1.227300e-15 3.584000e-14 3.949510e-39 5.434910e-14)
    (9.280960e-17 7.162230e-15 2.861470e-15 1.611360e-16 4.777680e-14 7.592980e-16 1.206330e-15 3.638410e-14 3.742880e-39 5.699700e-14)
    (9.216460e-17 7.528890e-15 2.801460e-15 1.589700e-16 4.980160e-14 7.558990e-16 1.186010e-15 3.690710e-14 3.549490e-39 5.963140e-14)
    (9.143100e-17 7.888970e-15 2.742470e-15 1.568070e-16 5.178050e-14 7.530210e-16 1.166640e-15 3.740180e-14 3.373070e-39 6.221710e-14)
    (9.063010e-17 8.244000e-15 2.684890e-15 1.546550e-16 5.372360e-14 7.506310e-16 1.148020e-15 3.787310e-14 3.210210e-39 6.476680e-14)
    (8.976830e-17 8.596860e-15 2.627560e-15 1.524880e-16 5.564850e-14 7.486310e-16 1.129890e-15 3.832710e-14 3.058320e-39 6.730140e-14)
    (0.000000e+00 0.000000e+00 0.000000e+00 0.000000e+00 0.000000e+00 6.518520e-31 0.000000e+00 0.000000e+00 4.918440e-36 0.000000e+00)
    (2.094010e-18 1.634510e-18 6.699150e-16 5.027960e-17 1.399800e-16 8.226890e-16 1.184430e-15 4.358490e-15 5.728800e-38 2.369740e-16)
    (1.542960e-17 4.930720e-17 1.808720e-15 1.009640e-16 1.238230e-15 9.179070e-16 1.566830e-15 9.393640e-15 3.614830e-38 1.492640e-15)
    (3.053980e-17 1.885130e-16 2.511150e-15 1.312220e-16 3.063420e-15 9.408080e-16 1.686220e-15 1.316030e-14 2.644180e-38 3.416250e-15)
    (4.390740e-17 4.152110e-16 2.944510e-15 1.501980e-16 5.335380e-15 9.396300e-16 1.715450e-15 1.619640e-14 2.071120e-38 5.820050e-15)
    (5.517770e-17 7.176990e-16 3.211280e-15 1.623830e-16 7.927280e-15 9.280650e-16 1.704390e-15 1.877130e-14 1.690270e-38 8.621140e-15)
    (6.448140e-17 1.082940e-15 3.368870e-15 1.701590e-16 1.075060e-14 9.119560e-16 1.674010e-15 2.102120e-14 1.417080e-38 1.174560e-14)
    (7.198620e-17 1.498890e-15 3.451210e-15 1.748770e-16 1.373700e-14 8.941960e-16 1.634380e-15 2.301780e-14 1.211140e-38 1.512590e-14)
    (7.792090e-17 1.954790e-15 3.480560e-15 1.774170e-16 1.683400e-14 8.762530e-16 1.590800e-15 2.480870e-14 1.052110e-38 1.870360e-14)
    (8.256980e-17 2.441560e-15 3.473750e-15 1.784260e-16 2.000510e-14 8.589870e-16 1.545980e-15 2.643440e-14 9.234730e-39 2.243350e-14)
    (8.608010e-17 2.951010e-15 3.440370e-15 1.782790e-16 2.321240e-14 8.428680e-16 1.501720e-15 2.791250e-14 8.191220e-39 2.626810e-14)
    (8.865730e-17 3.476090e-15 3.388310e-15 1.772820e-16 2.642990e-14 8.281060e-16 1.458710e-15 2.926310e-14 7.325240e-39 3.016990e-14)
    (9.047660e-17 4.008210e-15 3.324570e-15 1.756990e-16 2.962170e-14 8.148170e-16 1.417540e-15 3.049990e-14 6.599900e-39 3.408870e-14)
    (9.165580e-17 4.548370e-15 3.251970e-15 1.736540e-16 3.280280e-14 8.029310e-16 1.378140e-15 3.164490e-14 5.976720e-39 3.803840e-14)
    (9.230460e-17 5.088960e-15 3.173510e-15 1.712770e-16 3.593850e-14 7.924530e-16 1.340770e-15 3.270040e-14 5.445060e-39 4.197040e-14)
    (9.249930e-17 5.625890e-15 3.092780e-15 1.686900e-16 3.901070e-14 7.834460e-16 1.305670e-15 3.367150e-14 4.986690e-39 4.586030e-14)
    (9.237760e-17 6.161530e-15 3.009380e-15 1.659200e-16 4.204600e-14 7.755550e-16 1.272050e-15 3.458150e-14 4.583210e-39 4.973170e-14)
    (9.192080e-17 6.688750e-15 2.926550e-15 1.630610e-16 4.500210e-14 7.689970e-16 1.240640e-15 3.541980e-14 4.230650e-39 5.353300e-14)
    (9.124140e-17 7.210900e-15 2.843360e-15 1.601190e-16 4.790790e-14 7.634680e-16 1.210750e-15 3.620620e-14 3.916500e-39 5.729360e-14)
    (9.038250e-17 7.722130e-15 2.762220e-15 1.571690e-16 5.073290e-14 7.590150e-16 1.182550e-15 3.693630e-14 3.638840e-39 6.097360e-14)
    (8.935710e-17 8.226040e-15 2.681830e-15 1.541870e-16 5.350090e-14 7.554590e-16 1.155740e-15 3.762170e-14 3.390550e-39 6.459910e-14)
    (8.821680e-17 8.719290e-15 2.603750e-15 1.512270e-16 5.619620e-14 7.527820e-16 1.130380e-15 3.826280e-14 3.167240e-39 6.814860e-14)
    (8.697630e-17 9.202900e-15 2.527460e-15 1.482800e-16 5.882690e-14 7.508980e-16 1.106230e-15 3.886420e-14 2.966160e-39 7.163020e-14)
    (8.565330e-17 9.673910e-15 2.453890e-15 1.453860e-16 6.137700e-14 7.498280e-16 1.083460e-15 3.942410e-14 2.784840e-39 7.502290e-14)
    (8.427230e-17 1.013860e-14 2.381690e-15 1.424970e-16 6.388610e-14 7.493510e-16 1.061500e-15 3.995760e-14 2.617520e-39 7.837330e-14)
    (8.285970e-17 1.058740e-14 2.312860e-15 1.396950e-16 6.630190e-14 7.495390e-16 1.040880e-15 4.045270e-14 2.466530e-39 8.161330e-14)
    (8.140500e-17 1.102950e-14 2.245250e-15 1.369090e-16 6.867540e-14 7.502710e-16 1.020890e-15 4.092290e-14 2.329470e-39 8.480850e-14)
    (7.993700e-17 1.146000e-14 2.180300e-15 1.341880e-16 7.098150e-14 7.515260e-16 1.001890e-15 4.136550e-14 2.201540e-39 8.792410e-14)
    (7.845540e-17 1.187710e-14 2.118220e-15 1.315430e-16 7.321020e-14 7.533880e-16 9.839230e-16 4.177600e-14 2.085700e-39 9.094830e-14)
    (7.695790e-17 1.228710e-14 2.057400e-15 1.289260e-16 7.539780e-14 7.556240e-16 9.664950e-16 4.216770e-14 1.977570e-39 9.392460e-14)
    (0.000000e+00 0.000000e+00 0.000000e+00 0.000000e+00 0.000000e+00 1.590140e-31 0.000000e+00 0.000000e+00 4.909830e-36 0.000000e+00)
    (2.232410e-17 6.625080e-17 2.210830e-15 1.160780e-16 1.747710e-15 9.134180e-16 1.579620e-15 1.099520e-14 3.541780e-38 2.053260e-15)
    (4.071860e-17 3.171980e-16 2.854040e-15 1.454100e-16 4.514330e-15 9.359250e-16 1.690700e-15 1.529170e-14 2.320440e-38 4.937100e-15)
    (5.586880e-17 7.506330e-16 3.212940e-15 1.622780e-16 8.163440e-15 9.241230e-16 1.690080e-15 1.888090e-14 1.718660e-38 8.893340e-15)
    (6.776400e-17 1.350760e-15 3.379650e-15 1.712310e-16 1.254930e-14 9.007470e-16 1.643980e-15 2.201380e-14 1.343840e-38 1.383500e-14)
    (7.649590e-17 2.082500e-15 3.422970e-15 1.751100e-16 1.744850e-14 8.746580e-16 1.580980e-15 2.478760e-14 1.083820e-38 1.954040e-14)
    (8.251490e-17 2.908280e-15 3.387450e-15 1.756200e-16 2.266630e-14 8.495250e-16 1.512650e-15 2.725380e-14 8.935210e-39 2.578100e-14)
    (8.628270e-17 3.790030e-15 3.302690e-15 1.739010e-16 2.801270e-14 8.272480e-16 1.445090e-15 2.943410e-14 7.500800e-39 3.231860e-14)
    (8.829300e-17 4.698230e-15 3.191470e-15 1.708230e-16 3.335620e-14 8.084960e-16 1.381090e-15 3.136480e-14 6.385980e-39 3.897330e-14)
    (8.901110e-17 5.614520e-15 3.064470e-15 1.668470e-16 3.862750e-14 7.932560e-16 1.321320e-15 3.307870e-14 5.505480e-39 4.563930e-14)
    (8.880010e-17 6.518970e-15 2.932040e-15 1.623870e-16 4.374570e-14 7.813150e-16 1.266060e-15 3.460160e-14 4.797410e-39 5.219310e-14)
    (8.788640e-17 7.411500e-15 2.797640e-15 1.576240e-16 4.872930e-14 7.723190e-16 1.214830e-15 3.596990e-14 4.213990e-39 5.864570e-14)
    (8.646240e-17 8.268420e-15 2.667240e-15 1.528020e-16 5.346260e-14 7.662460e-16 1.168550e-15 3.717500e-14 3.737890e-39 6.483560e-14)
    (8.465910e-17 9.103790e-15 2.540080e-15 1.479370e-16 5.803740e-14 7.624690e-16 1.125630e-15 3.826450e-14 3.335770e-39 7.086960e-14)
    (8.263140e-17 9.907870e-15 2.418110e-15 1.431280e-16 6.241280e-14 7.607960e-16 1.085990e-15 3.924310e-14 2.995520e-39 7.668460e-14)
    (8.042240e-17 1.068290e-14 2.301810e-15 1.384110e-16 6.660640e-14 7.609730e-16 1.049410e-15 4.012630e-14 2.703530e-39 8.229750e-14)
    (7.815000e-17 1.141760e-14 2.193010e-15 1.338820e-16 7.056530e-14 7.628470e-16 1.015900e-15 4.091130e-14 2.454230e-39 8.763170e-14)
    (7.580170e-17 1.212720e-14 2.088990e-15 1.294540e-16 7.437700e-14 7.660860e-16 9.844260e-16 4.162660e-14 2.235250e-39 9.279680e-14)
    (7.344580e-17 1.280030e-14 1.991880e-15 1.252100e-16 7.798210e-14 7.707080e-16 9.554650e-16 4.226150e-14 2.046490e-39 9.771150e-14)
    (7.107280e-17 1.344890e-14 1.899220e-15 1.210860e-16 8.144850e-14 7.763690e-16 9.282250e-16 4.283920e-14 1.878030e-39 1.024600e-13)
    (6.875940e-17 1.406240e-14 1.812950e-15 1.171580e-16 8.472530e-14 7.831260e-16 9.028870e-16 4.335040e-14 1.730330e-39 1.069730e-13)
    (6.646990e-17 1.464970e-14 1.731100e-15 1.133680e-16 8.785870e-14 7.906840e-16 8.789940e-16 4.381040e-14 1.597500e-39 1.113060e-13)
    (6.420190e-17 1.521710e-14 1.652710e-15 1.096740e-16 9.088510e-14 7.990950e-16 8.562210e-16 4.422570e-14 1.477490e-39 1.155100e-13)
    (6.201950e-17 1.574670e-14 1.580900e-15 1.061950e-16 9.370780e-14 8.083530e-16 8.354180e-16 4.457790e-14 1.372300e-39 1.194530e-13)
    (5.988550e-17 1.625650e-14 1.512080e-15 1.028230e-16 9.642740e-14 8.181790e-16 8.153710e-16 4.489380e-14 1.277000e-39 1.232650e-13)
    (5.781320e-17 1.674200e-14 1.447090e-15 9.958410e-17 9.901900e-14 8.286210e-16 7.963920e-16 4.516710e-14 1.190750e-39 1.269130e-13)
    (5.580460e-17 1.720420e-14 1.385700e-15 9.647180e-17 1.014880e-13 8.396260e-16 7.783870e-16 4.540040e-14 1.112420e-39 1.304020e-13)
    (5.386570e-17 1.764300e-14 1.327780e-15 9.348570e-17 1.038360e-13 8.511610e-16 7.612950e-16 4.559460e-14 1.041140e-39 1.337340e-13)
    (5.198550e-17 1.806120e-14 1.272860e-15 9.060950e-17 1.060770e-13 8.631640e-16 7.449930e-16 4.575370e-14 9.759340e-40 1.369260e-13)
    (5.016920e-17 1.845880e-14 1.220850e-15 8.784340e-17 1.082100e-13 8.756090e-16 7.294400e-16 4.587850e-14 9.161960e-40 1.399770e-13)
);

