/*--------------------------------*- C++ -*----------------------------------*\
  =========                 |
  \\      /  F ield         | OpenFOAM: The Open Source CFD Toolbox
   \\    /   O peration     | Website:  https://openfoam.org
    \\  /    A nd           | Version:  7
     \\/     M anipulation  |
\*---------------------------------------------------------------------------*/
FoamFile
{
    version     2.0;
    format      ascii;
    class       faceList;
    location    "constant/polyMesh";
    object      faces;
}
// * * * * * * * * * * * * * * * * * * * * * * * * * * * * * * * * * * * * * //


3260
(
4(1 22 463 442)
4(21 462 463 22)
4(2 23 464 443)
4(22 463 464 23)
4(3 24 465 444)
4(23 464 465 24)
4(4 25 466 445)
4(24 465 466 25)
4(5 26 467 446)
4(25 466 467 26)
4(6 27 468 447)
4(26 467 468 27)
4(7 28 469 448)
4(27 468 469 28)
4(8 29 470 449)
4(28 469 470 29)
4(9 30 471 450)
4(29 470 471 30)
4(10 31 472 451)
4(30 471 472 31)
4(11 32 473 452)
4(31 472 473 32)
4(12 33 474 453)
4(32 473 474 33)
4(13 34 475 454)
4(33 474 475 34)
4(14 35 476 455)
4(34 475 476 35)
4(15 36 477 456)
4(35 476 477 36)
4(16 37 478 457)
4(36 477 478 37)
4(17 38 479 458)
4(37 478 479 38)
4(18 39 480 459)
4(38 479 480 39)
4(19 40 481 460)
4(39 480 481 40)
4(40 481 482 41)
4(20 41 482 461)
4(22 43 484 463)
4(42 483 484 43)
4(23 44 485 464)
4(43 484 485 44)
4(24 45 486 465)
4(44 485 486 45)
4(25 46 487 466)
4(45 486 487 46)
4(26 47 488 467)
4(46 487 488 47)
4(27 48 489 468)
4(47 488 489 48)
4(28 49 490 469)
4(48 489 490 49)
4(29 50 491 470)
4(49 490 491 50)
4(30 51 492 471)
4(50 491 492 51)
4(31 52 493 472)
4(51 492 493 52)
4(32 53 494 473)
4(52 493 494 53)
4(33 54 495 474)
4(53 494 495 54)
4(34 55 496 475)
4(54 495 496 55)
4(35 56 497 476)
4(55 496 497 56)
4(36 57 498 477)
4(56 497 498 57)
4(37 58 499 478)
4(57 498 499 58)
4(38 59 500 479)
4(58 499 500 59)
4(39 60 501 480)
4(59 500 501 60)
4(40 61 502 481)
4(60 501 502 61)
4(61 502 503 62)
4(41 62 503 482)
4(43 64 505 484)
4(63 504 505 64)
4(44 65 506 485)
4(64 505 506 65)
4(45 66 507 486)
4(65 506 507 66)
4(46 67 508 487)
4(66 507 508 67)
4(47 68 509 488)
4(67 508 509 68)
4(48 69 510 489)
4(68 509 510 69)
4(49 70 511 490)
4(69 510 511 70)
4(50 71 512 491)
4(70 511 512 71)
4(51 72 513 492)
4(71 512 513 72)
4(52 73 514 493)
4(72 513 514 73)
4(53 74 515 494)
4(73 514 515 74)
4(54 75 516 495)
4(74 515 516 75)
4(55 76 517 496)
4(75 516 517 76)
4(56 77 518 497)
4(76 517 518 77)
4(57 78 519 498)
4(77 518 519 78)
4(58 79 520 499)
4(78 519 520 79)
4(59 80 521 500)
4(79 520 521 80)
4(60 81 522 501)
4(80 521 522 81)
4(61 82 523 502)
4(81 522 523 82)
4(82 523 524 83)
4(62 83 524 503)
4(64 85 526 505)
4(84 525 526 85)
4(65 86 527 506)
4(85 526 527 86)
4(66 87 528 507)
4(86 527 528 87)
4(67 88 529 508)
4(87 528 529 88)
4(68 89 530 509)
4(88 529 530 89)
4(69 90 531 510)
4(89 530 531 90)
4(70 91 532 511)
4(90 531 532 91)
4(71 92 533 512)
4(91 532 533 92)
4(72 93 534 513)
4(92 533 534 93)
4(73 94 535 514)
4(93 534 535 94)
4(74 95 536 515)
4(94 535 536 95)
4(75 96 537 516)
4(95 536 537 96)
4(76 97 538 517)
4(96 537 538 97)
4(77 98 539 518)
4(97 538 539 98)
4(78 99 540 519)
4(98 539 540 99)
4(79 100 541 520)
4(99 540 541 100)
4(80 101 542 521)
4(100 541 542 101)
4(81 102 543 522)
4(101 542 543 102)
4(82 103 544 523)
4(102 543 544 103)
4(103 544 545 104)
4(83 104 545 524)
4(85 106 547 526)
4(105 546 547 106)
4(86 107 548 527)
4(106 547 548 107)
4(87 108 549 528)
4(107 548 549 108)
4(88 109 550 529)
4(108 549 550 109)
4(89 110 551 530)
4(109 550 551 110)
4(90 111 552 531)
4(110 551 552 111)
4(91 112 553 532)
4(111 552 553 112)
4(92 113 554 533)
4(112 553 554 113)
4(93 114 555 534)
4(113 554 555 114)
4(94 115 556 535)
4(114 555 556 115)
4(95 116 557 536)
4(115 556 557 116)
4(96 117 558 537)
4(116 557 558 117)
4(97 118 559 538)
4(117 558 559 118)
4(98 119 560 539)
4(118 559 560 119)
4(99 120 561 540)
4(119 560 561 120)
4(100 121 562 541)
4(120 561 562 121)
4(101 122 563 542)
4(121 562 563 122)
4(102 123 564 543)
4(122 563 564 123)
4(103 124 565 544)
4(123 564 565 124)
4(124 565 566 125)
4(104 125 566 545)
4(106 127 568 547)
4(126 567 568 127)
4(107 128 569 548)
4(127 568 569 128)
4(108 129 570 549)
4(128 569 570 129)
4(109 130 571 550)
4(129 570 571 130)
4(110 131 572 551)
4(130 571 572 131)
4(111 132 573 552)
4(131 572 573 132)
4(112 133 574 553)
4(132 573 574 133)
4(113 134 575 554)
4(133 574 575 134)
4(114 135 576 555)
4(134 575 576 135)
4(115 136 577 556)
4(135 576 577 136)
4(116 137 578 557)
4(136 577 578 137)
4(117 138 579 558)
4(137 578 579 138)
4(118 139 580 559)
4(138 579 580 139)
4(119 140 581 560)
4(139 580 581 140)
4(120 141 582 561)
4(140 581 582 141)
4(121 142 583 562)
4(141 582 583 142)
4(122 143 584 563)
4(142 583 584 143)
4(123 144 585 564)
4(143 584 585 144)
4(124 145 586 565)
4(144 585 586 145)
4(145 586 587 146)
4(125 146 587 566)
4(127 148 589 568)
4(147 588 589 148)
4(128 149 590 569)
4(148 589 590 149)
4(129 150 591 570)
4(149 590 591 150)
4(130 151 592 571)
4(150 591 592 151)
4(131 152 593 572)
4(151 592 593 152)
4(132 153 594 573)
4(152 593 594 153)
4(133 154 595 574)
4(153 594 595 154)
4(134 155 596 575)
4(154 595 596 155)
4(135 156 597 576)
4(155 596 597 156)
4(136 157 598 577)
4(156 597 598 157)
4(137 158 599 578)
4(157 598 599 158)
4(138 159 600 579)
4(158 599 600 159)
4(139 160 601 580)
4(159 600 601 160)
4(140 161 602 581)
4(160 601 602 161)
4(141 162 603 582)
4(161 602 603 162)
4(142 163 604 583)
4(162 603 604 163)
4(143 164 605 584)
4(163 604 605 164)
4(144 165 606 585)
4(164 605 606 165)
4(145 166 607 586)
4(165 606 607 166)
4(166 607 608 167)
4(146 167 608 587)
4(148 169 610 589)
4(168 609 610 169)
4(149 170 611 590)
4(169 610 611 170)
4(150 171 612 591)
4(170 611 612 171)
4(151 172 613 592)
4(171 612 613 172)
4(152 173 614 593)
4(172 613 614 173)
4(153 174 615 594)
4(173 614 615 174)
4(154 175 616 595)
4(174 615 616 175)
4(155 176 617 596)
4(175 616 617 176)
4(156 177 618 597)
4(176 617 618 177)
4(157 178 619 598)
4(177 618 619 178)
4(158 179 620 599)
4(178 619 620 179)
4(159 180 621 600)
4(179 620 621 180)
4(160 181 622 601)
4(180 621 622 181)
4(161 182 623 602)
4(181 622 623 182)
4(162 183 624 603)
4(182 623 624 183)
4(163 184 625 604)
4(183 624 625 184)
4(164 185 626 605)
4(184 625 626 185)
4(165 186 627 606)
4(185 626 627 186)
4(166 187 628 607)
4(186 627 628 187)
4(187 628 629 188)
4(167 188 629 608)
4(169 190 631 610)
4(189 630 631 190)
4(170 191 632 611)
4(190 631 632 191)
4(171 192 633 612)
4(191 632 633 192)
4(172 193 634 613)
4(192 633 634 193)
4(173 194 635 614)
4(193 634 635 194)
4(174 195 636 615)
4(194 635 636 195)
4(175 196 637 616)
4(195 636 637 196)
4(176 197 638 617)
4(196 637 638 197)
4(177 198 639 618)
4(197 638 639 198)
4(178 199 640 619)
4(198 639 640 199)
4(179 200 641 620)
4(199 640 641 200)
4(180 201 642 621)
4(200 641 642 201)
4(181 202 643 622)
4(201 642 643 202)
4(182 203 644 623)
4(202 643 644 203)
4(183 204 645 624)
4(203 644 645 204)
4(184 205 646 625)
4(204 645 646 205)
4(185 206 647 626)
4(205 646 647 206)
4(186 207 648 627)
4(206 647 648 207)
4(187 208 649 628)
4(207 648 649 208)
4(208 649 650 209)
4(188 209 650 629)
4(190 211 652 631)
4(210 651 652 211)
4(191 212 653 632)
4(211 652 653 212)
4(192 213 654 633)
4(212 653 654 213)
4(193 214 655 634)
4(213 654 655 214)
4(194 215 656 635)
4(214 655 656 215)
4(195 216 657 636)
4(215 656 657 216)
4(196 217 658 637)
4(216 657 658 217)
4(197 218 659 638)
4(217 658 659 218)
4(198 219 660 639)
4(218 659 660 219)
4(199 220 661 640)
4(219 660 661 220)
4(200 221 662 641)
4(220 661 662 221)
4(201 222 663 642)
4(221 662 663 222)
4(202 223 664 643)
4(222 663 664 223)
4(203 224 665 644)
4(223 664 665 224)
4(204 225 666 645)
4(224 665 666 225)
4(205 226 667 646)
4(225 666 667 226)
4(206 227 668 647)
4(226 667 668 227)
4(207 228 669 648)
4(227 668 669 228)
4(208 229 670 649)
4(228 669 670 229)
4(229 670 671 230)
4(209 230 671 650)
4(211 232 673 652)
4(231 672 673 232)
4(212 233 674 653)
4(232 673 674 233)
4(213 234 675 654)
4(233 674 675 234)
4(214 235 676 655)
4(234 675 676 235)
4(215 236 677 656)
4(235 676 677 236)
4(216 237 678 657)
4(236 677 678 237)
4(217 238 679 658)
4(237 678 679 238)
4(218 239 680 659)
4(238 679 680 239)
4(219 240 681 660)
4(239 680 681 240)
4(220 241 682 661)
4(240 681 682 241)
4(221 242 683 662)
4(241 682 683 242)
4(222 243 684 663)
4(242 683 684 243)
4(223 244 685 664)
4(243 684 685 244)
4(224 245 686 665)
4(244 685 686 245)
4(225 246 687 666)
4(245 686 687 246)
4(226 247 688 667)
4(246 687 688 247)
4(227 248 689 668)
4(247 688 689 248)
4(228 249 690 669)
4(248 689 690 249)
4(229 250 691 670)
4(249 690 691 250)
4(250 691 692 251)
4(230 251 692 671)
4(232 253 694 673)
4(252 693 694 253)
4(233 254 695 674)
4(253 694 695 254)
4(234 255 696 675)
4(254 695 696 255)
4(235 256 697 676)
4(255 696 697 256)
4(236 257 698 677)
4(256 697 698 257)
4(237 258 699 678)
4(257 698 699 258)
4(238 259 700 679)
4(258 699 700 259)
4(239 260 701 680)
4(259 700 701 260)
4(240 261 702 681)
4(260 701 702 261)
4(241 262 703 682)
4(261 702 703 262)
4(242 263 704 683)
4(262 703 704 263)
4(243 264 705 684)
4(263 704 705 264)
4(244 265 706 685)
4(264 705 706 265)
4(245 266 707 686)
4(265 706 707 266)
4(246 267 708 687)
4(266 707 708 267)
4(247 268 709 688)
4(267 708 709 268)
4(248 269 710 689)
4(268 709 710 269)
4(249 270 711 690)
4(269 710 711 270)
4(250 271 712 691)
4(270 711 712 271)
4(271 712 713 272)
4(251 272 713 692)
4(253 274 715 694)
4(273 714 715 274)
4(254 275 716 695)
4(274 715 716 275)
4(255 276 717 696)
4(275 716 717 276)
4(256 277 718 697)
4(276 717 718 277)
4(257 278 719 698)
4(277 718 719 278)
4(258 279 720 699)
4(278 719 720 279)
4(259 280 721 700)
4(279 720 721 280)
4(260 281 722 701)
4(280 721 722 281)
4(261 282 723 702)
4(281 722 723 282)
4(262 283 724 703)
4(282 723 724 283)
4(263 284 725 704)
4(283 724 725 284)
4(264 285 726 705)
4(284 725 726 285)
4(265 286 727 706)
4(285 726 727 286)
4(266 287 728 707)
4(286 727 728 287)
4(267 288 729 708)
4(287 728 729 288)
4(268 289 730 709)
4(288 729 730 289)
4(269 290 731 710)
4(289 730 731 290)
4(270 291 732 711)
4(290 731 732 291)
4(271 292 733 712)
4(291 732 733 292)
4(292 733 734 293)
4(272 293 734 713)
4(274 295 736 715)
4(294 735 736 295)
4(275 296 737 716)
4(295 736 737 296)
4(276 297 738 717)
4(296 737 738 297)
4(277 298 739 718)
4(297 738 739 298)
4(278 299 740 719)
4(298 739 740 299)
4(279 300 741 720)
4(299 740 741 300)
4(280 301 742 721)
4(300 741 742 301)
4(281 302 743 722)
4(301 742 743 302)
4(282 303 744 723)
4(302 743 744 303)
4(283 304 745 724)
4(303 744 745 304)
4(284 305 746 725)
4(304 745 746 305)
4(285 306 747 726)
4(305 746 747 306)
4(286 307 748 727)
4(306 747 748 307)
4(287 308 749 728)
4(307 748 749 308)
4(288 309 750 729)
4(308 749 750 309)
4(289 310 751 730)
4(309 750 751 310)
4(290 311 752 731)
4(310 751 752 311)
4(291 312 753 732)
4(311 752 753 312)
4(292 313 754 733)
4(312 753 754 313)
4(313 754 755 314)
4(293 314 755 734)
4(295 316 757 736)
4(315 756 757 316)
4(296 317 758 737)
4(316 757 758 317)
4(297 318 759 738)
4(317 758 759 318)
4(298 319 760 739)
4(318 759 760 319)
4(299 320 761 740)
4(319 760 761 320)
4(300 321 762 741)
4(320 761 762 321)
4(301 322 763 742)
4(321 762 763 322)
4(302 323 764 743)
4(322 763 764 323)
4(303 324 765 744)
4(323 764 765 324)
4(304 325 766 745)
4(324 765 766 325)
4(305 326 767 746)
4(325 766 767 326)
4(306 327 768 747)
4(326 767 768 327)
4(307 328 769 748)
4(327 768 769 328)
4(308 329 770 749)
4(328 769 770 329)
4(309 330 771 750)
4(329 770 771 330)
4(310 331 772 751)
4(330 771 772 331)
4(311 332 773 752)
4(331 772 773 332)
4(312 333 774 753)
4(332 773 774 333)
4(313 334 775 754)
4(333 774 775 334)
4(334 775 776 335)
4(314 335 776 755)
4(316 337 778 757)
4(336 777 778 337)
4(317 338 779 758)
4(337 778 779 338)
4(318 339 780 759)
4(338 779 780 339)
4(319 340 781 760)
4(339 780 781 340)
4(320 341 782 761)
4(340 781 782 341)
4(321 342 783 762)
4(341 782 783 342)
4(322 343 784 763)
4(342 783 784 343)
4(323 344 785 764)
4(343 784 785 344)
4(324 345 786 765)
4(344 785 786 345)
4(325 346 787 766)
4(345 786 787 346)
4(326 347 788 767)
4(346 787 788 347)
4(327 348 789 768)
4(347 788 789 348)
4(328 349 790 769)
4(348 789 790 349)
4(329 350 791 770)
4(349 790 791 350)
4(330 351 792 771)
4(350 791 792 351)
4(331 352 793 772)
4(351 792 793 352)
4(332 353 794 773)
4(352 793 794 353)
4(333 354 795 774)
4(353 794 795 354)
4(334 355 796 775)
4(354 795 796 355)
4(355 796 797 356)
4(335 356 797 776)
4(337 358 799 778)
4(357 798 799 358)
4(338 359 800 779)
4(358 799 800 359)
4(339 360 801 780)
4(359 800 801 360)
4(340 361 802 781)
4(360 801 802 361)
4(341 362 803 782)
4(361 802 803 362)
4(342 363 804 783)
4(362 803 804 363)
4(343 364 805 784)
4(363 804 805 364)
4(344 365 806 785)
4(364 805 806 365)
4(345 366 807 786)
4(365 806 807 366)
4(346 367 808 787)
4(366 807 808 367)
4(347 368 809 788)
4(367 808 809 368)
4(348 369 810 789)
4(368 809 810 369)
4(349 370 811 790)
4(369 810 811 370)
4(350 371 812 791)
4(370 811 812 371)
4(351 372 813 792)
4(371 812 813 372)
4(352 373 814 793)
4(372 813 814 373)
4(353 374 815 794)
4(373 814 815 374)
4(354 375 816 795)
4(374 815 816 375)
4(355 376 817 796)
4(375 816 817 376)
4(376 817 818 377)
4(356 377 818 797)
4(358 379 820 799)
4(378 819 820 379)
4(359 380 821 800)
4(379 820 821 380)
4(360 381 822 801)
4(380 821 822 381)
4(361 382 823 802)
4(381 822 823 382)
4(362 383 824 803)
4(382 823 824 383)
4(363 384 825 804)
4(383 824 825 384)
4(364 385 826 805)
4(384 825 826 385)
4(365 386 827 806)
4(385 826 827 386)
4(366 387 828 807)
4(386 827 828 387)
4(367 388 829 808)
4(387 828 829 388)
4(368 389 830 809)
4(388 829 830 389)
4(369 390 831 810)
4(389 830 831 390)
4(370 391 832 811)
4(390 831 832 391)
4(371 392 833 812)
4(391 832 833 392)
4(372 393 834 813)
4(392 833 834 393)
4(373 394 835 814)
4(393 834 835 394)
4(374 395 836 815)
4(394 835 836 395)
4(375 396 837 816)
4(395 836 837 396)
4(376 397 838 817)
4(396 837 838 397)
4(397 838 839 398)
4(377 398 839 818)
4(379 400 841 820)
4(399 840 841 400)
4(380 401 842 821)
4(400 841 842 401)
4(381 402 843 822)
4(401 842 843 402)
4(382 403 844 823)
4(402 843 844 403)
4(383 404 845 824)
4(403 844 845 404)
4(384 405 846 825)
4(404 845 846 405)
4(385 406 847 826)
4(405 846 847 406)
4(386 407 848 827)
4(406 847 848 407)
4(387 408 849 828)
4(407 848 849 408)
4(388 409 850 829)
4(408 849 850 409)
4(389 410 851 830)
4(409 850 851 410)
4(390 411 852 831)
4(410 851 852 411)
4(391 412 853 832)
4(411 852 853 412)
4(392 413 854 833)
4(412 853 854 413)
4(393 414 855 834)
4(413 854 855 414)
4(394 415 856 835)
4(414 855 856 415)
4(395 416 857 836)
4(415 856 857 416)
4(396 417 858 837)
4(416 857 858 417)
4(397 418 859 838)
4(417 858 859 418)
4(418 859 860 419)
4(398 419 860 839)
4(400 421 862 841)
4(401 422 863 842)
4(402 423 864 843)
4(403 424 865 844)
4(404 425 866 845)
4(405 426 867 846)
4(406 427 868 847)
4(407 428 869 848)
4(408 429 870 849)
4(409 430 871 850)
4(410 431 872 851)
4(411 432 873 852)
4(412 433 874 853)
4(413 434 875 854)
4(414 435 876 855)
4(415 436 877 856)
4(416 437 878 857)
4(417 438 879 858)
4(418 439 880 859)
4(419 440 881 860)
4(882 902 1322 1302)
4(41 482 1322 902)
4(883 903 1323 1303)
4(902 1322 1323 903)
4(884 904 1324 1304)
4(903 1323 1324 904)
4(885 905 1325 1305)
4(904 1324 1325 905)
4(886 906 1326 1306)
4(905 1325 1326 906)
4(887 907 1327 1307)
4(906 1326 1327 907)
4(888 908 1328 1308)
4(907 1327 1328 908)
4(889 909 1329 1309)
4(908 1328 1329 909)
4(890 910 1330 1310)
4(909 1329 1330 910)
4(891 911 1331 1311)
4(910 1330 1331 911)
4(892 912 1332 1312)
4(911 1331 1332 912)
4(893 913 1333 1313)
4(912 1332 1333 913)
4(894 914 1334 1314)
4(913 1333 1334 914)
4(895 915 1335 1315)
4(914 1334 1335 915)
4(896 916 1336 1316)
4(915 1335 1336 916)
4(897 917 1337 1317)
4(916 1336 1337 917)
4(898 918 1338 1318)
4(917 1337 1338 918)
4(899 919 1339 1319)
4(918 1338 1339 919)
4(900 920 1340 1320)
4(919 1339 1340 920)
4(920 1340 1341 921)
4(902 922 1342 1322)
4(62 503 1342 922)
4(903 923 1343 1323)
4(922 1342 1343 923)
4(904 924 1344 1324)
4(923 1343 1344 924)
4(905 925 1345 1325)
4(924 1344 1345 925)
4(906 926 1346 1326)
4(925 1345 1346 926)
4(907 927 1347 1327)
4(926 1346 1347 927)
4(908 928 1348 1328)
4(927 1347 1348 928)
4(909 929 1349 1329)
4(928 1348 1349 929)
4(910 930 1350 1330)
4(929 1349 1350 930)
4(911 931 1351 1331)
4(930 1350 1351 931)
4(912 932 1352 1332)
4(931 1351 1352 932)
4(913 933 1353 1333)
4(932 1352 1353 933)
4(914 934 1354 1334)
4(933 1353 1354 934)
4(915 935 1355 1335)
4(934 1354 1355 935)
4(916 936 1356 1336)
4(935 1355 1356 936)
4(917 937 1357 1337)
4(936 1356 1357 937)
4(918 938 1358 1338)
4(937 1357 1358 938)
4(919 939 1359 1339)
4(938 1358 1359 939)
4(920 940 1360 1340)
4(939 1359 1360 940)
4(940 1360 1361 941)
4(922 942 1362 1342)
4(83 524 1362 942)
4(923 943 1363 1343)
4(942 1362 1363 943)
4(924 944 1364 1344)
4(943 1363 1364 944)
4(925 945 1365 1345)
4(944 1364 1365 945)
4(926 946 1366 1346)
4(945 1365 1366 946)
4(927 947 1367 1347)
4(946 1366 1367 947)
4(928 948 1368 1348)
4(947 1367 1368 948)
4(929 949 1369 1349)
4(948 1368 1369 949)
4(930 950 1370 1350)
4(949 1369 1370 950)
4(931 951 1371 1351)
4(950 1370 1371 951)
4(932 952 1372 1352)
4(951 1371 1372 952)
4(933 953 1373 1353)
4(952 1372 1373 953)
4(934 954 1374 1354)
4(953 1373 1374 954)
4(935 955 1375 1355)
4(954 1374 1375 955)
4(936 956 1376 1356)
4(955 1375 1376 956)
4(937 957 1377 1357)
4(956 1376 1377 957)
4(938 958 1378 1358)
4(957 1377 1378 958)
4(939 959 1379 1359)
4(958 1378 1379 959)
4(940 960 1380 1360)
4(959 1379 1380 960)
4(960 1380 1381 961)
4(942 962 1382 1362)
4(104 545 1382 962)
4(943 963 1383 1363)
4(962 1382 1383 963)
4(944 964 1384 1364)
4(963 1383 1384 964)
4(945 965 1385 1365)
4(964 1384 1385 965)
4(946 966 1386 1366)
4(965 1385 1386 966)
4(947 967 1387 1367)
4(966 1386 1387 967)
4(948 968 1388 1368)
4(967 1387 1388 968)
4(949 969 1389 1369)
4(968 1388 1389 969)
4(950 970 1390 1370)
4(969 1389 1390 970)
4(951 971 1391 1371)
4(970 1390 1391 971)
4(952 972 1392 1372)
4(971 1391 1392 972)
4(953 973 1393 1373)
4(972 1392 1393 973)
4(954 974 1394 1374)
4(973 1393 1394 974)
4(955 975 1395 1375)
4(974 1394 1395 975)
4(956 976 1396 1376)
4(975 1395 1396 976)
4(957 977 1397 1377)
4(976 1396 1397 977)
4(958 978 1398 1378)
4(977 1397 1398 978)
4(959 979 1399 1379)
4(978 1398 1399 979)
4(960 980 1400 1380)
4(979 1399 1400 980)
4(980 1400 1401 981)
4(962 982 1402 1382)
4(125 566 1402 982)
4(963 983 1403 1383)
4(982 1402 1403 983)
4(964 984 1404 1384)
4(983 1403 1404 984)
4(965 985 1405 1385)
4(984 1404 1405 985)
4(966 986 1406 1386)
4(985 1405 1406 986)
4(967 987 1407 1387)
4(986 1406 1407 987)
4(968 988 1408 1388)
4(987 1407 1408 988)
4(969 989 1409 1389)
4(988 1408 1409 989)
4(970 990 1410 1390)
4(989 1409 1410 990)
4(971 991 1411 1391)
4(990 1410 1411 991)
4(972 992 1412 1392)
4(991 1411 1412 992)
4(973 993 1413 1393)
4(992 1412 1413 993)
4(974 994 1414 1394)
4(993 1413 1414 994)
4(975 995 1415 1395)
4(994 1414 1415 995)
4(976 996 1416 1396)
4(995 1415 1416 996)
4(977 997 1417 1397)
4(996 1416 1417 997)
4(978 998 1418 1398)
4(997 1417 1418 998)
4(979 999 1419 1399)
4(998 1418 1419 999)
4(980 1000 1420 1400)
4(999 1419 1420 1000)
4(1000 1420 1421 1001)
4(982 1002 1422 1402)
4(146 587 1422 1002)
4(983 1003 1423 1403)
4(1002 1422 1423 1003)
4(984 1004 1424 1404)
4(1003 1423 1424 1004)
4(985 1005 1425 1405)
4(1004 1424 1425 1005)
4(986 1006 1426 1406)
4(1005 1425 1426 1006)
4(987 1007 1427 1407)
4(1006 1426 1427 1007)
4(988 1008 1428 1408)
4(1007 1427 1428 1008)
4(989 1009 1429 1409)
4(1008 1428 1429 1009)
4(990 1010 1430 1410)
4(1009 1429 1430 1010)
4(991 1011 1431 1411)
4(1010 1430 1431 1011)
4(992 1012 1432 1412)
4(1011 1431 1432 1012)
4(993 1013 1433 1413)
4(1012 1432 1433 1013)
4(994 1014 1434 1414)
4(1013 1433 1434 1014)
4(995 1015 1435 1415)
4(1014 1434 1435 1015)
4(996 1016 1436 1416)
4(1015 1435 1436 1016)
4(997 1017 1437 1417)
4(1016 1436 1437 1017)
4(998 1018 1438 1418)
4(1017 1437 1438 1018)
4(999 1019 1439 1419)
4(1018 1438 1439 1019)
4(1000 1020 1440 1420)
4(1019 1439 1440 1020)
4(1020 1440 1441 1021)
4(1002 1022 1442 1422)
4(167 608 1442 1022)
4(1003 1023 1443 1423)
4(1022 1442 1443 1023)
4(1004 1024 1444 1424)
4(1023 1443 1444 1024)
4(1005 1025 1445 1425)
4(1024 1444 1445 1025)
4(1006 1026 1446 1426)
4(1025 1445 1446 1026)
4(1007 1027 1447 1427)
4(1026 1446 1447 1027)
4(1008 1028 1448 1428)
4(1027 1447 1448 1028)
4(1009 1029 1449 1429)
4(1028 1448 1449 1029)
4(1010 1030 1450 1430)
4(1029 1449 1450 1030)
4(1011 1031 1451 1431)
4(1030 1450 1451 1031)
4(1012 1032 1452 1432)
4(1031 1451 1452 1032)
4(1013 1033 1453 1433)
4(1032 1452 1453 1033)
4(1014 1034 1454 1434)
4(1033 1453 1454 1034)
4(1015 1035 1455 1435)
4(1034 1454 1455 1035)
4(1016 1036 1456 1436)
4(1035 1455 1456 1036)
4(1017 1037 1457 1437)
4(1036 1456 1457 1037)
4(1018 1038 1458 1438)
4(1037 1457 1458 1038)
4(1019 1039 1459 1439)
4(1038 1458 1459 1039)
4(1020 1040 1460 1440)
4(1039 1459 1460 1040)
4(1040 1460 1461 1041)
4(1022 1042 1462 1442)
4(188 629 1462 1042)
4(1023 1043 1463 1443)
4(1042 1462 1463 1043)
4(1024 1044 1464 1444)
4(1043 1463 1464 1044)
4(1025 1045 1465 1445)
4(1044 1464 1465 1045)
4(1026 1046 1466 1446)
4(1045 1465 1466 1046)
4(1027 1047 1467 1447)
4(1046 1466 1467 1047)
4(1028 1048 1468 1448)
4(1047 1467 1468 1048)
4(1029 1049 1469 1449)
4(1048 1468 1469 1049)
4(1030 1050 1470 1450)
4(1049 1469 1470 1050)
4(1031 1051 1471 1451)
4(1050 1470 1471 1051)
4(1032 1052 1472 1452)
4(1051 1471 1472 1052)
4(1033 1053 1473 1453)
4(1052 1472 1473 1053)
4(1034 1054 1474 1454)
4(1053 1473 1474 1054)
4(1035 1055 1475 1455)
4(1054 1474 1475 1055)
4(1036 1056 1476 1456)
4(1055 1475 1476 1056)
4(1037 1057 1477 1457)
4(1056 1476 1477 1057)
4(1038 1058 1478 1458)
4(1057 1477 1478 1058)
4(1039 1059 1479 1459)
4(1058 1478 1479 1059)
4(1040 1060 1480 1460)
4(1059 1479 1480 1060)
4(1060 1480 1481 1061)
4(1042 1062 1482 1462)
4(209 650 1482 1062)
4(1043 1063 1483 1463)
4(1062 1482 1483 1063)
4(1044 1064 1484 1464)
4(1063 1483 1484 1064)
4(1045 1065 1485 1465)
4(1064 1484 1485 1065)
4(1046 1066 1486 1466)
4(1065 1485 1486 1066)
4(1047 1067 1487 1467)
4(1066 1486 1487 1067)
4(1048 1068 1488 1468)
4(1067 1487 1488 1068)
4(1049 1069 1489 1469)
4(1068 1488 1489 1069)
4(1050 1070 1490 1470)
4(1069 1489 1490 1070)
4(1051 1071 1491 1471)
4(1070 1490 1491 1071)
4(1052 1072 1492 1472)
4(1071 1491 1492 1072)
4(1053 1073 1493 1473)
4(1072 1492 1493 1073)
4(1054 1074 1494 1474)
4(1073 1493 1494 1074)
4(1055 1075 1495 1475)
4(1074 1494 1495 1075)
4(1056 1076 1496 1476)
4(1075 1495 1496 1076)
4(1057 1077 1497 1477)
4(1076 1496 1497 1077)
4(1058 1078 1498 1478)
4(1077 1497 1498 1078)
4(1059 1079 1499 1479)
4(1078 1498 1499 1079)
4(1060 1080 1500 1480)
4(1079 1499 1500 1080)
4(1080 1500 1501 1081)
4(1062 1082 1502 1482)
4(230 671 1502 1082)
4(1063 1083 1503 1483)
4(1082 1502 1503 1083)
4(1064 1084 1504 1484)
4(1083 1503 1504 1084)
4(1065 1085 1505 1485)
4(1084 1504 1505 1085)
4(1066 1086 1506 1486)
4(1085 1505 1506 1086)
4(1067 1087 1507 1487)
4(1086 1506 1507 1087)
4(1068 1088 1508 1488)
4(1087 1507 1508 1088)
4(1069 1089 1509 1489)
4(1088 1508 1509 1089)
4(1070 1090 1510 1490)
4(1089 1509 1510 1090)
4(1071 1091 1511 1491)
4(1090 1510 1511 1091)
4(1072 1092 1512 1492)
4(1091 1511 1512 1092)
4(1073 1093 1513 1493)
4(1092 1512 1513 1093)
4(1074 1094 1514 1494)
4(1093 1513 1514 1094)
4(1075 1095 1515 1495)
4(1094 1514 1515 1095)
4(1076 1096 1516 1496)
4(1095 1515 1516 1096)
4(1077 1097 1517 1497)
4(1096 1516 1517 1097)
4(1078 1098 1518 1498)
4(1097 1517 1518 1098)
4(1079 1099 1519 1499)
4(1098 1518 1519 1099)
4(1080 1100 1520 1500)
4(1099 1519 1520 1100)
4(1100 1520 1521 1101)
4(1082 1102 1522 1502)
4(251 692 1522 1102)
4(1083 1103 1523 1503)
4(1102 1522 1523 1103)
4(1084 1104 1524 1504)
4(1103 1523 1524 1104)
4(1085 1105 1525 1505)
4(1104 1524 1525 1105)
4(1086 1106 1526 1506)
4(1105 1525 1526 1106)
4(1087 1107 1527 1507)
4(1106 1526 1527 1107)
4(1088 1108 1528 1508)
4(1107 1527 1528 1108)
4(1089 1109 1529 1509)
4(1108 1528 1529 1109)
4(1090 1110 1530 1510)
4(1109 1529 1530 1110)
4(1091 1111 1531 1511)
4(1110 1530 1531 1111)
4(1092 1112 1532 1512)
4(1111 1531 1532 1112)
4(1093 1113 1533 1513)
4(1112 1532 1533 1113)
4(1094 1114 1534 1514)
4(1113 1533 1534 1114)
4(1095 1115 1535 1515)
4(1114 1534 1535 1115)
4(1096 1116 1536 1516)
4(1115 1535 1536 1116)
4(1097 1117 1537 1517)
4(1116 1536 1537 1117)
4(1098 1118 1538 1518)
4(1117 1537 1538 1118)
4(1099 1119 1539 1519)
4(1118 1538 1539 1119)
4(1100 1120 1540 1520)
4(1119 1539 1540 1120)
4(1120 1540 1541 1121)
4(1102 1122 1542 1522)
4(272 713 1542 1122)
4(1103 1123 1543 1523)
4(1122 1542 1543 1123)
4(1104 1124 1544 1524)
4(1123 1543 1544 1124)
4(1105 1125 1545 1525)
4(1124 1544 1545 1125)
4(1106 1126 1546 1526)
4(1125 1545 1546 1126)
4(1107 1127 1547 1527)
4(1126 1546 1547 1127)
4(1108 1128 1548 1528)
4(1127 1547 1548 1128)
4(1109 1129 1549 1529)
4(1128 1548 1549 1129)
4(1110 1130 1550 1530)
4(1129 1549 1550 1130)
4(1111 1131 1551 1531)
4(1130 1550 1551 1131)
4(1112 1132 1552 1532)
4(1131 1551 1552 1132)
4(1113 1133 1553 1533)
4(1132 1552 1553 1133)
4(1114 1134 1554 1534)
4(1133 1553 1554 1134)
4(1115 1135 1555 1535)
4(1134 1554 1555 1135)
4(1116 1136 1556 1536)
4(1135 1555 1556 1136)
4(1117 1137 1557 1537)
4(1136 1556 1557 1137)
4(1118 1138 1558 1538)
4(1137 1557 1558 1138)
4(1119 1139 1559 1539)
4(1138 1558 1559 1139)
4(1120 1140 1560 1540)
4(1139 1559 1560 1140)
4(1140 1560 1561 1141)
4(1122 1142 1562 1542)
4(293 734 1562 1142)
4(1123 1143 1563 1543)
4(1142 1562 1563 1143)
4(1124 1144 1564 1544)
4(1143 1563 1564 1144)
4(1125 1145 1565 1545)
4(1144 1564 1565 1145)
4(1126 1146 1566 1546)
4(1145 1565 1566 1146)
4(1127 1147 1567 1547)
4(1146 1566 1567 1147)
4(1128 1148 1568 1548)
4(1147 1567 1568 1148)
4(1129 1149 1569 1549)
4(1148 1568 1569 1149)
4(1130 1150 1570 1550)
4(1149 1569 1570 1150)
4(1131 1151 1571 1551)
4(1150 1570 1571 1151)
4(1132 1152 1572 1552)
4(1151 1571 1572 1152)
4(1133 1153 1573 1553)
4(1152 1572 1573 1153)
4(1134 1154 1574 1554)
4(1153 1573 1574 1154)
4(1135 1155 1575 1555)
4(1154 1574 1575 1155)
4(1136 1156 1576 1556)
4(1155 1575 1576 1156)
4(1137 1157 1577 1557)
4(1156 1576 1577 1157)
4(1138 1158 1578 1558)
4(1157 1577 1578 1158)
4(1139 1159 1579 1559)
4(1158 1578 1579 1159)
4(1140 1160 1580 1560)
4(1159 1579 1580 1160)
4(1160 1580 1581 1161)
4(1142 1162 1582 1562)
4(314 755 1582 1162)
4(1143 1163 1583 1563)
4(1162 1582 1583 1163)
4(1144 1164 1584 1564)
4(1163 1583 1584 1164)
4(1145 1165 1585 1565)
4(1164 1584 1585 1165)
4(1146 1166 1586 1566)
4(1165 1585 1586 1166)
4(1147 1167 1587 1567)
4(1166 1586 1587 1167)
4(1148 1168 1588 1568)
4(1167 1587 1588 1168)
4(1149 1169 1589 1569)
4(1168 1588 1589 1169)
4(1150 1170 1590 1570)
4(1169 1589 1590 1170)
4(1151 1171 1591 1571)
4(1170 1590 1591 1171)
4(1152 1172 1592 1572)
4(1171 1591 1592 1172)
4(1153 1173 1593 1573)
4(1172 1592 1593 1173)
4(1154 1174 1594 1574)
4(1173 1593 1594 1174)
4(1155 1175 1595 1575)
4(1174 1594 1595 1175)
4(1156 1176 1596 1576)
4(1175 1595 1596 1176)
4(1157 1177 1597 1577)
4(1176 1596 1597 1177)
4(1158 1178 1598 1578)
4(1177 1597 1598 1178)
4(1159 1179 1599 1579)
4(1178 1598 1599 1179)
4(1160 1180 1600 1580)
4(1179 1599 1600 1180)
4(1180 1600 1601 1181)
4(1162 1182 1602 1582)
4(335 776 1602 1182)
4(1163 1183 1603 1583)
4(1182 1602 1603 1183)
4(1164 1184 1604 1584)
4(1183 1603 1604 1184)
4(1165 1185 1605 1585)
4(1184 1604 1605 1185)
4(1166 1186 1606 1586)
4(1185 1605 1606 1186)
4(1167 1187 1607 1587)
4(1186 1606 1607 1187)
4(1168 1188 1608 1588)
4(1187 1607 1608 1188)
4(1169 1189 1609 1589)
4(1188 1608 1609 1189)
4(1170 1190 1610 1590)
4(1189 1609 1610 1190)
4(1171 1191 1611 1591)
4(1190 1610 1611 1191)
4(1172 1192 1612 1592)
4(1191 1611 1612 1192)
4(1173 1193 1613 1593)
4(1192 1612 1613 1193)
4(1174 1194 1614 1594)
4(1193 1613 1614 1194)
4(1175 1195 1615 1595)
4(1194 1614 1615 1195)
4(1176 1196 1616 1596)
4(1195 1615 1616 1196)
4(1177 1197 1617 1597)
4(1196 1616 1617 1197)
4(1178 1198 1618 1598)
4(1197 1617 1618 1198)
4(1179 1199 1619 1599)
4(1198 1618 1619 1199)
4(1180 1200 1620 1600)
4(1199 1619 1620 1200)
4(1200 1620 1621 1201)
4(1182 1202 1622 1602)
4(356 797 1622 1202)
4(1183 1203 1623 1603)
4(1202 1622 1623 1203)
4(1184 1204 1624 1604)
4(1203 1623 1624 1204)
4(1185 1205 1625 1605)
4(1204 1624 1625 1205)
4(1186 1206 1626 1606)
4(1205 1625 1626 1206)
4(1187 1207 1627 1607)
4(1206 1626 1627 1207)
4(1188 1208 1628 1608)
4(1207 1627 1628 1208)
4(1189 1209 1629 1609)
4(1208 1628 1629 1209)
4(1190 1210 1630 1610)
4(1209 1629 1630 1210)
4(1191 1211 1631 1611)
4(1210 1630 1631 1211)
4(1192 1212 1632 1612)
4(1211 1631 1632 1212)
4(1193 1213 1633 1613)
4(1212 1632 1633 1213)
4(1194 1214 1634 1614)
4(1213 1633 1634 1214)
4(1195 1215 1635 1615)
4(1214 1634 1635 1215)
4(1196 1216 1636 1616)
4(1215 1635 1636 1216)
4(1197 1217 1637 1617)
4(1216 1636 1637 1217)
4(1198 1218 1638 1618)
4(1217 1637 1638 1218)
4(1199 1219 1639 1619)
4(1218 1638 1639 1219)
4(1200 1220 1640 1620)
4(1219 1639 1640 1220)
4(1220 1640 1641 1221)
4(1202 1222 1642 1622)
4(377 818 1642 1222)
4(1203 1223 1643 1623)
4(1222 1642 1643 1223)
4(1204 1224 1644 1624)
4(1223 1643 1644 1224)
4(1205 1225 1645 1625)
4(1224 1644 1645 1225)
4(1206 1226 1646 1626)
4(1225 1645 1646 1226)
4(1207 1227 1647 1627)
4(1226 1646 1647 1227)
4(1208 1228 1648 1628)
4(1227 1647 1648 1228)
4(1209 1229 1649 1629)
4(1228 1648 1649 1229)
4(1210 1230 1650 1630)
4(1229 1649 1650 1230)
4(1211 1231 1651 1631)
4(1230 1650 1651 1231)
4(1212 1232 1652 1632)
4(1231 1651 1652 1232)
4(1213 1233 1653 1633)
4(1232 1652 1653 1233)
4(1214 1234 1654 1634)
4(1233 1653 1654 1234)
4(1215 1235 1655 1635)
4(1234 1654 1655 1235)
4(1216 1236 1656 1636)
4(1235 1655 1656 1236)
4(1217 1237 1657 1637)
4(1236 1656 1657 1237)
4(1218 1238 1658 1638)
4(1237 1657 1658 1238)
4(1219 1239 1659 1639)
4(1238 1658 1659 1239)
4(1220 1240 1660 1640)
4(1239 1659 1660 1240)
4(1240 1660 1661 1241)
4(1222 1242 1662 1642)
4(398 839 1662 1242)
4(1223 1243 1663 1643)
4(1242 1662 1663 1243)
4(1224 1244 1664 1644)
4(1243 1663 1664 1244)
4(1225 1245 1665 1645)
4(1244 1664 1665 1245)
4(1226 1246 1666 1646)
4(1245 1665 1666 1246)
4(1227 1247 1667 1647)
4(1246 1666 1667 1247)
4(1228 1248 1668 1648)
4(1247 1667 1668 1248)
4(1229 1249 1669 1649)
4(1248 1668 1669 1249)
4(1230 1250 1670 1650)
4(1249 1669 1670 1250)
4(1231 1251 1671 1651)
4(1250 1670 1671 1251)
4(1232 1252 1672 1652)
4(1251 1671 1672 1252)
4(1233 1253 1673 1653)
4(1252 1672 1673 1253)
4(1234 1254 1674 1654)
4(1253 1673 1674 1254)
4(1235 1255 1675 1655)
4(1254 1674 1675 1255)
4(1236 1256 1676 1656)
4(1255 1675 1676 1256)
4(1237 1257 1677 1657)
4(1256 1676 1677 1257)
4(1238 1258 1678 1658)
4(1257 1677 1678 1258)
4(1239 1259 1679 1659)
4(1258 1678 1679 1259)
4(1240 1260 1680 1660)
4(1259 1679 1680 1260)
4(1260 1680 1681 1261)
4(1242 1262 1682 1662)
4(419 860 1682 1262)
4(1243 1263 1683 1663)
4(1262 1682 1683 1263)
4(1244 1264 1684 1664)
4(1263 1683 1684 1264)
4(1245 1265 1685 1665)
4(1264 1684 1685 1265)
4(1246 1266 1686 1666)
4(1265 1685 1686 1266)
4(1247 1267 1687 1667)
4(1266 1686 1687 1267)
4(1248 1268 1688 1668)
4(1267 1687 1688 1268)
4(1249 1269 1689 1669)
4(1268 1688 1689 1269)
4(1250 1270 1690 1670)
4(1269 1689 1690 1270)
4(1251 1271 1691 1671)
4(1270 1690 1691 1271)
4(1252 1272 1692 1672)
4(1271 1691 1692 1272)
4(1253 1273 1693 1673)
4(1272 1692 1693 1273)
4(1254 1274 1694 1674)
4(1273 1693 1694 1274)
4(1255 1275 1695 1675)
4(1274 1694 1695 1275)
4(1256 1276 1696 1676)
4(1275 1695 1696 1276)
4(1257 1277 1697 1677)
4(1276 1696 1697 1277)
4(1258 1278 1698 1678)
4(1277 1697 1698 1278)
4(1259 1279 1699 1679)
4(1278 1698 1699 1279)
4(1260 1280 1700 1680)
4(1279 1699 1700 1280)
4(1280 1700 1701 1281)
4(1262 1282 1702 1682)
4(1263 1283 1703 1683)
4(1264 1284 1704 1684)
4(1265 1285 1705 1685)
4(1266 1286 1706 1686)
4(1267 1287 1707 1687)
4(1268 1288 1708 1688)
4(1269 1289 1709 1689)
4(1270 1290 1710 1690)
4(1271 1291 1711 1691)
4(1272 1292 1712 1692)
4(1273 1293 1713 1693)
4(1274 1294 1714 1694)
4(1275 1295 1715 1695)
4(1276 1296 1716 1696)
4(1277 1297 1717 1697)
4(1278 1298 1718 1698)
4(1279 1299 1719 1699)
4(1280 1300 1720 1700)
4(420 861 862 421)
4(421 862 863 422)
4(422 863 864 423)
4(423 864 865 424)
4(424 865 866 425)
4(425 866 867 426)
4(426 867 868 427)
4(427 868 869 428)
4(428 869 870 429)
4(429 870 871 430)
4(430 871 872 431)
4(431 872 873 432)
4(432 873 874 433)
4(433 874 875 434)
4(434 875 876 435)
4(435 876 877 436)
4(436 877 878 437)
4(437 878 879 438)
4(438 879 880 439)
4(439 880 881 440)
4(440 881 1702 1282)
4(1282 1702 1703 1283)
4(1283 1703 1704 1284)
4(1284 1704 1705 1285)
4(1285 1705 1706 1286)
4(1286 1706 1707 1287)
4(1287 1707 1708 1288)
4(1288 1708 1709 1289)
4(1289 1709 1710 1290)
4(1290 1710 1711 1291)
4(1291 1711 1712 1292)
4(1292 1712 1713 1293)
4(1293 1713 1714 1294)
4(1294 1714 1715 1295)
4(1295 1715 1716 1296)
4(1296 1716 1717 1297)
4(1297 1717 1718 1298)
4(1298 1718 1719 1299)
4(1299 1719 1720 1300)
4(1300 1720 1721 1301)
4(0 441 462 21)
4(21 462 483 42)
4(42 483 504 63)
4(63 504 525 84)
4(84 525 546 105)
4(105 546 567 126)
4(126 567 588 147)
4(147 588 609 168)
4(168 609 630 189)
4(189 630 651 210)
4(210 651 672 231)
4(231 672 693 252)
4(252 693 714 273)
4(273 714 735 294)
4(294 735 756 315)
4(315 756 777 336)
4(336 777 798 357)
4(357 798 819 378)
4(378 819 840 399)
4(399 840 861 420)
4(901 921 1341 1321)
4(921 941 1361 1341)
4(941 961 1381 1361)
4(961 981 1401 1381)
4(981 1001 1421 1401)
4(1001 1021 1441 1421)
4(1021 1041 1461 1441)
4(1041 1061 1481 1461)
4(1061 1081 1501 1481)
4(1081 1101 1521 1501)
4(1101 1121 1541 1521)
4(1121 1141 1561 1541)
4(1141 1161 1581 1561)
4(1161 1181 1601 1581)
4(1181 1201 1621 1601)
4(1201 1221 1641 1621)
4(1221 1241 1661 1641)
4(1241 1261 1681 1661)
4(1261 1281 1701 1681)
4(1281 1301 1721 1701)
4(0 1 442 441)
4(1 2 443 442)
4(2 3 444 443)
4(3 4 445 444)
4(4 5 446 445)
4(5 6 447 446)
4(6 7 448 447)
4(7 8 449 448)
4(8 9 450 449)
4(9 10 451 450)
4(10 11 452 451)
4(11 12 453 452)
4(12 13 454 453)
4(13 14 455 454)
4(14 15 456 455)
4(15 16 457 456)
4(16 17 458 457)
4(17 18 459 458)
4(18 19 460 459)
4(19 20 461 460)
4(20 882 1302 461)
4(882 883 1303 1302)
4(883 884 1304 1303)
4(884 885 1305 1304)
4(885 886 1306 1305)
4(886 887 1307 1306)
4(887 888 1308 1307)
4(888 889 1309 1308)
4(889 890 1310 1309)
4(890 891 1311 1310)
4(891 892 1312 1311)
4(892 893 1313 1312)
4(893 894 1314 1313)
4(894 895 1315 1314)
4(895 896 1316 1315)
4(896 897 1317 1316)
4(897 898 1318 1317)
4(898 899 1319 1318)
4(899 900 1320 1319)
4(900 901 1321 1320)
4(0 21 22 1)
4(21 42 43 22)
4(42 63 64 43)
4(63 84 85 64)
4(84 105 106 85)
4(105 126 127 106)
4(126 147 148 127)
4(147 168 169 148)
4(168 189 190 169)
4(189 210 211 190)
4(210 231 232 211)
4(231 252 253 232)
4(252 273 274 253)
4(273 294 295 274)
4(294 315 316 295)
4(315 336 337 316)
4(336 357 358 337)
4(357 378 379 358)
4(378 399 400 379)
4(399 420 421 400)
4(1 22 23 2)
4(22 43 44 23)
4(43 64 65 44)
4(64 85 86 65)
4(85 106 107 86)
4(106 127 128 107)
4(127 148 149 128)
4(148 169 170 149)
4(169 190 191 170)
4(190 211 212 191)
4(211 232 233 212)
4(232 253 254 233)
4(253 274 275 254)
4(274 295 296 275)
4(295 316 317 296)
4(316 337 338 317)
4(337 358 359 338)
4(358 379 380 359)
4(379 400 401 380)
4(400 421 422 401)
4(2 23 24 3)
4(23 44 45 24)
4(44 65 66 45)
4(65 86 87 66)
4(86 107 108 87)
4(107 128 129 108)
4(128 149 150 129)
4(149 170 171 150)
4(170 191 192 171)
4(191 212 213 192)
4(212 233 234 213)
4(233 254 255 234)
4(254 275 276 255)
4(275 296 297 276)
4(296 317 318 297)
4(317 338 339 318)
4(338 359 360 339)
4(359 380 381 360)
4(380 401 402 381)
4(401 422 423 402)
4(3 24 25 4)
4(24 45 46 25)
4(45 66 67 46)
4(66 87 88 67)
4(87 108 109 88)
4(108 129 130 109)
4(129 150 151 130)
4(150 171 172 151)
4(171 192 193 172)
4(192 213 214 193)
4(213 234 235 214)
4(234 255 256 235)
4(255 276 277 256)
4(276 297 298 277)
4(297 318 319 298)
4(318 339 340 319)
4(339 360 361 340)
4(360 381 382 361)
4(381 402 403 382)
4(402 423 424 403)
4(4 25 26 5)
4(25 46 47 26)
4(46 67 68 47)
4(67 88 89 68)
4(88 109 110 89)
4(109 130 131 110)
4(130 151 152 131)
4(151 172 173 152)
4(172 193 194 173)
4(193 214 215 194)
4(214 235 236 215)
4(235 256 257 236)
4(256 277 278 257)
4(277 298 299 278)
4(298 319 320 299)
4(319 340 341 320)
4(340 361 362 341)
4(361 382 383 362)
4(382 403 404 383)
4(403 424 425 404)
4(5 26 27 6)
4(26 47 48 27)
4(47 68 69 48)
4(68 89 90 69)
4(89 110 111 90)
4(110 131 132 111)
4(131 152 153 132)
4(152 173 174 153)
4(173 194 195 174)
4(194 215 216 195)
4(215 236 237 216)
4(236 257 258 237)
4(257 278 279 258)
4(278 299 300 279)
4(299 320 321 300)
4(320 341 342 321)
4(341 362 363 342)
4(362 383 384 363)
4(383 404 405 384)
4(404 425 426 405)
4(6 27 28 7)
4(27 48 49 28)
4(48 69 70 49)
4(69 90 91 70)
4(90 111 112 91)
4(111 132 133 112)
4(132 153 154 133)
4(153 174 175 154)
4(174 195 196 175)
4(195 216 217 196)
4(216 237 238 217)
4(237 258 259 238)
4(258 279 280 259)
4(279 300 301 280)
4(300 321 322 301)
4(321 342 343 322)
4(342 363 364 343)
4(363 384 385 364)
4(384 405 406 385)
4(405 426 427 406)
4(7 28 29 8)
4(28 49 50 29)
4(49 70 71 50)
4(70 91 92 71)
4(91 112 113 92)
4(112 133 134 113)
4(133 154 155 134)
4(154 175 176 155)
4(175 196 197 176)
4(196 217 218 197)
4(217 238 239 218)
4(238 259 260 239)
4(259 280 281 260)
4(280 301 302 281)
4(301 322 323 302)
4(322 343 344 323)
4(343 364 365 344)
4(364 385 386 365)
4(385 406 407 386)
4(406 427 428 407)
4(8 29 30 9)
4(29 50 51 30)
4(50 71 72 51)
4(71 92 93 72)
4(92 113 114 93)
4(113 134 135 114)
4(134 155 156 135)
4(155 176 177 156)
4(176 197 198 177)
4(197 218 219 198)
4(218 239 240 219)
4(239 260 261 240)
4(260 281 282 261)
4(281 302 303 282)
4(302 323 324 303)
4(323 344 345 324)
4(344 365 366 345)
4(365 386 387 366)
4(386 407 408 387)
4(407 428 429 408)
4(9 30 31 10)
4(30 51 52 31)
4(51 72 73 52)
4(72 93 94 73)
4(93 114 115 94)
4(114 135 136 115)
4(135 156 157 136)
4(156 177 178 157)
4(177 198 199 178)
4(198 219 220 199)
4(219 240 241 220)
4(240 261 262 241)
4(261 282 283 262)
4(282 303 304 283)
4(303 324 325 304)
4(324 345 346 325)
4(345 366 367 346)
4(366 387 388 367)
4(387 408 409 388)
4(408 429 430 409)
4(10 31 32 11)
4(31 52 53 32)
4(52 73 74 53)
4(73 94 95 74)
4(94 115 116 95)
4(115 136 137 116)
4(136 157 158 137)
4(157 178 179 158)
4(178 199 200 179)
4(199 220 221 200)
4(220 241 242 221)
4(241 262 263 242)
4(262 283 284 263)
4(283 304 305 284)
4(304 325 326 305)
4(325 346 347 326)
4(346 367 368 347)
4(367 388 389 368)
4(388 409 410 389)
4(409 430 431 410)
4(11 32 33 12)
4(32 53 54 33)
4(53 74 75 54)
4(74 95 96 75)
4(95 116 117 96)
4(116 137 138 117)
4(137 158 159 138)
4(158 179 180 159)
4(179 200 201 180)
4(200 221 222 201)
4(221 242 243 222)
4(242 263 264 243)
4(263 284 285 264)
4(284 305 306 285)
4(305 326 327 306)
4(326 347 348 327)
4(347 368 369 348)
4(368 389 390 369)
4(389 410 411 390)
4(410 431 432 411)
4(12 33 34 13)
4(33 54 55 34)
4(54 75 76 55)
4(75 96 97 76)
4(96 117 118 97)
4(117 138 139 118)
4(138 159 160 139)
4(159 180 181 160)
4(180 201 202 181)
4(201 222 223 202)
4(222 243 244 223)
4(243 264 265 244)
4(264 285 286 265)
4(285 306 307 286)
4(306 327 328 307)
4(327 348 349 328)
4(348 369 370 349)
4(369 390 391 370)
4(390 411 412 391)
4(411 432 433 412)
4(13 34 35 14)
4(34 55 56 35)
4(55 76 77 56)
4(76 97 98 77)
4(97 118 119 98)
4(118 139 140 119)
4(139 160 161 140)
4(160 181 182 161)
4(181 202 203 182)
4(202 223 224 203)
4(223 244 245 224)
4(244 265 266 245)
4(265 286 287 266)
4(286 307 308 287)
4(307 328 329 308)
4(328 349 350 329)
4(349 370 371 350)
4(370 391 392 371)
4(391 412 413 392)
4(412 433 434 413)
4(14 35 36 15)
4(35 56 57 36)
4(56 77 78 57)
4(77 98 99 78)
4(98 119 120 99)
4(119 140 141 120)
4(140 161 162 141)
4(161 182 183 162)
4(182 203 204 183)
4(203 224 225 204)
4(224 245 246 225)
4(245 266 267 246)
4(266 287 288 267)
4(287 308 309 288)
4(308 329 330 309)
4(329 350 351 330)
4(350 371 372 351)
4(371 392 393 372)
4(392 413 414 393)
4(413 434 435 414)
4(15 36 37 16)
4(36 57 58 37)
4(57 78 79 58)
4(78 99 100 79)
4(99 120 121 100)
4(120 141 142 121)
4(141 162 163 142)
4(162 183 184 163)
4(183 204 205 184)
4(204 225 226 205)
4(225 246 247 226)
4(246 267 268 247)
4(267 288 289 268)
4(288 309 310 289)
4(309 330 331 310)
4(330 351 352 331)
4(351 372 373 352)
4(372 393 394 373)
4(393 414 415 394)
4(414 435 436 415)
4(16 37 38 17)
4(37 58 59 38)
4(58 79 80 59)
4(79 100 101 80)
4(100 121 122 101)
4(121 142 143 122)
4(142 163 164 143)
4(163 184 185 164)
4(184 205 206 185)
4(205 226 227 206)
4(226 247 248 227)
4(247 268 269 248)
4(268 289 290 269)
4(289 310 311 290)
4(310 331 332 311)
4(331 352 353 332)
4(352 373 374 353)
4(373 394 395 374)
4(394 415 416 395)
4(415 436 437 416)
4(17 38 39 18)
4(38 59 60 39)
4(59 80 81 60)
4(80 101 102 81)
4(101 122 123 102)
4(122 143 144 123)
4(143 164 165 144)
4(164 185 186 165)
4(185 206 207 186)
4(206 227 228 207)
4(227 248 249 228)
4(248 269 270 249)
4(269 290 291 270)
4(290 311 312 291)
4(311 332 333 312)
4(332 353 354 333)
4(353 374 375 354)
4(374 395 396 375)
4(395 416 417 396)
4(416 437 438 417)
4(18 39 40 19)
4(39 60 61 40)
4(60 81 82 61)
4(81 102 103 82)
4(102 123 124 103)
4(123 144 145 124)
4(144 165 166 145)
4(165 186 187 166)
4(186 207 208 187)
4(207 228 229 208)
4(228 249 250 229)
4(249 270 271 250)
4(270 291 292 271)
4(291 312 313 292)
4(312 333 334 313)
4(333 354 355 334)
4(354 375 376 355)
4(375 396 397 376)
4(396 417 418 397)
4(417 438 439 418)
4(19 40 41 20)
4(40 61 62 41)
4(61 82 83 62)
4(82 103 104 83)
4(103 124 125 104)
4(124 145 146 125)
4(145 166 167 146)
4(166 187 188 167)
4(187 208 209 188)
4(208 229 230 209)
4(229 250 251 230)
4(250 271 272 251)
4(271 292 293 272)
4(292 313 314 293)
4(313 334 335 314)
4(334 355 356 335)
4(355 376 377 356)
4(376 397 398 377)
4(397 418 419 398)
4(418 439 440 419)
4(20 41 902 882)
4(41 62 922 902)
4(62 83 942 922)
4(83 104 962 942)
4(104 125 982 962)
4(125 146 1002 982)
4(146 167 1022 1002)
4(167 188 1042 1022)
4(188 209 1062 1042)
4(209 230 1082 1062)
4(230 251 1102 1082)
4(251 272 1122 1102)
4(272 293 1142 1122)
4(293 314 1162 1142)
4(314 335 1182 1162)
4(335 356 1202 1182)
4(356 377 1222 1202)
4(377 398 1242 1222)
4(398 419 1262 1242)
4(419 440 1282 1262)
4(882 902 903 883)
4(902 922 923 903)
4(922 942 943 923)
4(942 962 963 943)
4(962 982 983 963)
4(982 1002 1003 983)
4(1002 1022 1023 1003)
4(1022 1042 1043 1023)
4(1042 1062 1063 1043)
4(1062 1082 1083 1063)
4(1082 1102 1103 1083)
4(1102 1122 1123 1103)
4(1122 1142 1143 1123)
4(1142 1162 1163 1143)
4(1162 1182 1183 1163)
4(1182 1202 1203 1183)
4(1202 1222 1223 1203)
4(1222 1242 1243 1223)
4(1242 1262 1263 1243)
4(1262 1282 1283 1263)
4(883 903 904 884)
4(903 923 924 904)
4(923 943 944 924)
4(943 963 964 944)
4(963 983 984 964)
4(983 1003 1004 984)
4(1003 1023 1024 1004)
4(1023 1043 1044 1024)
4(1043 1063 1064 1044)
4(1063 1083 1084 1064)
4(1083 1103 1104 1084)
4(1103 1123 1124 1104)
4(1123 1143 1144 1124)
4(1143 1163 1164 1144)
4(1163 1183 1184 1164)
4(1183 1203 1204 1184)
4(1203 1223 1224 1204)
4(1223 1243 1244 1224)
4(1243 1263 1264 1244)
4(1263 1283 1284 1264)
4(884 904 905 885)
4(904 924 925 905)
4(924 944 945 925)
4(944 964 965 945)
4(964 984 985 965)
4(984 1004 1005 985)
4(1004 1024 1025 1005)
4(1024 1044 1045 1025)
4(1044 1064 1065 1045)
4(1064 1084 1085 1065)
4(1084 1104 1105 1085)
4(1104 1124 1125 1105)
4(1124 1144 1145 1125)
4(1144 1164 1165 1145)
4(1164 1184 1185 1165)
4(1184 1204 1205 1185)
4(1204 1224 1225 1205)
4(1224 1244 1245 1225)
4(1244 1264 1265 1245)
4(1264 1284 1285 1265)
4(885 905 906 886)
4(905 925 926 906)
4(925 945 946 926)
4(945 965 966 946)
4(965 985 986 966)
4(985 1005 1006 986)
4(1005 1025 1026 1006)
4(1025 1045 1046 1026)
4(1045 1065 1066 1046)
4(1065 1085 1086 1066)
4(1085 1105 1106 1086)
4(1105 1125 1126 1106)
4(1125 1145 1146 1126)
4(1145 1165 1166 1146)
4(1165 1185 1186 1166)
4(1185 1205 1206 1186)
4(1205 1225 1226 1206)
4(1225 1245 1246 1226)
4(1245 1265 1266 1246)
4(1265 1285 1286 1266)
4(886 906 907 887)
4(906 926 927 907)
4(926 946 947 927)
4(946 966 967 947)
4(966 986 987 967)
4(986 1006 1007 987)
4(1006 1026 1027 1007)
4(1026 1046 1047 1027)
4(1046 1066 1067 1047)
4(1066 1086 1087 1067)
4(1086 1106 1107 1087)
4(1106 1126 1127 1107)
4(1126 1146 1147 1127)
4(1146 1166 1167 1147)
4(1166 1186 1187 1167)
4(1186 1206 1207 1187)
4(1206 1226 1227 1207)
4(1226 1246 1247 1227)
4(1246 1266 1267 1247)
4(1266 1286 1287 1267)
4(887 907 908 888)
4(907 927 928 908)
4(927 947 948 928)
4(947 967 968 948)
4(967 987 988 968)
4(987 1007 1008 988)
4(1007 1027 1028 1008)
4(1027 1047 1048 1028)
4(1047 1067 1068 1048)
4(1067 1087 1088 1068)
4(1087 1107 1108 1088)
4(1107 1127 1128 1108)
4(1127 1147 1148 1128)
4(1147 1167 1168 1148)
4(1167 1187 1188 1168)
4(1187 1207 1208 1188)
4(1207 1227 1228 1208)
4(1227 1247 1248 1228)
4(1247 1267 1268 1248)
4(1267 1287 1288 1268)
4(888 908 909 889)
4(908 928 929 909)
4(928 948 949 929)
4(948 968 969 949)
4(968 988 989 969)
4(988 1008 1009 989)
4(1008 1028 1029 1009)
4(1028 1048 1049 1029)
4(1048 1068 1069 1049)
4(1068 1088 1089 1069)
4(1088 1108 1109 1089)
4(1108 1128 1129 1109)
4(1128 1148 1149 1129)
4(1148 1168 1169 1149)
4(1168 1188 1189 1169)
4(1188 1208 1209 1189)
4(1208 1228 1229 1209)
4(1228 1248 1249 1229)
4(1248 1268 1269 1249)
4(1268 1288 1289 1269)
4(889 909 910 890)
4(909 929 930 910)
4(929 949 950 930)
4(949 969 970 950)
4(969 989 990 970)
4(989 1009 1010 990)
4(1009 1029 1030 1010)
4(1029 1049 1050 1030)
4(1049 1069 1070 1050)
4(1069 1089 1090 1070)
4(1089 1109 1110 1090)
4(1109 1129 1130 1110)
4(1129 1149 1150 1130)
4(1149 1169 1170 1150)
4(1169 1189 1190 1170)
4(1189 1209 1210 1190)
4(1209 1229 1230 1210)
4(1229 1249 1250 1230)
4(1249 1269 1270 1250)
4(1269 1289 1290 1270)
4(890 910 911 891)
4(910 930 931 911)
4(930 950 951 931)
4(950 970 971 951)
4(970 990 991 971)
4(990 1010 1011 991)
4(1010 1030 1031 1011)
4(1030 1050 1051 1031)
4(1050 1070 1071 1051)
4(1070 1090 1091 1071)
4(1090 1110 1111 1091)
4(1110 1130 1131 1111)
4(1130 1150 1151 1131)
4(1150 1170 1171 1151)
4(1170 1190 1191 1171)
4(1190 1210 1211 1191)
4(1210 1230 1231 1211)
4(1230 1250 1251 1231)
4(1250 1270 1271 1251)
4(1270 1290 1291 1271)
4(891 911 912 892)
4(911 931 932 912)
4(931 951 952 932)
4(951 971 972 952)
4(971 991 992 972)
4(991 1011 1012 992)
4(1011 1031 1032 1012)
4(1031 1051 1052 1032)
4(1051 1071 1072 1052)
4(1071 1091 1092 1072)
4(1091 1111 1112 1092)
4(1111 1131 1132 1112)
4(1131 1151 1152 1132)
4(1151 1171 1172 1152)
4(1171 1191 1192 1172)
4(1191 1211 1212 1192)
4(1211 1231 1232 1212)
4(1231 1251 1252 1232)
4(1251 1271 1272 1252)
4(1271 1291 1292 1272)
4(892 912 913 893)
4(912 932 933 913)
4(932 952 953 933)
4(952 972 973 953)
4(972 992 993 973)
4(992 1012 1013 993)
4(1012 1032 1033 1013)
4(1032 1052 1053 1033)
4(1052 1072 1073 1053)
4(1072 1092 1093 1073)
4(1092 1112 1113 1093)
4(1112 1132 1133 1113)
4(1132 1152 1153 1133)
4(1152 1172 1173 1153)
4(1172 1192 1193 1173)
4(1192 1212 1213 1193)
4(1212 1232 1233 1213)
4(1232 1252 1253 1233)
4(1252 1272 1273 1253)
4(1272 1292 1293 1273)
4(893 913 914 894)
4(913 933 934 914)
4(933 953 954 934)
4(953 973 974 954)
4(973 993 994 974)
4(993 1013 1014 994)
4(1013 1033 1034 1014)
4(1033 1053 1054 1034)
4(1053 1073 1074 1054)
4(1073 1093 1094 1074)
4(1093 1113 1114 1094)
4(1113 1133 1134 1114)
4(1133 1153 1154 1134)
4(1153 1173 1174 1154)
4(1173 1193 1194 1174)
4(1193 1213 1214 1194)
4(1213 1233 1234 1214)
4(1233 1253 1254 1234)
4(1253 1273 1274 1254)
4(1273 1293 1294 1274)
4(894 914 915 895)
4(914 934 935 915)
4(934 954 955 935)
4(954 974 975 955)
4(974 994 995 975)
4(994 1014 1015 995)
4(1014 1034 1035 1015)
4(1034 1054 1055 1035)
4(1054 1074 1075 1055)
4(1074 1094 1095 1075)
4(1094 1114 1115 1095)
4(1114 1134 1135 1115)
4(1134 1154 1155 1135)
4(1154 1174 1175 1155)
4(1174 1194 1195 1175)
4(1194 1214 1215 1195)
4(1214 1234 1235 1215)
4(1234 1254 1255 1235)
4(1254 1274 1275 1255)
4(1274 1294 1295 1275)
4(895 915 916 896)
4(915 935 936 916)
4(935 955 956 936)
4(955 975 976 956)
4(975 995 996 976)
4(995 1015 1016 996)
4(1015 1035 1036 1016)
4(1035 1055 1056 1036)
4(1055 1075 1076 1056)
4(1075 1095 1096 1076)
4(1095 1115 1116 1096)
4(1115 1135 1136 1116)
4(1135 1155 1156 1136)
4(1155 1175 1176 1156)
4(1175 1195 1196 1176)
4(1195 1215 1216 1196)
4(1215 1235 1236 1216)
4(1235 1255 1256 1236)
4(1255 1275 1276 1256)
4(1275 1295 1296 1276)
4(896 916 917 897)
4(916 936 937 917)
4(936 956 957 937)
4(956 976 977 957)
4(976 996 997 977)
4(996 1016 1017 997)
4(1016 1036 1037 1017)
4(1036 1056 1057 1037)
4(1056 1076 1077 1057)
4(1076 1096 1097 1077)
4(1096 1116 1117 1097)
4(1116 1136 1137 1117)
4(1136 1156 1157 1137)
4(1156 1176 1177 1157)
4(1176 1196 1197 1177)
4(1196 1216 1217 1197)
4(1216 1236 1237 1217)
4(1236 1256 1257 1237)
4(1256 1276 1277 1257)
4(1276 1296 1297 1277)
4(897 917 918 898)
4(917 937 938 918)
4(937 957 958 938)
4(957 977 978 958)
4(977 997 998 978)
4(997 1017 1018 998)
4(1017 1037 1038 1018)
4(1037 1057 1058 1038)
4(1057 1077 1078 1058)
4(1077 1097 1098 1078)
4(1097 1117 1118 1098)
4(1117 1137 1138 1118)
4(1137 1157 1158 1138)
4(1157 1177 1178 1158)
4(1177 1197 1198 1178)
4(1197 1217 1218 1198)
4(1217 1237 1238 1218)
4(1237 1257 1258 1238)
4(1257 1277 1278 1258)
4(1277 1297 1298 1278)
4(898 918 919 899)
4(918 938 939 919)
4(938 958 959 939)
4(958 978 979 959)
4(978 998 999 979)
4(998 1018 1019 999)
4(1018 1038 1039 1019)
4(1038 1058 1059 1039)
4(1058 1078 1079 1059)
4(1078 1098 1099 1079)
4(1098 1118 1119 1099)
4(1118 1138 1139 1119)
4(1138 1158 1159 1139)
4(1158 1178 1179 1159)
4(1178 1198 1199 1179)
4(1198 1218 1219 1199)
4(1218 1238 1239 1219)
4(1238 1258 1259 1239)
4(1258 1278 1279 1259)
4(1278 1298 1299 1279)
4(899 919 920 900)
4(919 939 940 920)
4(939 959 960 940)
4(959 979 980 960)
4(979 999 1000 980)
4(999 1019 1020 1000)
4(1019 1039 1040 1020)
4(1039 1059 1060 1040)
4(1059 1079 1080 1060)
4(1079 1099 1100 1080)
4(1099 1119 1120 1100)
4(1119 1139 1140 1120)
4(1139 1159 1160 1140)
4(1159 1179 1180 1160)
4(1179 1199 1200 1180)
4(1199 1219 1220 1200)
4(1219 1239 1240 1220)
4(1239 1259 1260 1240)
4(1259 1279 1280 1260)
4(1279 1299 1300 1280)
4(900 920 921 901)
4(920 940 941 921)
4(940 960 961 941)
4(960 980 981 961)
4(980 1000 1001 981)
4(1000 1020 1021 1001)
4(1020 1040 1041 1021)
4(1040 1060 1061 1041)
4(1060 1080 1081 1061)
4(1080 1100 1101 1081)
4(1100 1120 1121 1101)
4(1120 1140 1141 1121)
4(1140 1160 1161 1141)
4(1160 1180 1181 1161)
4(1180 1200 1201 1181)
4(1200 1220 1221 1201)
4(1220 1240 1241 1221)
4(1240 1260 1261 1241)
4(1260 1280 1281 1261)
4(1280 1300 1301 1281)
4(441 442 463 462)
4(462 463 484 483)
4(483 484 505 504)
4(504 505 526 525)
4(525 526 547 546)
4(546 547 568 567)
4(567 568 589 588)
4(588 589 610 609)
4(609 610 631 630)
4(630 631 652 651)
4(651 652 673 672)
4(672 673 694 693)
4(693 694 715 714)
4(714 715 736 735)
4(735 736 757 756)
4(756 757 778 777)
4(777 778 799 798)
4(798 799 820 819)
4(819 820 841 840)
4(840 841 862 861)
4(442 443 464 463)
4(463 464 485 484)
4(484 485 506 505)
4(505 506 527 526)
4(526 527 548 547)
4(547 548 569 568)
4(568 569 590 589)
4(589 590 611 610)
4(610 611 632 631)
4(631 632 653 652)
4(652 653 674 673)
4(673 674 695 694)
4(694 695 716 715)
4(715 716 737 736)
4(736 737 758 757)
4(757 758 779 778)
4(778 779 800 799)
4(799 800 821 820)
4(820 821 842 841)
4(841 842 863 862)
4(443 444 465 464)
4(464 465 486 485)
4(485 486 507 506)
4(506 507 528 527)
4(527 528 549 548)
4(548 549 570 569)
4(569 570 591 590)
4(590 591 612 611)
4(611 612 633 632)
4(632 633 654 653)
4(653 654 675 674)
4(674 675 696 695)
4(695 696 717 716)
4(716 717 738 737)
4(737 738 759 758)
4(758 759 780 779)
4(779 780 801 800)
4(800 801 822 821)
4(821 822 843 842)
4(842 843 864 863)
4(444 445 466 465)
4(465 466 487 486)
4(486 487 508 507)
4(507 508 529 528)
4(528 529 550 549)
4(549 550 571 570)
4(570 571 592 591)
4(591 592 613 612)
4(612 613 634 633)
4(633 634 655 654)
4(654 655 676 675)
4(675 676 697 696)
4(696 697 718 717)
4(717 718 739 738)
4(738 739 760 759)
4(759 760 781 780)
4(780 781 802 801)
4(801 802 823 822)
4(822 823 844 843)
4(843 844 865 864)
4(445 446 467 466)
4(466 467 488 487)
4(487 488 509 508)
4(508 509 530 529)
4(529 530 551 550)
4(550 551 572 571)
4(571 572 593 592)
4(592 593 614 613)
4(613 614 635 634)
4(634 635 656 655)
4(655 656 677 676)
4(676 677 698 697)
4(697 698 719 718)
4(718 719 740 739)
4(739 740 761 760)
4(760 761 782 781)
4(781 782 803 802)
4(802 803 824 823)
4(823 824 845 844)
4(844 845 866 865)
4(446 447 468 467)
4(467 468 489 488)
4(488 489 510 509)
4(509 510 531 530)
4(530 531 552 551)
4(551 552 573 572)
4(572 573 594 593)
4(593 594 615 614)
4(614 615 636 635)
4(635 636 657 656)
4(656 657 678 677)
4(677 678 699 698)
4(698 699 720 719)
4(719 720 741 740)
4(740 741 762 761)
4(761 762 783 782)
4(782 783 804 803)
4(803 804 825 824)
4(824 825 846 845)
4(845 846 867 866)
4(447 448 469 468)
4(468 469 490 489)
4(489 490 511 510)
4(510 511 532 531)
4(531 532 553 552)
4(552 553 574 573)
4(573 574 595 594)
4(594 595 616 615)
4(615 616 637 636)
4(636 637 658 657)
4(657 658 679 678)
4(678 679 700 699)
4(699 700 721 720)
4(720 721 742 741)
4(741 742 763 762)
4(762 763 784 783)
4(783 784 805 804)
4(804 805 826 825)
4(825 826 847 846)
4(846 847 868 867)
4(448 449 470 469)
4(469 470 491 490)
4(490 491 512 511)
4(511 512 533 532)
4(532 533 554 553)
4(553 554 575 574)
4(574 575 596 595)
4(595 596 617 616)
4(616 617 638 637)
4(637 638 659 658)
4(658 659 680 679)
4(679 680 701 700)
4(700 701 722 721)
4(721 722 743 742)
4(742 743 764 763)
4(763 764 785 784)
4(784 785 806 805)
4(805 806 827 826)
4(826 827 848 847)
4(847 848 869 868)
4(449 450 471 470)
4(470 471 492 491)
4(491 492 513 512)
4(512 513 534 533)
4(533 534 555 554)
4(554 555 576 575)
4(575 576 597 596)
4(596 597 618 617)
4(617 618 639 638)
4(638 639 660 659)
4(659 660 681 680)
4(680 681 702 701)
4(701 702 723 722)
4(722 723 744 743)
4(743 744 765 764)
4(764 765 786 785)
4(785 786 807 806)
4(806 807 828 827)
4(827 828 849 848)
4(848 849 870 869)
4(450 451 472 471)
4(471 472 493 492)
4(492 493 514 513)
4(513 514 535 534)
4(534 535 556 555)
4(555 556 577 576)
4(576 577 598 597)
4(597 598 619 618)
4(618 619 640 639)
4(639 640 661 660)
4(660 661 682 681)
4(681 682 703 702)
4(702 703 724 723)
4(723 724 745 744)
4(744 745 766 765)
4(765 766 787 786)
4(786 787 808 807)
4(807 808 829 828)
4(828 829 850 849)
4(849 850 871 870)
4(451 452 473 472)
4(472 473 494 493)
4(493 494 515 514)
4(514 515 536 535)
4(535 536 557 556)
4(556 557 578 577)
4(577 578 599 598)
4(598 599 620 619)
4(619 620 641 640)
4(640 641 662 661)
4(661 662 683 682)
4(682 683 704 703)
4(703 704 725 724)
4(724 725 746 745)
4(745 746 767 766)
4(766 767 788 787)
4(787 788 809 808)
4(808 809 830 829)
4(829 830 851 850)
4(850 851 872 871)
4(452 453 474 473)
4(473 474 495 494)
4(494 495 516 515)
4(515 516 537 536)
4(536 537 558 557)
4(557 558 579 578)
4(578 579 600 599)
4(599 600 621 620)
4(620 621 642 641)
4(641 642 663 662)
4(662 663 684 683)
4(683 684 705 704)
4(704 705 726 725)
4(725 726 747 746)
4(746 747 768 767)
4(767 768 789 788)
4(788 789 810 809)
4(809 810 831 830)
4(830 831 852 851)
4(851 852 873 872)
4(453 454 475 474)
4(474 475 496 495)
4(495 496 517 516)
4(516 517 538 537)
4(537 538 559 558)
4(558 559 580 579)
4(579 580 601 600)
4(600 601 622 621)
4(621 622 643 642)
4(642 643 664 663)
4(663 664 685 684)
4(684 685 706 705)
4(705 706 727 726)
4(726 727 748 747)
4(747 748 769 768)
4(768 769 790 789)
4(789 790 811 810)
4(810 811 832 831)
4(831 832 853 852)
4(852 853 874 873)
4(454 455 476 475)
4(475 476 497 496)
4(496 497 518 517)
4(517 518 539 538)
4(538 539 560 559)
4(559 560 581 580)
4(580 581 602 601)
4(601 602 623 622)
4(622 623 644 643)
4(643 644 665 664)
4(664 665 686 685)
4(685 686 707 706)
4(706 707 728 727)
4(727 728 749 748)
4(748 749 770 769)
4(769 770 791 790)
4(790 791 812 811)
4(811 812 833 832)
4(832 833 854 853)
4(853 854 875 874)
4(455 456 477 476)
4(476 477 498 497)
4(497 498 519 518)
4(518 519 540 539)
4(539 540 561 560)
4(560 561 582 581)
4(581 582 603 602)
4(602 603 624 623)
4(623 624 645 644)
4(644 645 666 665)
4(665 666 687 686)
4(686 687 708 707)
4(707 708 729 728)
4(728 729 750 749)
4(749 750 771 770)
4(770 771 792 791)
4(791 792 813 812)
4(812 813 834 833)
4(833 834 855 854)
4(854 855 876 875)
4(456 457 478 477)
4(477 478 499 498)
4(498 499 520 519)
4(519 520 541 540)
4(540 541 562 561)
4(561 562 583 582)
4(582 583 604 603)
4(603 604 625 624)
4(624 625 646 645)
4(645 646 667 666)
4(666 667 688 687)
4(687 688 709 708)
4(708 709 730 729)
4(729 730 751 750)
4(750 751 772 771)
4(771 772 793 792)
4(792 793 814 813)
4(813 814 835 834)
4(834 835 856 855)
4(855 856 877 876)
4(457 458 479 478)
4(478 479 500 499)
4(499 500 521 520)
4(520 521 542 541)
4(541 542 563 562)
4(562 563 584 583)
4(583 584 605 604)
4(604 605 626 625)
4(625 626 647 646)
4(646 647 668 667)
4(667 668 689 688)
4(688 689 710 709)
4(709 710 731 730)
4(730 731 752 751)
4(751 752 773 772)
4(772 773 794 793)
4(793 794 815 814)
4(814 815 836 835)
4(835 836 857 856)
4(856 857 878 877)
4(458 459 480 479)
4(479 480 501 500)
4(500 501 522 521)
4(521 522 543 542)
4(542 543 564 563)
4(563 564 585 584)
4(584 585 606 605)
4(605 606 627 626)
4(626 627 648 647)
4(647 648 669 668)
4(668 669 690 689)
4(689 690 711 710)
4(710 711 732 731)
4(731 732 753 752)
4(752 753 774 773)
4(773 774 795 794)
4(794 795 816 815)
4(815 816 837 836)
4(836 837 858 857)
4(857 858 879 878)
4(459 460 481 480)
4(480 481 502 501)
4(501 502 523 522)
4(522 523 544 543)
4(543 544 565 564)
4(564 565 586 585)
4(585 586 607 606)
4(606 607 628 627)
4(627 628 649 648)
4(648 649 670 669)
4(669 670 691 690)
4(690 691 712 711)
4(711 712 733 732)
4(732 733 754 753)
4(753 754 775 774)
4(774 775 796 795)
4(795 796 817 816)
4(816 817 838 837)
4(837 838 859 858)
4(858 859 880 879)
4(460 461 482 481)
4(481 482 503 502)
4(502 503 524 523)
4(523 524 545 544)
4(544 545 566 565)
4(565 566 587 586)
4(586 587 608 607)
4(607 608 629 628)
4(628 629 650 649)
4(649 650 671 670)
4(670 671 692 691)
4(691 692 713 712)
4(712 713 734 733)
4(733 734 755 754)
4(754 755 776 775)
4(775 776 797 796)
4(796 797 818 817)
4(817 818 839 838)
4(838 839 860 859)
4(859 860 881 880)
4(461 1302 1322 482)
4(482 1322 1342 503)
4(503 1342 1362 524)
4(524 1362 1382 545)
4(545 1382 1402 566)
4(566 1402 1422 587)
4(587 1422 1442 608)
4(608 1442 1462 629)
4(629 1462 1482 650)
4(650 1482 1502 671)
4(671 1502 1522 692)
4(692 1522 1542 713)
4(713 1542 1562 734)
4(734 1562 1582 755)
4(755 1582 1602 776)
4(776 1602 1622 797)
4(797 1622 1642 818)
4(818 1642 1662 839)
4(839 1662 1682 860)
4(860 1682 1702 881)
4(1302 1303 1323 1322)
4(1322 1323 1343 1342)
4(1342 1343 1363 1362)
4(1362 1363 1383 1382)
4(1382 1383 1403 1402)
4(1402 1403 1423 1422)
4(1422 1423 1443 1442)
4(1442 1443 1463 1462)
4(1462 1463 1483 1482)
4(1482 1483 1503 1502)
4(1502 1503 1523 1522)
4(1522 1523 1543 1542)
4(1542 1543 1563 1562)
4(1562 1563 1583 1582)
4(1582 1583 1603 1602)
4(1602 1603 1623 1622)
4(1622 1623 1643 1642)
4(1642 1643 1663 1662)
4(1662 1663 1683 1682)
4(1682 1683 1703 1702)
4(1303 1304 1324 1323)
4(1323 1324 1344 1343)
4(1343 1344 1364 1363)
4(1363 1364 1384 1383)
4(1383 1384 1404 1403)
4(1403 1404 1424 1423)
4(1423 1424 1444 1443)
4(1443 1444 1464 1463)
4(1463 1464 1484 1483)
4(1483 1484 1504 1503)
4(1503 1504 1524 1523)
4(1523 1524 1544 1543)
4(1543 1544 1564 1563)
4(1563 1564 1584 1583)
4(1583 1584 1604 1603)
4(1603 1604 1624 1623)
4(1623 1624 1644 1643)
4(1643 1644 1664 1663)
4(1663 1664 1684 1683)
4(1683 1684 1704 1703)
4(1304 1305 1325 1324)
4(1324 1325 1345 1344)
4(1344 1345 1365 1364)
4(1364 1365 1385 1384)
4(1384 1385 1405 1404)
4(1404 1405 1425 1424)
4(1424 1425 1445 1444)
4(1444 1445 1465 1464)
4(1464 1465 1485 1484)
4(1484 1485 1505 1504)
4(1504 1505 1525 1524)
4(1524 1525 1545 1544)
4(1544 1545 1565 1564)
4(1564 1565 1585 1584)
4(1584 1585 1605 1604)
4(1604 1605 1625 1624)
4(1624 1625 1645 1644)
4(1644 1645 1665 1664)
4(1664 1665 1685 1684)
4(1684 1685 1705 1704)
4(1305 1306 1326 1325)
4(1325 1326 1346 1345)
4(1345 1346 1366 1365)
4(1365 1366 1386 1385)
4(1385 1386 1406 1405)
4(1405 1406 1426 1425)
4(1425 1426 1446 1445)
4(1445 1446 1466 1465)
4(1465 1466 1486 1485)
4(1485 1486 1506 1505)
4(1505 1506 1526 1525)
4(1525 1526 1546 1545)
4(1545 1546 1566 1565)
4(1565 1566 1586 1585)
4(1585 1586 1606 1605)
4(1605 1606 1626 1625)
4(1625 1626 1646 1645)
4(1645 1646 1666 1665)
4(1665 1666 1686 1685)
4(1685 1686 1706 1705)
4(1306 1307 1327 1326)
4(1326 1327 1347 1346)
4(1346 1347 1367 1366)
4(1366 1367 1387 1386)
4(1386 1387 1407 1406)
4(1406 1407 1427 1426)
4(1426 1427 1447 1446)
4(1446 1447 1467 1466)
4(1466 1467 1487 1486)
4(1486 1487 1507 1506)
4(1506 1507 1527 1526)
4(1526 1527 1547 1546)
4(1546 1547 1567 1566)
4(1566 1567 1587 1586)
4(1586 1587 1607 1606)
4(1606 1607 1627 1626)
4(1626 1627 1647 1646)
4(1646 1647 1667 1666)
4(1666 1667 1687 1686)
4(1686 1687 1707 1706)
4(1307 1308 1328 1327)
4(1327 1328 1348 1347)
4(1347 1348 1368 1367)
4(1367 1368 1388 1387)
4(1387 1388 1408 1407)
4(1407 1408 1428 1427)
4(1427 1428 1448 1447)
4(1447 1448 1468 1467)
4(1467 1468 1488 1487)
4(1487 1488 1508 1507)
4(1507 1508 1528 1527)
4(1527 1528 1548 1547)
4(1547 1548 1568 1567)
4(1567 1568 1588 1587)
4(1587 1588 1608 1607)
4(1607 1608 1628 1627)
4(1627 1628 1648 1647)
4(1647 1648 1668 1667)
4(1667 1668 1688 1687)
4(1687 1688 1708 1707)
4(1308 1309 1329 1328)
4(1328 1329 1349 1348)
4(1348 1349 1369 1368)
4(1368 1369 1389 1388)
4(1388 1389 1409 1408)
4(1408 1409 1429 1428)
4(1428 1429 1449 1448)
4(1448 1449 1469 1468)
4(1468 1469 1489 1488)
4(1488 1489 1509 1508)
4(1508 1509 1529 1528)
4(1528 1529 1549 1548)
4(1548 1549 1569 1568)
4(1568 1569 1589 1588)
4(1588 1589 1609 1608)
4(1608 1609 1629 1628)
4(1628 1629 1649 1648)
4(1648 1649 1669 1668)
4(1668 1669 1689 1688)
4(1688 1689 1709 1708)
4(1309 1310 1330 1329)
4(1329 1330 1350 1349)
4(1349 1350 1370 1369)
4(1369 1370 1390 1389)
4(1389 1390 1410 1409)
4(1409 1410 1430 1429)
4(1429 1430 1450 1449)
4(1449 1450 1470 1469)
4(1469 1470 1490 1489)
4(1489 1490 1510 1509)
4(1509 1510 1530 1529)
4(1529 1530 1550 1549)
4(1549 1550 1570 1569)
4(1569 1570 1590 1589)
4(1589 1590 1610 1609)
4(1609 1610 1630 1629)
4(1629 1630 1650 1649)
4(1649 1650 1670 1669)
4(1669 1670 1690 1689)
4(1689 1690 1710 1709)
4(1310 1311 1331 1330)
4(1330 1331 1351 1350)
4(1350 1351 1371 1370)
4(1370 1371 1391 1390)
4(1390 1391 1411 1410)
4(1410 1411 1431 1430)
4(1430 1431 1451 1450)
4(1450 1451 1471 1470)
4(1470 1471 1491 1490)
4(1490 1491 1511 1510)
4(1510 1511 1531 1530)
4(1530 1531 1551 1550)
4(1550 1551 1571 1570)
4(1570 1571 1591 1590)
4(1590 1591 1611 1610)
4(1610 1611 1631 1630)
4(1630 1631 1651 1650)
4(1650 1651 1671 1670)
4(1670 1671 1691 1690)
4(1690 1691 1711 1710)
4(1311 1312 1332 1331)
4(1331 1332 1352 1351)
4(1351 1352 1372 1371)
4(1371 1372 1392 1391)
4(1391 1392 1412 1411)
4(1411 1412 1432 1431)
4(1431 1432 1452 1451)
4(1451 1452 1472 1471)
4(1471 1472 1492 1491)
4(1491 1492 1512 1511)
4(1511 1512 1532 1531)
4(1531 1532 1552 1551)
4(1551 1552 1572 1571)
4(1571 1572 1592 1591)
4(1591 1592 1612 1611)
4(1611 1612 1632 1631)
4(1631 1632 1652 1651)
4(1651 1652 1672 1671)
4(1671 1672 1692 1691)
4(1691 1692 1712 1711)
4(1312 1313 1333 1332)
4(1332 1333 1353 1352)
4(1352 1353 1373 1372)
4(1372 1373 1393 1392)
4(1392 1393 1413 1412)
4(1412 1413 1433 1432)
4(1432 1433 1453 1452)
4(1452 1453 1473 1472)
4(1472 1473 1493 1492)
4(1492 1493 1513 1512)
4(1512 1513 1533 1532)
4(1532 1533 1553 1552)
4(1552 1553 1573 1572)
4(1572 1573 1593 1592)
4(1592 1593 1613 1612)
4(1612 1613 1633 1632)
4(1632 1633 1653 1652)
4(1652 1653 1673 1672)
4(1672 1673 1693 1692)
4(1692 1693 1713 1712)
4(1313 1314 1334 1333)
4(1333 1334 1354 1353)
4(1353 1354 1374 1373)
4(1373 1374 1394 1393)
4(1393 1394 1414 1413)
4(1413 1414 1434 1433)
4(1433 1434 1454 1453)
4(1453 1454 1474 1473)
4(1473 1474 1494 1493)
4(1493 1494 1514 1513)
4(1513 1514 1534 1533)
4(1533 1534 1554 1553)
4(1553 1554 1574 1573)
4(1573 1574 1594 1593)
4(1593 1594 1614 1613)
4(1613 1614 1634 1633)
4(1633 1634 1654 1653)
4(1653 1654 1674 1673)
4(1673 1674 1694 1693)
4(1693 1694 1714 1713)
4(1314 1315 1335 1334)
4(1334 1335 1355 1354)
4(1354 1355 1375 1374)
4(1374 1375 1395 1394)
4(1394 1395 1415 1414)
4(1414 1415 1435 1434)
4(1434 1435 1455 1454)
4(1454 1455 1475 1474)
4(1474 1475 1495 1494)
4(1494 1495 1515 1514)
4(1514 1515 1535 1534)
4(1534 1535 1555 1554)
4(1554 1555 1575 1574)
4(1574 1575 1595 1594)
4(1594 1595 1615 1614)
4(1614 1615 1635 1634)
4(1634 1635 1655 1654)
4(1654 1655 1675 1674)
4(1674 1675 1695 1694)
4(1694 1695 1715 1714)
4(1315 1316 1336 1335)
4(1335 1336 1356 1355)
4(1355 1356 1376 1375)
4(1375 1376 1396 1395)
4(1395 1396 1416 1415)
4(1415 1416 1436 1435)
4(1435 1436 1456 1455)
4(1455 1456 1476 1475)
4(1475 1476 1496 1495)
4(1495 1496 1516 1515)
4(1515 1516 1536 1535)
4(1535 1536 1556 1555)
4(1555 1556 1576 1575)
4(1575 1576 1596 1595)
4(1595 1596 1616 1615)
4(1615 1616 1636 1635)
4(1635 1636 1656 1655)
4(1655 1656 1676 1675)
4(1675 1676 1696 1695)
4(1695 1696 1716 1715)
4(1316 1317 1337 1336)
4(1336 1337 1357 1356)
4(1356 1357 1377 1376)
4(1376 1377 1397 1396)
4(1396 1397 1417 1416)
4(1416 1417 1437 1436)
4(1436 1437 1457 1456)
4(1456 1457 1477 1476)
4(1476 1477 1497 1496)
4(1496 1497 1517 1516)
4(1516 1517 1537 1536)
4(1536 1537 1557 1556)
4(1556 1557 1577 1576)
4(1576 1577 1597 1596)
4(1596 1597 1617 1616)
4(1616 1617 1637 1636)
4(1636 1637 1657 1656)
4(1656 1657 1677 1676)
4(1676 1677 1697 1696)
4(1696 1697 1717 1716)
4(1317 1318 1338 1337)
4(1337 1338 1358 1357)
4(1357 1358 1378 1377)
4(1377 1378 1398 1397)
4(1397 1398 1418 1417)
4(1417 1418 1438 1437)
4(1437 1438 1458 1457)
4(1457 1458 1478 1477)
4(1477 1478 1498 1497)
4(1497 1498 1518 1517)
4(1517 1518 1538 1537)
4(1537 1538 1558 1557)
4(1557 1558 1578 1577)
4(1577 1578 1598 1597)
4(1597 1598 1618 1617)
4(1617 1618 1638 1637)
4(1637 1638 1658 1657)
4(1657 1658 1678 1677)
4(1677 1678 1698 1697)
4(1697 1698 1718 1717)
4(1318 1319 1339 1338)
4(1338 1339 1359 1358)
4(1358 1359 1379 1378)
4(1378 1379 1399 1398)
4(1398 1399 1419 1418)
4(1418 1419 1439 1438)
4(1438 1439 1459 1458)
4(1458 1459 1479 1478)
4(1478 1479 1499 1498)
4(1498 1499 1519 1518)
4(1518 1519 1539 1538)
4(1538 1539 1559 1558)
4(1558 1559 1579 1578)
4(1578 1579 1599 1598)
4(1598 1599 1619 1618)
4(1618 1619 1639 1638)
4(1638 1639 1659 1658)
4(1658 1659 1679 1678)
4(1678 1679 1699 1698)
4(1698 1699 1719 1718)
4(1319 1320 1340 1339)
4(1339 1340 1360 1359)
4(1359 1360 1380 1379)
4(1379 1380 1400 1399)
4(1399 1400 1420 1419)
4(1419 1420 1440 1439)
4(1439 1440 1460 1459)
4(1459 1460 1480 1479)
4(1479 1480 1500 1499)
4(1499 1500 1520 1519)
4(1519 1520 1540 1539)
4(1539 1540 1560 1559)
4(1559 1560 1580 1579)
4(1579 1580 1600 1599)
4(1599 1600 1620 1619)
4(1619 1620 1640 1639)
4(1639 1640 1660 1659)
4(1659 1660 1680 1679)
4(1679 1680 1700 1699)
4(1699 1700 1720 1719)
4(1320 1321 1341 1340)
4(1340 1341 1361 1360)
4(1360 1361 1381 1380)
4(1380 1381 1401 1400)
4(1400 1401 1421 1420)
4(1420 1421 1441 1440)
4(1440 1441 1461 1460)
4(1460 1461 1481 1480)
4(1480 1481 1501 1500)
4(1500 1501 1521 1520)
4(1520 1521 1541 1540)
4(1540 1541 1561 1560)
4(1560 1561 1581 1580)
4(1580 1581 1601 1600)
4(1600 1601 1621 1620)
4(1620 1621 1641 1640)
4(1640 1641 1661 1660)
4(1660 1661 1681 1680)
4(1680 1681 1701 1700)
4(1700 1701 1721 1720)
)


// ************************************************************************* //
