/*--------------------------------*- C++ -*----------------------------------*\
| =========                 |                                                 |
| \\      /  F ield         | OpenFOAM: The Open Source CFD Toolbox           |
|  \\    /   O peration     | Version:  2406                                  |
|   \\  /    A nd           | Website:  www.openfoam.com                      |
|    \\/     M anipulation  |                                                 |
\*---------------------------------------------------------------------------*/
FoamFile
{
    version     2.0;
    format      ascii;
    arch        "LSB;label=32;scalar=64";
    class       volScalarField;
    location    "2e-07";
    object      e;
}
// * * * * * * * * * * * * * * * * * * * * * * * * * * * * * * * * * * * * * //

dimensions      [0 -3 0 0 0 0 0];

internalField   nonuniform List<scalar> 
5880
(
7.24028e-05
0.000214701
0.000343838
0.000445185
0.000507705
0.000526745
0.00050487
0.000450647
0.000376133
0.000294034
0.00021529
0.000147504
9.44118e-05
5.6328e-05
3.12405e-05
1.6055e-05
7.61806e-06
3.32516e-06
1.33058e-06
4.86814e-07
1.62581e-07
4.95389e-08
1.37821e-08
3.50715e-09
8.18388e-10
1.75662e-10
3.47972e-11
6.38348e-12
1.08791e-12
1.73243e-13
2.66952e-14
4.20106e-15
6.92459e-16
1.1971e-16
2.1717e-17
4.13559e-18
8.26785e-19
1.73529e-19
3.82315e-20
8.8405e-21
2.14493e-21
5.45839e-22
1.45623e-22
4.07098e-23
1.19181e-23
3.65135e-24
1.16996e-24
3.91751e-25
1.36956e-25
4.99461e-26
1.89838e-26
7.51327e-27
3.0932e-27
1.32319e-27
5.8749e-28
2.70449e-28
1.28957e-28
6.35142e-29
3.27212e-29
1.56375e-29
0.00342
0.010124
0.0161547
0.0208034
0.0235615
0.0242484
0.023034
0.0203625
0.0168215
0.0130067
0.00941277
0.0063687
0.00402168
0.00236483
0.00129137
0.000652843
0.000304498
0.000130574
5.13128e-05
1.84324e-05
6.04275e-06
1.807e-06
4.93219e-07
1.23087e-07
2.81522e-08
5.919e-09
1.14769e-09
2.05932e-10
3.43039e-11
5.33553e-12
8.02772e-13
1.23417e-13
1.98908e-14
3.36543e-15
5.98131e-16
1.11702e-16
2.19216e-17
4.52096e-18
9.79626e-19
2.22988e-19
5.3303e-20
1.33746e-20
3.52092e-21
9.71949e-22
2.81168e-22
8.51734e-23
2.70009e-23
8.94996e-24
3.0991e-24
1.12e-24
4.22065e-25
1.65693e-25
6.76946e-26
2.87488e-26
1.26771e-26
5.79814e-27
2.74778e-27
1.34559e-27
6.89256e-28
3.27871e-28
0.1036
0.306126
0.48665
0.623263
0.701081
0.715925
0.674389
0.590953
0.483762
0.370542
0.265536
0.177823
0.111081
0.064578
0.0348469
0.0174014
0.00801562
0.00339472
0.00131789
0.000467862
0.000151658
4.48632e-05
1.21184e-05
2.99363e-06
6.77826e-07
1.4107e-07
2.70695e-08
4.80489e-09
7.91398e-10
1.21636e-10
1.80764e-11
2.74481e-12
4.37014e-13
7.30624e-14
1.28351e-14
2.37014e-15
4.60122e-16
9.39074e-17
2.01458e-17
4.54204e-18
1.07585e-18
2.67607e-19
6.98664e-20
1.91351e-20
5.49414e-21
1.65253e-21
5.20353e-22
1.71385e-22
5.89885e-23
2.11971e-23
7.94513e-24
3.10329e-24
1.26182e-24
5.33467e-25
2.34243e-25
1.06711e-25
5.03815e-26
2.45864e-26
1.25492e-26
5.95601e-27
2.25394
6.64695
10.5238
13.3995
14.9653
15.1612
14.1624
12.3039
9.98432
7.57973
5.3824
3.57067
2.20882
1.27118
0.678837
0.335425
0.152892
0.0640936
0.0246423
0.00866999
0.00278749
0.000818527
0.000219634
5.39284e-05
1.21416e-05
2.51314e-06
4.79605e-07
8.46494e-08
1.38587e-08
2.11622e-09
3.12289e-10
4.70743e-11
7.43946e-12
1.23446e-12
2.1524e-13
3.94513e-14
7.60279e-15
1.54056e-15
3.28185e-16
7.349e-17
1.72929e-17
4.27416e-18
1.10908e-18
3.01974e-19
8.62164e-20
2.57927e-20
8.07997e-21
2.64821e-21
9.07231e-22
3.24563e-22
1.21142e-22
4.71282e-23
1.90904e-23
8.04218e-24
3.51939e-24
1.59819e-24
7.5229e-25
3.661e-25
1.86328e-25
8.82696e-26
37.5931
110.617
174.348
220.585
244.5
245.662
227.522
195.963
157.648
118.642
83.5078
54.9021
33.6502
19.1834
10.1461
4.96526
2.24194
0.931398
0.355119
0.12401
0.039611
0.0115672
0.00308947
0.000755663
0.000169577
3.49983e-05
6.66069e-06
1.1723e-06
1.91345e-07
2.91169e-08
4.27972e-09
6.42318e-10
1.0104e-10
1.66843e-11
2.8944e-12
5.27788e-13
1.01185e-13
2.03969e-14
4.32282e-15
9.63096e-16
2.25498e-16
5.5464e-17
1.4324e-17
3.88218e-18
1.10349e-18
3.28711e-19
1.02551e-19
3.34784e-20
1.14258e-20
4.07285e-21
1.51494e-21
5.87435e-22
2.37214e-22
9.96355e-23
4.348e-23
1.96924e-23
9.24621e-24
4.48913e-24
2.27928e-24
1.07804e-24
500.421
1468.75
2303.28
2893.88
3181.61
3169.07
2909.24
2483.77
1980.78
1477.8
1031.14
671.96
408.173
230.58
120.839
58.5988
26.2257
10.8048
4.08841
1.41822
0.450469
0.130951
0.0348523
0.00850211
0.00190421
0.000392418
7.45902e-05
1.31122e-05
2.13725e-06
3.24662e-07
4.76144e-08
7.12725e-09
1.11778e-09
1.8396e-10
3.17991e-11
5.77668e-12
1.10316e-12
2.21494e-13
4.67542e-14
1.03747e-14
2.41945e-15
5.92753e-16
1.52491e-16
4.11728e-17
1.166e-17
3.46091e-18
1.07599e-18
3.50093e-19
1.19099e-19
4.23232e-20
1.56961e-20
6.06913e-21
2.4442e-21
1.02399e-21
4.4577e-22
2.01425e-22
9.43674e-23
4.57223e-23
2.3166e-23
1.09409e-23
5463.7
15988.9
24930.4
31082.3
33873.5
33431.2
30409.7
25729.2
20338
15041.3
10403.8
6720.53
4046.25
2265.4
1176.65
565.587
250.986
102.586
38.5401
13.2864
4.19859
1.21563
0.32258
0.0785318
0.0175658
0.00361712
0.000687209
0.000120757
1.9673e-05
2.98603e-06
4.37369e-07
6.53559e-08
1.02283e-08
1.67917e-09
2.89459e-10
5.24267e-11
9.98031e-12
1.9973e-12
4.20192e-13
9.29246e-14
2.15969e-14
5.27321e-15
1.35203e-15
3.63846e-16
1.02707e-16
3.0389e-17
9.4189e-18
3.05548e-18
1.03646e-18
3.67298e-19
1.35854e-19
5.23959e-20
2.10497e-20
8.79808e-21
3.82151e-21
1.72313e-21
8.05655e-22
3.89613e-22
1.97024e-22
9.29204e-23
49908.8
145547
225457
278688
300830
294022
264900
222055
173946
127506
87418.6
55973.3
33402.5
18536
9542.98
4547.59
2001.39
811.74
302.852
103.784
32.6358
9.41322
2.49102
0.605325
0.135251
0.0278359
0.00528737
0.000929013
0.000151325
2.29586e-05
3.35989e-06
5.01414e-07
7.83387e-08
1.28343e-08
2.20718e-09
3.98726e-10
7.56936e-11
1.51041e-11
3.16804e-12
6.98461e-13
1.6183e-13
3.93908e-14
1.00686e-14
2.70131e-15
7.60242e-16
2.24281e-16
6.93155e-17
2.24233e-17
7.58577e-18
2.6812e-18
9.89215e-19
3.80596e-19
1.52547e-19
6.36183e-20
2.75745e-20
1.24082e-20
5.79033e-21
2.79511e-21
1.41087e-21
6.64457e-22
387268
1.1247e+06
1.72904e+06
2.11685e+06
2.26146e+06
2.18752e+06
1.95124e+06
1.62004e+06
1.25734e+06
913326
620584
393817
232924
128112
65379.2
30889.9
13483.9
5427.49
2011.16
685.143
214.404
61.6064
16.2575
3.94318
0.880034
0.181008
0.0343727
0.00603859
0.000983426
0.000149141
2.18085e-05
3.25059e-06
5.0704e-07
8.2906e-08
1.42258e-08
2.56353e-09
4.85366e-10
9.65815e-11
2.01995e-11
4.44031e-12
1.02574e-12
2.4893e-13
6.34391e-14
1.69701e-14
4.76211e-15
1.40088e-15
4.31747e-16
1.3929e-16
4.69976e-17
1.65691e-17
6.09803e-18
2.34063e-18
9.36018e-19
3.89505e-19
1.68473e-19
7.56598e-20
3.52395e-20
1.69802e-20
8.55553e-21
4.02341e-21
2.58396e+06
7.46662e+06
1.13779e+07
1.37808e+07
1.45572e+07
1.39272e+07
1.22938e+07
1.01063e+07
7.76928e+06
5.59138e+06
3.76454e+06
2.3673e+06
1.38754e+06
756359
382608
179235
77604.5
31002
11409.8
3864.07
1203.24
344.379
90.6093
21.9303
4.88744
1.00436
0.190616
0.0334733
0.00544891
0.000825822
0.000120637
1.79562e-05
2.79602e-06
4.56235e-07
7.81034e-08
1.40389e-08
2.65092e-09
5.26018e-10
1.09696e-10
2.40426e-11
5.53746e-12
1.33984e-12
3.40442e-13
9.08009e-14
2.54066e-14
7.45264e-15
2.29049e-15
7.36952e-16
2.47999e-16
8.72091e-17
3.2017e-17
1.226e-17
4.89156e-18
2.03106e-18
8.76647e-19
3.92903e-19
1.82647e-19
8.78489e-20
4.41824e-20
2.0746e-20
1.49775e+07
4.30102e+07
6.48679e+07
7.76242e+07
8.09995e+07
7.65958e+07
6.68799e+07
5.44189e+07
4.14263e+07
2.95305e+07
1.96963e+07
1.22713e+07
7.12669e+06
3.84975e+06
1.93024e+06
896521
385031
152658
55801.2
18784.8
5819.81
1658.8
435.026
105.031
23.3653
4.79522
0.90917
0.159519
0.0259449
0.00392815
0.000573064
8.51539e-05
1.32332e-05
2.15439e-06
3.67889e-07
6.59498e-08
1.2418e-08
2.45688e-09
5.10824e-10
1.11621e-10
2.563e-11
6.18253e-12
1.56617e-12
4.1647e-13
1.16187e-13
3.39832e-14
1.04149e-14
3.34169e-15
1.12154e-15
3.93367e-16
1.44055e-16
5.50284e-17
2.19045e-17
9.07476e-18
3.90847e-18
1.74814e-18
8.11054e-19
3.89373e-19
1.95468e-19
9.16349e-20
7.60914e+07
2.16801e+08
3.23042e+08
3.81368e+08
3.92708e+08
3.66809e+08
3.16667e+08
2.5495e+08
1.9213e+08
1.35621e+08
8.95895e+07
5.5288e+07
3.18094e+07
1.70258e+07
8.4606e+06
3.89599e+06
1.65965e+06
653063
237079
79325.4
24447.7
6937.72
1812.96
436.469
96.8792
19.8468
3.75734
0.658362
0.106936
0.0161669
0.00235445
0.000349143
5.41327e-05
8.79047e-06
1.49698e-06
2.67582e-07
5.02333e-08
9.90806e-09
2.05362e-09
4.47326e-10
1.0239e-10
2.46214e-11
6.21774e-12
1.64833e-12
4.58466e-13
1.33699e-13
4.08569e-14
1.30725e-14
4.37541e-15
1.53057e-15
5.59079e-16
2.1304e-16
8.46011e-17
3.49694e-17
1.50282e-17
6.70761e-18
3.10578e-18
1.48819e-18
7.45677e-19
3.48981e-19
3.4158e+08
9.63528e+08
1.41537e+09
1.6458e+09
1.67066e+09
1.54036e+09
1.31423e+09
1.04659e+09
7.80551e+08
5.45444e+08
3.56761e+08
2.1803e+08
1.24247e+08
6.58842e+07
3.24453e+07
1.4812e+07
6.25851e+06
2.44409e+06
881155
293015
89819.9
25371.5
6604.39
1584.89
350.846
71.713
13.5497
2.36985
0.384236
0.0579796
0.00842581
0.00124648
0.000192754
3.12129e-05
5.29966e-06
9.44392e-07
1.76731e-07
3.47466e-08
7.17849e-09
1.55857e-09
3.55591e-10
8.52327e-11
2.14558e-11
5.67018e-12
1.57227e-12
4.57134e-13
1.39286e-13
4.44385e-14
1.48326e-14
5.17475e-15
1.88531e-15
7.16615e-16
2.83894e-16
1.17075e-16
5.02018e-17
2.23591e-17
1.03317e-17
4.94107e-18
2.47107e-18
1.15444e-18
1.36521e+09
3.8013e+09
5.49096e+09
6.27815e+09
6.276e+09
5.70847e+09
4.81146e+09
3.78878e+09
2.7956e+09
1.93336e+09
1.25175e+09
7.57388e+08
4.2741e+08
2.24504e+08
1.09555e+08
4.95824e+07
2.07796e+07
8.05367e+06
2.88353e+06
952931
290507
81668
21171.4
5062.75
1117.35
227.784
42.9358
7.4927
1.21216
0.182496
0.0264558
0.00390328
0.000601872
9.71679e-05
1.64465e-05
2.92133e-06
5.44901e-07
1.06778e-07
2.19868e-08
4.75791e-09
1.08197e-09
2.58498e-10
6.48642e-11
1.70879e-11
4.72366e-12
1.36926e-12
4.15981e-13
1.32338e-13
4.40495e-14
1.53266e-14
5.56945e-15
2.11168e-15
8.34546e-16
3.4336e-16
1.46906e-16
6.52902e-17
3.01076e-17
1.43708e-17
7.17322e-18
3.34513e-18
4.89368e+09
1.33966e+10
1.89741e+10
2.12935e+10
2.09418e+10
1.87809e+10
1.56326e+10
1.21684e+10
8.88046e+09
6.07625e+09
3.89314e+09
2.33161e+09
1.30274e+09
6.77737e+08
3.27704e+08
1.47028e+08
6.11193e+07
2.35109e+07
8.36017e+06
2.74575e+06
832454
232887
60117
14322.7
3150.74
640.446
120.399
20.9579
3.38218
0.507924
0.0734353
0.0108036
0.00166089
0.000267302
4.50984e-05
7.9845e-06
1.4844e-06
2.89919e-07
5.95004e-08
1.28335e-08
2.9089e-09
6.92751e-10
1.73281e-10
4.55079e-11
1.25417e-11
3.62473e-12
1.09801e-12
3.48337e-13
1.1563e-13
4.01261e-14
1.4544e-14
5.50084e-15
2.1688e-15
8.90276e-16
3.80066e-16
1.68559e-16
7.75711e-17
3.69542e-17
1.84111e-17
8.56999e-18
1.58477e+10
4.24276e+10
5.87283e+10
6.45755e+10
6.2427e+10
5.51759e+10
4.53405e+10
3.48781e+10
2.51683e+10
1.7033e+10
1.07969e+10
6.39898e+09
3.53927e+09
1.82348e+09
8.73617e+08
3.88581e+08
1.60238e+08
6.11847e+07
2.16105e+07
7.05465e+06
2.12726e+06
592272
152242
36135.7
7922.84
1605.64
301.012
52.2593
8.41186
1.25998
0.181669
0.0266495
0.00408465
0.000655347
0.000110219
1.94516e-05
3.60465e-06
7.01764e-07
1.43563e-07
3.08667e-08
6.97444e-09
1.65582e-09
4.12918e-10
1.0812e-10
2.97102e-11
8.56222e-12
2.58649e-12
8.18328e-13
2.70929e-13
9.37793e-14
3.39072e-14
1.27938e-14
5.03259e-15
2.06126e-15
8.78092e-16
3.88633e-16
1.78497e-16
8.48745e-17
4.22078e-17
1.96109e-17
4.6692e+10
1.21415e+11
1.63671e+11
1.76036e+11
1.67161e+11
1.4556e+11
1.18059e+11
8.97265e+10
6.40033e+10
4.28309e+10
2.68533e+10
1.57465e+10
8.62054e+09
4.39831e+09
2.08795e+09
9.20811e+08
3.76738e+08
1.42824e+08
5.01195e+07
1.62665e+07
4.87968e+06
1.35239e+06
346221
81883.4
17895.5
3616.14
676.094
117.076
18.7977
2.80851
0.403876
0.0590816
0.00902968
0.00144448
0.000242215
4.26178e-05
7.87384e-06
1.52829e-06
3.11713e-07
6.68207e-08
1.50541e-08
3.5637e-09
8.86168e-10
2.31389e-10
6.34097e-11
1.82253e-11
5.49116e-12
1.73291e-12
5.72306e-13
1.97621e-13
7.12862e-14
2.68368e-14
1.05335e-14
4.30522e-15
1.83027e-15
8.08465e-16
3.70621e-16
1.75908e-16
8.73239e-17
4.04999e-17
1.26033e+11
3.15608e+11
4.12816e+11
4.33678e+11
4.04307e+11
3.46784e+11
2.77563e+11
2.08373e+11
1.4689e+11
9.7175e+10
6.02471e+10
3.49485e+10
1.89366e+10
9.56823e+09
4.50129e+09
1.96868e+09
7.9939e+08
3.00996e+08
1.04984e+08
3.38894e+07
1.01179e+07
2.7924e+06
712240
167899
36587.2
7373.57
1375.21
237.581
38.0586
5.67315
0.813866
0.118757
0.0181029
0.00288822
0.000482996
8.47517e-05
1.56155e-05
3.02266e-06
6.14838e-07
1.31446e-07
2.95349e-08
6.97332e-09
1.72954e-09
4.50455e-10
1.23134e-10
3.53048e-11
1.06116e-11
3.34099e-12
1.10087e-12
3.7929e-13
1.36521e-13
5.12873e-14
2.00891e-14
8.1945e-15
3.47702e-15
1.53301e-15
7.01508e-16
3.32382e-16
1.64722e-16
7.62621e-17
3.13739e+11
7.48953e+11
9.47165e+11
9.70797e+11
8.88331e+11
7.50469e+11
5.92693e+11
4.39422e+11
3.06056e+11
2.00111e+11
1.22665e+11
7.03863e+10
3.77482e+10
1.88917e+10
8.80978e+09
3.82256e+09
1.54118e+09
5.76665e+08
2.00027e+08
6.42598e+07
1.91052e+07
5.25364e+06
1.33578e+06
314019
68260.1
13726.1
2554.7
440.478
70.4244
10.4772
1.49997
0.218398
0.033217
0.00528734
0.000882127
0.000154421
2.83843e-05
5.48121e-06
1.11228e-06
2.37233e-07
5.31795e-08
1.25268e-08
3.0998e-09
8.0551e-10
2.19699e-10
6.28531e-11
1.88511e-11
5.92252e-12
1.94743e-12
6.69596e-13
2.40533e-13
9.0186e-14
3.52585e-14
1.43556e-14
6.08028e-15
2.67609e-15
1.2225e-15
5.78284e-16
2.86126e-16
1.32242e-16
7.24484e+11
1.63003e+12
1.98673e+12
1.98535e+12
1.78317e+12
1.48382e+12
1.15622e+12
8.46418e+11
5.82341e+11
3.76252e+11
2.28012e+11
1.29423e+11
6.87119e+10
3.40714e+10
1.57568e+10
6.7866e+09
2.71864e+09
1.0116e+09
3.49227e+08
1.11739e+08
3.31077e+07
9.0778e+06
2.30242e+06
540107
117187
23525.1
4371.69
752.633
120.154
17.8485
2.55115
0.370802
0.0562936
0.0089436
0.00148923
0.000260183
4.77295e-05
9.19842e-06
1.86285e-06
3.96521e-07
8.87082e-08
2.08541e-08
5.15018e-09
1.33568e-09
3.63586e-10
1.03815e-10
3.10768e-11
9.74498e-12
3.19831e-12
1.09766e-12
3.93585e-13
1.47307e-13
5.7489e-14
2.33664e-14
9.88008e-15
4.34131e-15
1.98002e-15
9.35143e-16
4.61985e-16
2.13159e-16
1.55929e+12
3.26765e+12
3.82867e+12
3.72968e+12
3.28888e+12
2.69606e+12
2.07263e+12
1.49791e+12
1.01783e+12
6.49767e+11
3.8929e+11
2.18625e+11
1.14944e+11
5.65016e+10
2.5931e+10
1.10956e+10
4.42019e+09
1.63716e+09
5.63047e+08
1.79598e+08
5.30816e+07
1.45251e+07
3.67798e+06
861614
186728
37446.3
6951.99
1195.73
190.708
28.3
4.04038
0.586503
0.0889176
0.0141061
0.00234531
0.000409109
7.49299e-05
1.44171e-05
2.91497e-06
6.19446e-07
1.38349e-07
3.24697e-08
8.00529e-09
2.07263e-09
5.63239e-10
1.60551e-10
4.79789e-11
1.50197e-11
4.92119e-12
1.68612e-12
6.03582e-13
2.25529e-13
8.78725e-14
3.56581e-14
1.50533e-14
6.60404e-15
3.00737e-15
1.4182e-15
6.99585e-16
3.22243e-16
3.1387e+12
6.05763e+12
6.81238e+12
6.47164e+12
5.60554e+12
4.52758e+12
3.43372e+12
2.4495e+12
1.64362e+12
1.03673e+12
6.14192e+11
3.41413e+11
1.77873e+11
8.67468e+10
3.95473e+10
1.68292e+10
6.67475e+09
2.46367e+09
8.45059e+08
2.69021e+08
7.93966e+07
2.17034e+07
5.49154e+06
1.28577e+06
278534
55837.3
10362.7
1781.7
284.04
42.1276
6.0105
0.871765
0.132041
0.0209258
0.00347533
0.000605527
0.000110771
2.12869e-05
4.29845e-06
9.12249e-07
2.03473e-07
4.76886e-08
1.17411e-08
3.03557e-09
8.23735e-10
2.34463e-10
6.99634e-11
2.18693e-11
7.15466e-12
2.44765e-12
8.74853e-13
3.26392e-13
1.26977e-13
5.1448e-14
2.16863e-14
9.49962e-15
4.31949e-15
2.03395e-15
1.00187e-15
4.60697e-16
5.92159e+12
1.04249e+13
1.12478e+13
1.04294e+13
8.87871e+12
7.06701e+12
5.28687e+12
3.72214e+12
2.46623e+12
1.53731e+12
9.00975e+11
4.9608e+11
2.56357e+11
1.24183e+11
5.63099e+10
2.38633e+10
9.43576e+09
3.47537e+09
1.19044e+09
3.78675e+08
1.1172e+08
3.05381e+07
7.72822e+06
1.80995e+06
392207
78648.1
14599.6
2510.54
400.252
59.3588
8.46691
1.22754
0.185829
0.0294312
0.00488439
0.000850367
0.00015543
2.98422e-05
6.02034e-06
1.27642e-06
2.84407e-07
6.6586e-08
1.63755e-08
4.22888e-09
1.14618e-09
3.25841e-10
9.71076e-11
3.03146e-11
9.90438e-12
3.38374e-12
1.20776e-12
4.4996e-13
1.748e-13
7.0723e-14
2.97679e-14
1.30209e-14
5.91201e-15
2.77981e-15
1.36729e-15
6.27647e-16
1.04831e+13
1.67186e+13
1.73209e+13
1.56961e+13
1.31411e+13
1.03084e+13
7.60597e+12
5.28427e+12
3.45781e+12
2.13101e+12
1.23654e+12
6.75156e+11
3.46542e+11
1.66995e+11
7.54351e+10
3.1886e+10
1.25885e+10
4.63327e+09
1.58695e+09
5.05003e+08
1.49098e+08
4.07919e+07
1.03334e+07
2.42252e+06
525452
105458
19591.2
3370.92
537.673
79.7637
11.379
1.64965
0.249682
0.0395324
0.00655828
0.00114127
0.000208492
4.00068e-05
8.06584e-06
1.70893e-06
3.80495e-07
8.90117e-08
2.18722e-08
5.64327e-09
1.52808e-09
4.3397e-10
1.29195e-10
4.02869e-11
1.31473e-11
4.48627e-12
1.5993e-12
5.95069e-13
2.30869e-13
9.32827e-14
3.92098e-14
1.71271e-14
7.7655e-15
3.64615e-15
1.79089e-15
8.20662e-16
1.74207e+13
2.50809e+13
2.5002e+13
2.21757e+13
1.82679e+13
1.41219e+13
1.0275e+13
7.04472e+12
4.55454e+12
2.77768e+12
1.59791e+12
8.6658e+11
4.42586e+11
2.12557e+11
9.58223e+10
4.0467e+10
1.59761e+10
5.88399e+09
2.01766e+09
6.43015e+08
1.9016e+08
5.21167e+07
1.3225e+07
3.10547e+06
674602
135575
25215.6
4342.95
693.274
102.912
14.6876
2.12983
0.322394
0.0510444
0.00846723
0.00147321
0.000269068
5.16151e-05
1.04025e-05
2.2031e-06
4.90292e-07
1.14637e-07
2.81523e-08
7.2589e-09
1.96416e-09
5.57384e-10
1.65798e-10
5.1654e-11
1.68407e-11
5.74072e-12
2.04429e-12
7.59786e-13
2.94427e-13
1.18818e-13
4.98803e-14
2.17598e-14
9.85288e-15
4.61998e-15
2.26612e-15
1.03661e-15
2.71721e+13
3.53286e+13
3.39901e+13
2.95512e+13
2.39591e+13
1.82485e+13
1.30915e+13
8.86103e+12
5.66577e+12
3.42473e+12
1.95699e+12
1.05641e+12
5.38004e+11
2.5803e+11
1.163e+11
4.91507e+10
1.94317e+10
7.17031e+09
2.46422e+09
7.87212e+08
2.33376e+08
6.41152e+07
1.63071e+07
3.83739e+06
835211
168140
31319
5401.01
863.09
128.23
18.3132
2.65683
0.402299
0.0637097
0.0105696
0.00183912
0.000335901
6.44329e-05
1.29845e-05
2.74953e-06
6.11776e-07
1.43004e-07
3.51077e-08
9.04888e-09
2.44742e-09
6.94169e-10
2.06366e-10
6.42514e-11
2.09328e-11
7.13003e-12
2.53687e-12
9.41992e-13
3.64677e-13
1.47015e-13
6.16498e-14
2.68633e-14
1.21493e-14
5.68971e-15
2.78733e-15
1.27288e-15
3.97772e+13
4.69086e+13
4.37193e+13
3.7302e+13
2.9762e+13
2.2327e+13
1.57962e+13
1.05659e+13
6.69388e+12
4.01981e+12
2.28757e+12
1.23223e+12
6.27184e+11
3.00984e+11
1.35863e+11
5.75418e+10
2.28086e+10
8.44091e+09
2.90981e+09
9.32458e+08
2.77283e+08
7.64009e+07
1.94851e+07
4.5967e+06
1.00272e+06
202263
37739.9
6517.85
1042.86
155.099
22.1687
3.21822
0.487549
0.0772409
0.0128186
0.00223104
0.000407572
7.81948e-05
1.57601e-05
3.33761e-06
7.42671e-07
1.73605e-07
4.26188e-08
1.0984e-08
2.97037e-09
8.42324e-10
2.50343e-10
7.79172e-11
2.53747e-11
8.63887e-12
3.07202e-12
1.13999e-12
4.4102e-13
1.77656e-13
7.44365e-14
3.24058e-14
1.46418e-14
6.85002e-15
3.35222e-15
1.52851e-15
5.46474e+13
5.89403e+13
5.34149e+13
4.47485e+13
3.51155e+13
2.5943e+13
1.81198e+13
1.20045e+13
7.55801e+12
4.5235e+12
2.5712e+12
1.38555e+12
7.06276e+11
3.39714e+11
1.53784e+11
6.53444e+10
2.5993e+10
9.65481e+09
3.34064e+09
1.07443e+09
3.20622e+08
8.86338e+07
2.26737e+07
5.36367e+06
1.17291e+06
237101
44323
7667.01
1228.39
182.898
26.1665
3.80139
0.576252
0.0913417
0.0151657
0.00264066
0.000482593
9.26226e-05
1.86747e-05
3.95619e-06
8.80598e-07
2.05908e-07
5.05625e-08
1.30343e-08
3.52553e-09
9.99903e-10
2.97204e-10
9.25061e-11
3.0125e-11
1.02552e-11
3.64619e-12
1.35274e-12
5.23167e-13
2.10666e-13
8.82274e-14
3.83892e-14
1.73348e-14
8.10445e-15
3.96325e-15
1.80494e-15
7.04708e+13
7.03406e+13
6.21688e+13
5.11083e+13
3.94173e+13
2.87056e+13
1.98493e+13
1.30765e+13
8.21524e+12
4.91778e+12
2.79981e+12
1.51249e+12
7.73343e+11
3.73277e+11
1.69626e+11
7.23701e+10
2.8909e+10
1.07835e+10
3.74674e+09
1.20989e+09
3.62416e+08
1.00541e+08
2.58028e+07
6.12162e+06
1.34211e+06
271916
50930.4
8824.6
1415.85
211.06
30.2252
4.39455
0.666624
0.10573
0.0175645
0.00305996
0.000559515
0.000107443
2.16745e-05
4.59422e-06
1.02319e-06
2.39385e-07
5.88166e-08
1.51707e-08
4.10563e-09
1.16505e-09
3.46466e-10
1.07889e-10
3.51496e-11
1.19702e-11
4.25733e-12
1.57989e-12
6.11134e-13
2.4612e-13
1.03081e-13
4.48516e-14
2.02511e-14
9.46623e-15
4.62817e-15
2.10636e-15
8.54443e+13
7.99366e+13
6.89614e+13
5.55351e+13
4.21226e+13
3.03575e+13
2.09008e+13
1.3768e+13
8.66848e+12
5.20536e+12
2.97399e+12
1.61267e+12
8.27909e+11
4.0134e+11
1.83206e+11
7.85281e+10
3.15159e+10
1.18101e+10
4.12176e+09
1.33663e+09
4.01967e+08
1.1192e+08
2.88184e+07
6.85735e+06
1.50736e+06
306096
57445.6
9970.24
1601.94
239.088
34.2731
4.98719
0.75706
0.12015
0.0199721
0.00348148
0.00063698
0.000122397
2.47077e-05
5.24092e-06
1.1681e-06
2.73509e-07
6.72574e-08
1.73629e-08
4.70315e-09
1.33583e-09
3.97619e-10
1.23933e-10
4.04133e-11
1.3775e-11
4.90347e-12
1.82118e-12
7.05028e-13
2.84143e-13
1.19088e-13
5.18487e-14
2.34235e-14
1.09546e-14
5.35818e-15
2.43897e-15
9.18143e+13
8.64893e+13
7.25591e+13
5.72322e+13
4.29765e+13
3.09411e+13
2.13833e+13
1.4159e+13
8.95921e+12
5.40447e+12
3.10133e+12
1.68933e+12
8.71402e+11
4.24536e+11
1.94789e+11
8.3924e+10
3.38527e+10
1.27482e+10
4.47001e+09
1.45595e+09
4.3964e+08
1.22868e+08
3.17442e+07
7.57636e+06
1.66985e+06
339878
63913.3
11111.7
1787.91
267.165
38.3362
5.58303
0.84811
0.134687
0.0224021
0.00390747
0.000715375
0.000137554
2.7788e-05
5.89907e-06
1.31595e-06
3.0842e-07
7.59197e-08
1.96206e-08
5.32083e-09
1.5131e-09
4.50951e-10
1.40738e-10
4.5954e-11
1.56846e-11
5.59077e-12
2.07925e-12
8.06011e-13
3.25271e-13
1.36501e-13
5.9505e-14
2.69152e-14
1.26023e-14
6.17105e-15
2.81233e-15
9.13201e+13
8.48821e+13
7.03432e+13
5.56802e+13
4.22921e+13
3.08207e+13
2.15033e+13
1.43341e+13
9.11658e+12
5.52534e+12
3.18635e+12
1.74487e+12
9.05108e+11
4.43498e+11
2.04663e+11
8.86776e+10
3.59663e+10
1.36151e+10
4.79758e+09
1.56985e+09
4.7605e+08
1.33559e+08
3.46271e+07
8.29013e+06
1.83217e+06
373808
70438.1
12267.4
1976.78
295.751
42.4812
6.19181
0.941248
0.149571
0.0248923
0.00434435
0.000795837
0.000153124
3.09553e-05
6.57658e-06
1.46835e-06
3.44467e-07
8.48815e-08
2.19615e-08
5.96292e-09
1.6979e-09
5.06723e-10
1.58372e-10
5.17892e-11
1.77035e-11
6.32039e-12
2.35438e-12
9.14145e-13
3.6951e-13
1.55319e-13
6.7818e-14
3.07244e-14
1.44086e-14
7.06639e-15
3.2261e-15
8.92241e+13
8.23508e+13
6.84877e+13
5.46884e+13
4.18396e+13
3.06182e+13
2.1418e+13
1.43183e+13
9.14324e+12
5.57037e+12
3.23156e+12
1.78087e+12
9.29732e+11
4.58463e+11
2.12883e+11
9.27937e+10
3.78526e+10
1.44076e+10
5.10293e+09
1.67774e+09
5.11e+08
1.43936e+08
3.74511e+07
8.99478e+06
1.99348e+06
407708
76987.1
13431.9
2167.67
324.717
46.6895
6.81083
1.03607
0.164737
0.0274313
0.00479
0.000877948
0.00016902
3.41901e-05
7.26889e-06
1.62418e-06
3.81354e-07
9.40613e-08
2.43624e-08
6.62243e-09
1.88804e-09
5.64223e-10
1.76593e-10
5.7834e-11
1.98007e-11
7.08052e-12
2.64192e-12
1.02753e-12
4.16059e-13
1.7519e-13
7.66283e-14
3.47766e-14
1.63373e-14
8.02613e-15
3.6717e-15
8.77751e+13
8.03924e+13
6.64803e+13
5.29648e+13
4.05201e+13
2.97256e+13
2.08957e+13
1.4062e+13
9.04639e+12
5.55277e+12
3.24475e+12
1.80059e+12
9.46345e+11
4.69708e+11
2.19495e+11
9.62662e+10
3.95018e+10
1.51198e+10
5.3834e+09
1.77859e+09
5.44136e+08
1.5389e+08
4.01863e+07
9.68276e+06
2.15202e+06
441214
83490.2
14592.6
2358.56
353.757
50.9174
7.43373
1.13159
0.18003
0.0299931
0.00523986
0.000960858
0.000185073
3.74575e-05
7.96824e-06
1.78163e-06
4.18635e-07
1.03343e-07
2.67913e-08
7.29018e-09
2.08075e-09
6.22573e-10
1.95111e-10
6.39878e-11
2.19397e-11
7.85751e-12
2.93652e-12
1.14399e-12
4.63999e-13
1.95713e-13
8.57541e-14
3.89867e-14
1.83474e-14
9.02951e-15
4.13934e-15
8.65907e+13
7.86514e+13
6.44907e+13
5.12003e+13
3.91927e+13
2.88487e+13
2.03776e+13
1.37873e+13
8.91899e+12
5.50576e+12
3.23632e+12
1.80701e+12
9.55782e+11
4.77466e+11
2.24558e+11
9.91066e+10
4.0913e+10
1.57494e+10
5.6375e+09
1.87171e+09
5.75194e+08
1.63333e+08
4.28071e+07
1.03473e+07
2.3062e+06
473983
89879.9
15737.6
2547.45
382.57
55.1209
8.05406
1.22684
0.195293
0.0325516
0.00568933
0.00104372
0.000201119
4.07233e-05
8.66727e-06
1.939e-06
4.55896e-07
1.12621e-07
2.92196e-08
7.95799e-09
2.27358e-09
6.80999e-10
2.1367e-10
7.01621e-11
2.40888e-11
8.63935e-12
3.23348e-12
1.26162e-12
5.12518e-13
2.1653e-13
9.50333e-14
4.32783e-14
2.04017e-14
1.00577e-14
4.62013e-15
8.56586e+13
7.7204e+13
6.27257e+13
4.95414e+13
3.78537e+13
2.78817e+13
1.97431e+13
1.34095e+13
8.71755e+12
5.41262e+12
3.20187e+12
1.79977e+12
9.58444e+11
4.82041e+11
2.28212e+11
1.01362e+11
4.20978e+10
1.62981e+10
5.86486e+09
1.95671e+09
6.0399e+08
1.72198e+08
4.52919e+07
1.09826e+07
2.45459e+06
505696
96092.6
16855.1
2732.41
410.856
59.2565
8.66537
1.32083
0.210368
0.0350806
0.00613383
0.00112568
0.000216993
4.39543e-05
9.35876e-06
2.09464e-06
4.92743e-07
1.21794e-07
3.16204e-08
8.61822e-09
2.46425e-09
7.38787e-10
2.32035e-10
7.6276e-11
2.62188e-11
9.41506e-12
3.52848e-12
1.37864e-12
5.60869e-13
2.37313e-13
1.04315e-13
4.758e-14
2.24653e-14
1.10929e-14
5.10561e-15
8.48708e+13
7.5964e+13
6.11588e+13
4.80111e+13
3.65715e+13
2.69249e+13
1.90977e+13
1.30143e+13
8.49888e+12
5.30503e+12
3.15664e+12
1.78532e+12
9.56791e+11
4.84286e+11
2.30724e+11
1.03108e+11
4.30756e+10
1.67695e+10
6.06583e+09
2.03343e+09
6.30402e+08
1.80432e+08
4.76234e+07
1.15836e+07
2.59591e+06
536067
102069
17934.3
2911.58
438.329
63.2816
9.26137
1.41258
0.225101
0.037554
0.0065688
0.00120592
0.000232535
4.71176e-05
1.00357e-05
2.24698e-06
5.28796e-07
1.30766e-07
3.39681e-08
9.26372e-09
2.65064e-09
7.95279e-10
2.49991e-10
8.22556e-11
2.8303e-11
1.01747e-11
3.81762e-12
1.49345e-12
6.08369e-13
2.57759e-13
1.13461e-13
5.18263e-14
2.45062e-14
1.21188e-14
5.58794e-15
8.41949e+13
7.4898e+13
5.97887e+13
4.66414e+13
3.53938e+13
2.60209e+13
1.84682e+13
1.26143e+13
8.26729e+12
5.1841e+12
3.101e+12
1.76399e+12
9.51093e+11
4.84378e+11
2.32187e+11
1.04384e+11
4.38596e+10
1.71673e+10
6.24108e+09
2.10188e+09
6.54369e+08
1.88001e+08
4.97885e+07
1.21463e+07
2.7291e+06
564845
107758
18965.3
3083.27
464.721
67.1563
9.83606
1.50118
0.239342
0.0399467
0.00698984
0.00128362
0.000247589
5.01817e-05
1.06913e-05
2.39449e-06
5.63697e-07
1.39449e-07
3.62389e-08
9.88785e-09
2.8308e-09
8.49869e-10
2.6734e-10
8.80333e-11
3.03172e-11
1.0909e-11
4.09729e-12
1.60459e-12
6.5439e-13
2.77591e-13
1.22344e-13
5.59561e-14
2.64943e-14
1.31198e-14
6.05965e-15
8.36312e+13
7.39957e+13
5.86095e+13
4.54406e+13
3.43391e+13
2.51924e+13
1.78767e+13
1.22283e+13
8.03707e+12
5.05948e+12
3.04075e+12
1.73885e+12
9.42821e+11
4.82949e+11
2.32847e+11
1.05276e+11
4.44764e+10
1.74988e+10
6.39219e+09
2.1623e+09
6.75885e+08
1.94884e+08
5.17772e+07
1.26673e+07
2.8532e+06
591799
113109
19938.4
3245.81
489.768
70.8408
10.3834
1.58567
0.252939
0.0422332
0.00739247
0.00135795
0.000261995
5.31142e-05
1.13188e-05
2.53563e-06
5.9708e-07
1.47751e-07
3.84092e-08
1.04841e-08
3.00282e-09
9.0197e-10
2.83893e-10
9.35443e-11
3.22383e-11
1.16094e-11
4.36411e-12
1.71067e-12
6.98343e-13
2.96546e-13
1.30842e-13
5.99121e-14
2.84011e-14
1.40813e-14
6.51368e-15
8.31522e+13
7.3225e+13
5.75947e+13
4.43949e+13
3.34069e+13
2.44472e+13
1.73343e+13
1.18666e+13
7.81614e+12
4.93642e+12
2.979e+12
1.71161e+12
9.32825e+11
4.80392e+11
2.32869e+11
1.05848e+11
4.49479e+10
1.77704e+10
6.52091e+09
2.21504e+09
6.94994e+08
2.01075e+08
5.35837e+07
1.31441e+07
2.96751e+06
616750
118082
20846
3397.8
513.243
74.3007
10.8983
1.66525
0.265757
0.0443907
0.00777263
0.00142818
0.000275609
5.58861e-05
1.19118e-05
2.66902e-06
6.28623e-07
1.55592e-07
4.0458e-08
1.10466e-08
3.16503e-09
9.51072e-10
2.99484e-10
9.8733e-11
3.40464e-11
1.22685e-11
4.61518e-12
1.8105e-12
7.39721e-13
3.14401e-13
1.38853e-13
6.36443e-14
3.02021e-14
1.49906e-14
6.94381e-15
8.27451e+13
7.25675e+13
5.67255e+13
4.34925e+13
3.25937e+13
2.37885e+13
1.68475e+13
1.15365e+13
7.6105e+12
4.81928e+12
2.91856e+12
1.68389e+12
9.21958e+11
4.77111e+11
2.32427e+11
1.06167e+11
4.52981e+10
1.79898e+10
6.62921e+09
2.26055e+09
7.11768e+08
2.06578e+08
5.52045e+07
1.35751e+07
3.07142e+06
639538
122642
21680.6
3537.95
534.935
77.5035
11.3755
1.73911
0.277667
0.0463971
0.00812643
0.00149357
0.000288292
5.8469e-05
1.24645e-05
2.79333e-06
6.5801e-07
1.62894e-07
4.23653e-08
1.157e-08
3.31585e-09
9.96695e-10
3.13961e-10
1.03548e-10
3.57233e-11
1.28795e-11
4.84787e-12
1.90302e-12
7.78067e-13
3.30952e-13
1.46282e-13
6.71075e-14
3.18746e-14
1.58358e-14
7.34428e-15
8.24003e+13
7.20091e+13
5.5986e+13
4.27211e+13
3.18931e+13
2.32153e+13
1.64188e+13
1.12417e+13
7.42398e+12
4.71109e+12
2.86149e+12
1.65694e+12
9.10906e+11
4.73448e+11
2.31676e+11
1.06296e+11
4.55493e+10
1.8164e+10
6.71915e+09
2.29933e+09
7.26302e+08
2.11403e+08
5.66385e+07
1.39591e+07
3.1645e+06
660040
126759
22436.3
3665.14
554.659
80.4205
11.8108
1.80654
0.288553
0.0482324
0.00845029
0.00155346
0.000299913
6.08365e-05
1.29713e-05
2.90729e-06
6.8495e-07
1.69587e-07
4.41125e-08
1.20491e-08
3.45385e-09
1.03841e-09
3.27188e-10
1.07944e-10
3.72532e-11
1.34366e-11
5.05992e-12
1.98729e-12
8.1299e-13
3.46024e-13
1.53049e-13
7.02631e-14
3.33994e-14
1.6607e-14
7.71018e-15
8.21106e+13
7.15391e+13
5.53631e+13
4.20692e+13
3.1298e+13
2.27247e+13
1.60484e+13
1.09841e+13
7.25892e+12
4.61393e+12
2.80934e+12
1.63175e+12
9.00233e+11
4.69689e+11
2.30746e+11
1.06289e+11
4.57222e+10
1.83e+10
6.79277e+09
2.33188e+09
7.38702e+08
2.15567e+08
5.78863e+07
1.42954e+07
3.24642e+06
678155
130408
23107.9
3778.41
572.256
83.0265
12.2001
1.86693
0.298309
0.0498785
0.00874099
0.00160725
0.000310356
6.29648e-05
1.34269e-05
3.00978e-06
7.09177e-07
1.75605e-07
4.56829e-08
1.24796e-08
3.57775e-09
1.07584e-09
3.39046e-10
1.11881e-10
3.86224e-11
1.39348e-11
5.2494e-12
2.06254e-12
8.44163e-13
3.59474e-13
1.59086e-13
7.30792e-14
3.47606e-14
1.72958e-14
8.03736e-15
8.18704e+13
7.1149e+13
5.48463e+13
4.15276e+13
3.08016e+13
2.23131e+13
1.57354e+13
1.07645e+13
7.11676e+12
4.52925e+12
2.76325e+12
1.6091e+12
8.90392e+11
4.66076e+11
2.29753e+11
1.06195e+11
4.58353e+10
1.84042e+10
6.85194e+09
2.3587e+09
7.49075e+08
2.19087e+08
5.8949e+07
1.45834e+07
3.3169e+06
693797
133567
23690.8
3876.89
587.58
85.2988
12.54
1.91968
0.306839
0.0513189
0.00899551
0.00165438
0.00031951
6.48313e-05
1.38266e-05
3.09972e-06
7.30436e-07
1.80885e-07
4.70606e-08
1.28571e-08
3.68634e-09
1.10862e-09
3.49424e-10
1.15324e-10
3.98185e-11
1.43696e-11
5.41463e-12
2.12812e-12
8.71308e-13
3.7118e-13
1.64339e-13
7.55291e-14
3.5945e-14
1.78954e-14
8.32239e-15
8.16769e+13
7.08335e+13
5.44278e+13
4.10881e+13
3.03977e+13
2.19768e+13
1.54781e+13
1.05827e+13
6.99812e+12
4.45791e+12
2.72398e+12
1.58953e+12
8.81732e+11
4.62799e+11
2.2879e+11
1.06056e+11
4.59048e+10
1.8482e+10
6.89841e+09
2.38026e+09
7.5753e+08
2.21982e+08
5.98292e+07
1.48232e+07
3.37581e+06
706910
136222
24181.5
3959.94
600.518
87.2194
12.8275
1.96434
0.314066
0.05254
0.00921143
0.00169438
0.000327285
6.64172e-05
1.41664e-05
3.17619e-06
7.48518e-07
1.85376e-07
4.82323e-08
1.31781e-08
3.77863e-09
1.13646e-09
3.58232e-10
1.18244e-10
4.08319e-11
1.47376e-11
5.55434e-12
2.18351e-12
8.94218e-13
3.81053e-13
1.68768e-13
7.75938e-14
3.6943e-14
1.84007e-14
8.56285e-15
8.15243e+13
7.05855e+13
5.40997e+13
4.07437e+13
3.00807e+13
2.1712e+13
1.52747e+13
1.04383e+13
6.90327e+12
4.40045e+12
2.69207e+12
1.57346e+12
8.7452e+11
4.60011e+11
2.27933e+11
1.05904e+11
4.59442e+10
1.85384e+10
6.93371e+09
2.39698e+09
7.64165e+08
2.24273e+08
6.05295e+07
1.50148e+07
3.42302e+06
717447
138360
24577.3
4027.01
610.977
88.7731
13.0602
2.00052
0.319923
0.0535302
0.00938663
0.00172686
0.0003336
6.77062e-05
1.44427e-05
3.2384e-06
7.63234e-07
1.89032e-07
4.91862e-08
1.34394e-08
3.85374e-09
1.15911e-09
3.65391e-10
1.20615e-10
4.16541e-11
1.50359e-11
5.66745e-12
2.22831e-12
9.12729e-13
3.89024e-13
1.72341e-13
7.92588e-14
3.77478e-14
1.88082e-14
8.75695e-15
8.14125e+13
7.0403e+13
5.3858e+13
4.04899e+13
2.98466e+13
2.15162e+13
1.51238e+13
1.03307e+13
6.83224e+12
4.35718e+12
2.66789e+12
1.56118e+12
8.68953e+11
4.57825e+11
2.27241e+11
1.05768e+11
4.59643e+10
1.85773e+10
6.95906e+09
2.4092e+09
7.69064e+08
2.25975e+08
6.10522e+07
1.51582e+07
3.45847e+06
725375
139971
24875.9
4077.66
618.883
89.9482
13.2364
2.02791
0.32436
0.0542806
0.00951946
0.00175149
0.000338394
6.86853e-05
1.46527e-05
3.28572e-06
7.74431e-07
1.91815e-07
4.99125e-08
1.36384e-08
3.91092e-09
1.17635e-09
3.70838e-10
1.22418e-10
4.22786e-11
1.52622e-11
5.75319e-12
2.26223e-12
9.2673e-13
3.95047e-13
1.75038e-13
8.05155e-14
3.83551e-14
1.91158e-14
8.90366e-15
8.13386e+13
7.02826e+13
5.36987e+13
4.03225e+13
2.96923e+13
2.13868e+13
1.50239e+13
1.02593e+13
6.78497e+12
4.32828e+12
2.65166e+12
1.5529e+12
8.65171e+11
4.56325e+11
2.26757e+11
1.05666e+11
4.59732e+10
1.86015e+10
6.97542e+09
2.41719e+09
7.72292e+08
2.27102e+08
6.13995e+07
1.52538e+07
3.48213e+06
730672
141049
25075.8
4111.58
624.18
90.7359
13.3545
2.04628
0.327337
0.0547843
0.00960867
0.00176805
0.000341618
6.93443e-05
1.47942e-05
3.31762e-06
7.81989e-07
1.93695e-07
5.04035e-08
1.3773e-08
3.94961e-09
1.18801e-09
3.74521e-10
1.23636e-10
4.27003e-11
1.54149e-11
5.81095e-12
2.28506e-12
9.36142e-13
3.99093e-13
1.76849e-13
8.13592e-14
3.8763e-14
1.93226e-14
9.00255e-15
8.13019e+13
7.02228e+13
5.36196e+13
4.02395e+13
2.96157e+13
2.13225e+13
1.49742e+13
1.02237e+13
6.76136e+12
4.3138e+12
2.64351e+12
1.54873e+12
8.63258e+11
4.55561e+11
2.26507e+11
1.05612e+11
4.59763e+10
1.86132e+10
6.98344e+09
2.42114e+09
7.73895e+08
2.27663e+08
6.15727e+07
1.53015e+07
3.49396e+06
733324
141588
25176
4128.58
626.835
91.1307
13.4137
2.05549
0.32883
0.055037
0.00965347
0.00177637
0.000343241
6.96767e-05
1.48657e-05
3.33379e-06
7.85827e-07
1.94652e-07
5.0654e-08
1.38417e-08
3.9694e-09
1.19397e-09
3.76406e-10
1.24259e-10
4.2916e-11
1.54929e-11
5.84042e-12
2.29669e-12
9.40934e-13
4.01152e-13
1.77772e-13
8.17893e-14
3.89715e-14
1.94287e-14
9.05378e-15
8.13019e+13
7.02228e+13
5.36196e+13
4.02395e+13
2.96157e+13
2.13225e+13
1.49742e+13
1.02237e+13
6.76136e+12
4.3138e+12
2.64351e+12
1.54873e+12
8.63258e+11
4.55561e+11
2.26507e+11
1.05612e+11
4.59763e+10
1.86132e+10
6.98345e+09
2.42114e+09
7.73895e+08
2.27663e+08
6.15727e+07
1.53015e+07
3.49396e+06
733323
141588
25175.9
4128.54
626.829
91.1295
13.4135
2.05546
0.328826
0.0550365
0.00965346
0.00177639
0.000343249
6.96793e-05
1.48666e-05
3.33404e-06
7.85902e-07
1.94674e-07
5.06608e-08
1.38438e-08
3.97005e-09
1.19418e-09
3.76474e-10
1.24282e-10
4.29237e-11
1.54956e-11
5.84144e-12
2.29709e-12
9.41101e-13
4.01227e-13
1.77808e-13
8.18086e-14
3.89824e-14
1.94352e-14
9.05794e-15
8.13386e+13
7.02826e+13
5.36987e+13
4.03226e+13
2.96923e+13
2.13868e+13
1.50239e+13
1.02593e+13
6.78497e+12
4.32827e+12
2.65166e+12
1.5529e+12
8.65171e+11
4.56325e+11
2.26757e+11
1.05666e+11
4.59732e+10
1.86015e+10
6.97543e+09
2.41719e+09
7.72293e+08
2.27102e+08
6.13995e+07
1.52538e+07
3.48212e+06
730669
141047
25075.5
4111.48
624.163
90.7326
13.354
2.0462
0.327327
0.0547831
0.00960869
0.0017681
0.000341641
6.93521e-05
1.47967e-05
3.31837e-06
7.82211e-07
1.93761e-07
5.04236e-08
1.37791e-08
3.95153e-09
1.18862e-09
3.74721e-10
1.23703e-10
4.27236e-11
1.54233e-11
5.81411e-12
2.28632e-12
9.36676e-13
3.99337e-13
1.76969e-13
8.14227e-14
3.87989e-14
1.93441e-14
9.01603e-15
8.14123e+13
7.04029e+13
5.38579e+13
4.04898e+13
2.98466e+13
2.15161e+13
1.51238e+13
1.03307e+13
6.83224e+12
4.35718e+12
2.66789e+12
1.56118e+12
8.68953e+11
4.57825e+11
2.27241e+11
1.05768e+11
4.59643e+10
1.85773e+10
6.95906e+09
2.4092e+09
7.69065e+08
2.25975e+08
6.10522e+07
1.51582e+07
3.45845e+06
725369
139968
24875.3
4077.5
618.856
89.9432
13.2357
2.02779
0.324348
0.0542794
0.00951963
0.0017516
0.000338437
6.86989e-05
1.46569e-05
3.28695e-06
7.74794e-07
1.91923e-07
4.99449e-08
1.36483e-08
3.91402e-09
1.17734e-09
3.71164e-10
1.22529e-10
4.23178e-11
1.52766e-11
5.75877e-12
2.26452e-12
9.2773e-13
3.95515e-13
1.75272e-13
8.06405e-14
3.84256e-14
1.91577e-14
8.92937e-15
8.15245e+13
7.05856e+13
5.40997e+13
4.07438e+13
3.00807e+13
2.17121e+13
1.52748e+13
1.04383e+13
6.90327e+12
4.40045e+12
2.69207e+12
1.57346e+12
8.7452e+11
4.60011e+11
2.27933e+11
1.05904e+11
4.59442e+10
1.85384e+10
6.93371e+09
2.39698e+09
7.64166e+08
2.24273e+08
6.05293e+07
1.50147e+07
3.42298e+06
717436
138356
24576.4
4026.8
610.944
88.767
13.0595
2.0004
0.319914
0.05353
0.00938714
0.00172706
0.000333668
6.77265e-05
1.44486e-05
3.24011e-06
7.63728e-07
1.89177e-07
4.92296e-08
1.34527e-08
3.85789e-09
1.16045e-09
3.65839e-10
1.2077e-10
4.17103e-11
1.50572e-11
5.67599e-12
2.23194e-12
9.14363e-13
3.89808e-13
1.72739e-13
7.94729e-14
3.78683e-14
1.88793e-14
8.79956e-15
8.1677e+13
7.08335e+13
5.44278e+13
4.10882e+13
3.03977e+13
2.19768e+13
1.54781e+13
1.05827e+13
6.99813e+12
4.45791e+12
2.72398e+12
1.58953e+12
8.81732e+11
4.628e+11
2.2879e+11
1.06056e+11
4.59048e+10
1.8482e+10
6.89842e+09
2.38026e+09
7.57529e+08
2.21982e+08
5.98288e+07
1.48231e+07
3.37574e+06
706894
136217
24180.5
3959.7
600.484
87.2132
12.8268
1.96425
0.314066
0.0525421
0.00921251
0.00169471
0.000327384
6.64449e-05
1.41742e-05
3.17836e-06
7.49135e-07
1.85555e-07
4.82854e-08
1.31943e-08
3.78374e-09
1.13813e-09
3.588e-10
1.18446e-10
4.09073e-11
1.47672e-11
5.56663e-12
2.18891e-12
8.96722e-13
3.8228e-13
1.69399e-13
7.79342e-14
3.7134e-14
1.85126e-14
8.62847e-15
8.18711e+13
7.11496e+13
5.48467e+13
4.15278e+13
3.08017e+13
2.23132e+13
1.57354e+13
1.07645e+13
7.11678e+12
4.52926e+12
2.76325e+12
1.6091e+12
8.90393e+11
4.66077e+11
2.29753e+11
1.06195e+11
4.58354e+10
1.84042e+10
6.85194e+09
2.3587e+09
7.49072e+08
2.19085e+08
5.89482e+07
1.45832e+07
3.3168e+06
693775
133560
23689.6
3876.63
587.548
85.2937
12.5397
1.91967
0.306857
0.0513246
0.00899738
0.00165488
0.000319646
6.48672e-05
1.38363e-05
3.10234e-06
7.31168e-07
1.81094e-07
4.71225e-08
1.28761e-08
3.69238e-09
1.11063e-09
3.50124e-10
1.1558e-10
3.99173e-11
1.44097e-11
5.43183e-12
2.13588e-12
8.74989e-13
3.7301e-13
1.65288e-13
7.60413e-14
3.62311e-14
1.80619e-14
8.41819e-15
8.211e+13
7.15387e+13
5.53629e+13
4.20691e+13
3.1298e+13
2.27246e+13
1.60484e+13
1.09841e+13
7.25893e+12
4.61394e+12
2.80935e+12
1.63175e+12
9.00234e+11
4.6969e+11
2.30746e+11
1.06289e+11
4.57222e+10
1.83e+10
6.79276e+09
2.33187e+09
7.38696e+08
2.15565e+08
5.78851e+07
1.4295e+07
3.24629e+06
678128
130400
23106.7
3778.17
572.234
83.0238
12.2004
1.86703
0.298351
0.049889
0.00874384
0.00160795
0.000310534
6.30096e-05
1.34385e-05
3.01287e-06
7.10021e-07
1.75844e-07
4.57538e-08
1.25015e-08
3.58482e-09
1.07824e-09
3.39905e-10
1.12205e-10
3.87511e-11
1.39886e-11
5.27305e-12
2.07343e-12
8.49399e-13
3.62097e-13
1.60451e-13
7.38145e-14
3.51695e-14
1.75322e-14
8.17115e-15
8.24018e+13
7.20103e+13
5.59868e+13
4.27215e+13
3.18934e+13
2.32155e+13
1.64189e+13
1.12417e+13
7.42401e+12
4.71111e+12
2.8615e+12
1.65694e+12
9.10909e+11
4.73449e+11
2.31676e+11
1.06296e+11
4.55493e+10
1.8164e+10
6.71913e+09
2.29931e+09
7.26293e+08
2.114e+08
5.66368e+07
1.39587e+07
3.16434e+06
660010
126751
22435.3
3664.96
554.656
80.4215
11.8118
1.80679
0.288624
0.0482486
0.00845427
0.00155438
0.000300136
6.08908e-05
1.2985e-05
2.91086e-06
6.85917e-07
1.69861e-07
4.41938e-08
1.20745e-08
3.46222e-09
1.04132e-09
3.28257e-10
1.08357e-10
3.74214e-11
1.35084e-11
5.09198e-12
2.00222e-12
8.20222e-13
3.49657e-13
1.54937e-13
7.12774e-14
3.39602e-14
1.69291e-14
7.88999e-15
8.27436e+13
7.25663e+13
5.67248e+13
4.34921e+13
3.25934e+13
2.37883e+13
1.68475e+13
1.15365e+13
7.6105e+12
4.81929e+12
2.91856e+12
1.68389e+12
9.2196e+11
4.77112e+11
2.32428e+11
1.06167e+11
4.52981e+10
1.79897e+10
6.62917e+09
2.26053e+09
7.11755e+08
2.06573e+08
5.52024e+07
1.35746e+07
3.07125e+06
639509
122635
21680
3537.89
534.958
77.5097
11.3776
1.73954
0.277773
0.0464196
0.00813162
0.00149472
0.000288562
5.85332e-05
1.24805e-05
2.79743e-06
6.59121e-07
1.6321e-07
4.24602e-08
1.16001e-08
3.32599e-09
1.0003e-09
3.15313e-10
1.04081e-10
3.59438e-11
1.29748e-11
4.89075e-12
1.92307e-12
7.87794e-13
3.35831e-13
1.4881e-13
6.84584e-14
3.2617e-14
1.62593e-14
7.57786e-15
8.31523e+13
7.32251e+13
5.75948e+13
4.43949e+13
3.34068e+13
2.44471e+13
1.73342e+13
1.18666e+13
7.81609e+12
4.93639e+12
2.97899e+12
1.71161e+12
9.32824e+11
4.80391e+11
2.32868e+11
1.05848e+11
4.49478e+10
1.77703e+10
6.52083e+09
2.215e+09
6.94976e+08
2.01069e+08
5.35813e+07
1.31435e+07
2.96734e+06
616725
118078
20846.1
3397.91
513.3
74.3133
10.9014
1.66588
0.265899
0.0444199
0.00777907
0.00142957
0.000275928
5.59609e-05
1.19303e-05
2.67377e-06
6.29916e-07
1.55964e-07
4.05718e-08
1.10834e-08
3.17764e-09
9.55634e-10
3.0122e-10
9.94252e-11
3.43348e-11
1.23936e-11
4.67161e-12
1.83688e-12
7.52477e-13
3.20774e-13
1.42138e-13
6.53887e-14
3.11544e-14
1.55301e-14
7.23814e-15
8.36357e+13
7.39994e+13
5.86121e+13
4.54424e+13
3.43404e+13
2.51932e+13
1.78772e+13
1.22285e+13
8.03715e+12
5.0595e+12
3.04075e+12
1.73885e+12
9.42817e+11
4.82947e+11
2.32846e+11
1.05276e+11
4.4476e+10
1.74985e+10
6.39208e+09
2.16224e+09
6.75863e+08
1.94876e+08
5.17747e+07
1.26667e+07
2.85307e+06
591788
113108
19939.6
3246.14
489.869
70.8609
10.3879
1.58653
0.253119
0.0422692
0.00740016
0.0013596
0.000262366
5.32009e-05
1.13401e-05
2.54119e-06
5.98616e-07
1.48201e-07
3.8549e-08
1.05301e-08
3.01881e-09
9.07818e-10
2.86134e-10
9.44419e-11
3.26127e-11
1.17717e-11
4.43707e-12
1.74463e-12
7.14675e-13
3.04657e-13
1.34995e-13
6.21028e-14
2.95889e-14
1.47496e-14
6.87457e-15
8.41903e+13
7.48942e+13
5.97863e+13
4.66402e+13
3.53934e+13
2.6021e+13
1.84685e+13
1.26146e+13
8.26756e+12
5.18427e+12
3.10109e+12
1.76403e+12
9.51109e+11
4.84383e+11
2.32188e+11
1.04384e+11
4.38593e+10
1.71671e+10
6.24094e+09
2.10181e+09
6.54344e+08
1.87993e+08
4.97862e+07
1.21459e+07
2.72902e+06
564853
107763
18967.7
3083.87
464.871
67.1846
9.84188
1.50226
0.239561
0.0399895
0.00699881
0.00128552
0.000248017
5.02823e-05
1.07164e-05
2.40112e-06
5.65558e-07
1.40003e-07
3.6414e-08
9.94619e-09
2.85125e-09
8.57384e-10
2.70226e-10
8.91876e-11
3.07972e-11
1.1116e-11
4.18983e-12
1.64738e-12
6.74826e-13
2.87666e-13
1.27465e-13
5.86385e-14
2.79383e-14
1.39268e-14
6.49127e-15
8.48602e+13
7.59549e+13
6.11517e+13
4.80056e+13
3.65675e+13
2.69221e+13
1.90959e+13
1.30133e+13
8.49836e+12
5.30479e+12
3.15655e+12
1.78529e+12
9.56782e+11
4.84283e+11
2.30723e+11
1.03107e+11
4.30751e+10
1.67692e+10
6.06567e+09
2.03336e+09
6.30378e+08
1.80425e+08
4.76216e+07
1.15835e+07
2.59593e+06
536102
102081
17938.3
2912.49
438.534
63.3186
9.26857
1.41389
0.225358
0.0376037
0.00657911
0.00120811
0.000233031
4.72356e-05
1.00656e-05
2.25502e-06
5.31091e-07
1.3146e-07
3.41894e-08
9.33801e-09
2.67677e-09
8.04879e-10
2.53668e-10
8.37197e-11
2.89082e-11
1.04339e-11
3.93263e-12
1.54622e-12
6.33377e-13
2.69993e-13
1.19633e-13
5.50351e-14
2.62214e-14
1.30709e-14
6.09251e-15
8.5668e+13
7.72116e+13
6.27304e+13
4.95442e+13
3.78555e+13
2.78829e+13
1.9744e+13
1.34101e+13
8.71786e+12
5.41276e+12
3.20192e+12
1.79978e+12
9.58447e+11
4.82041e+11
2.2821e+11
1.0136e+11
4.20971e+10
1.62977e+10
5.86469e+09
1.95664e+09
6.03968e+08
1.72193e+08
4.52911e+07
1.09828e+07
2.45473e+06
505767
96113
16860.9
2733.66
411.117
59.3025
8.67396
1.32236
0.210664
0.0351376
0.00614564
0.00112822
0.000217573
4.40946e-05
9.39492e-06
2.10453e-06
4.95602e-07
1.22666e-07
3.19004e-08
8.71237e-09
2.49732e-09
7.50897e-10
2.36648e-10
7.81006e-11
2.69673e-11
9.73323e-12
3.66847e-12
1.44233e-12
5.90814e-13
2.51846e-13
1.11591e-13
5.13351e-14
2.44584e-14
1.2192e-14
5.68301e-15
8.65918e+13
7.86521e+13
6.44886e+13
5.11952e+13
3.91861e+13
2.88428e+13
2.03734e+13
1.3785e+13
8.91789e+12
5.50533e+12
3.23618e+12
1.80697e+12
9.5577e+11
4.77461e+11
2.24556e+11
9.91052e+10
4.09121e+10
1.5749e+10
5.63732e+09
1.87165e+09
5.75179e+08
1.63332e+08
4.28078e+07
1.03481e+07
2.3065e+06
474095
89910
15745.4
2549.05
382.888
55.1758
8.06402
1.2286
0.195629
0.0326169
0.00570292
0.00104667
0.000201806
4.08925e-05
8.71153e-06
1.95124e-06
4.59468e-07
1.13716e-07
2.95713e-08
8.07597e-09
2.31484e-09
6.96012e-10
2.19347e-10
7.23901e-11
2.49954e-11
9.02143e-12
3.40017e-12
1.33684e-12
5.476e-13
2.33424e-13
1.03428e-13
4.75796e-14
2.2669e-14
1.12999e-14
5.26736e-15
8.78285e+13
8.04419e+13
6.65228e+13
5.29972e+13
4.05405e+13
2.97355e+13
2.0899e+13
1.40624e+13
9.04591e+12
5.55232e+12
3.24449e+12
1.80048e+12
9.46299e+11
4.6969e+11
2.19488e+11
9.62633e+10
3.95006e+10
1.51193e+10
5.38324e+09
1.77855e+09
5.44131e+08
1.53893e+08
4.0189e+07
9.68415e+06
2.15251e+06
441373
83530.6
14602.4
2360.51
354.132
50.9811
7.44508
1.1336
0.180412
0.030068
0.00525563
0.000964346
0.000185898
3.76635e-05
8.02273e-06
1.79681e-06
4.23077e-07
1.04704e-07
2.72271e-08
7.43562e-09
2.13127e-09
6.40814e-10
2.01952e-10
6.66494e-11
2.30133e-11
8.30614e-12
3.13061e-12
1.23087e-12
5.04197e-13
2.14925e-13
9.52321e-14
4.38095e-14
2.08729e-14
1.04046e-14
4.85018e-15
8.91805e+13
8.23144e+13
6.84694e+13
5.46867e+13
4.1847e+13
3.06268e+13
2.14238e+13
1.43211e+13
9.14414e+12
5.57047e+12
3.23146e+12
1.78078e+12
9.29676e+11
4.58436e+11
2.12872e+11
9.27893e+10
3.78509e+10
1.4407e+10
5.10278e+09
1.67772e+09
5.11009e+08
1.43946e+08
3.74562e+07
8.99692e+06
1.99417e+06
407916
77038.2
13443.6
2169.97
325.147
46.762
6.82364
1.03834
0.165174
0.027518
0.00480852
0.000882111
0.000170016
3.44416e-05
7.33577e-06
1.64286e-06
3.86812e-07
9.57275e-08
2.48926e-08
6.7981e-09
1.94856e-09
5.85886e-10
1.84645e-10
6.09389e-11
2.10421e-11
7.59484e-12
2.86259e-12
1.12552e-12
4.61055e-13
1.9654e-13
8.70878e-14
4.00637e-14
1.90887e-14
9.51528e-15
4.43585e-15
9.13164e+13
8.4874e+13
7.03302e+13
5.56705e+13
4.22895e+13
3.08232e+13
2.15073e+13
1.43372e+13
9.1182e+12
5.52597e+12
3.18651e+12
1.74487e+12
9.05078e+11
4.43475e+11
2.04651e+11
8.86725e+10
3.59644e+10
1.36145e+10
4.79748e+09
1.56987e+09
4.76079e+08
1.33577e+08
3.4635e+07
8.29311e+06
1.83309e+06
374066
70499.7
12281.1
1979.42
296.237
42.5629
6.2062
0.943837
0.150073
0.0249936
0.00436626
0.000800824
0.000154328
3.12603e-05
6.65778e-06
1.49097e-06
3.51048e-07
8.68774e-08
2.25918e-08
6.16994e-09
1.76857e-09
5.31792e-10
1.67604e-10
5.53174e-11
1.91018e-11
6.89484e-12
2.59886e-12
1.02187e-12
4.18612e-13
1.78454e-13
7.90769e-14
3.63798e-14
1.7334e-14
8.64087e-15
4.02849e-15
9.18139e+13
8.64881e+13
7.25534e+13
5.72245e+13
4.29712e+13
3.09398e+13
2.13847e+13
1.4161e+13
8.96075e+12
5.4053e+12
3.10167e+12
1.68942e+12
8.71413e+11
4.24527e+11
1.94782e+11
8.392e+10
3.38512e+10
1.27478e+10
4.47001e+09
1.45602e+09
4.39692e+08
1.22895e+08
3.17552e+07
7.58022e+06
1.67099e+06
340187
63985.2
11127.2
1790.88
267.705
38.4276
5.59921
0.851062
0.135266
0.0225207
0.00393337
0.000721316
0.000138991
2.8152e-05
5.99559e-06
1.34268e-06
3.16139e-07
7.82413e-08
2.03471e-08
5.55729e-09
1.59308e-09
4.7906e-10
1.50996e-10
4.98399e-11
1.72116e-11
6.21301e-12
2.34202e-12
9.20935e-13
3.77286e-13
1.60845e-13
7.12778e-14
3.27933e-14
1.56259e-14
7.78969e-15
3.63194e-15
8.54439e+13
7.99363e+13
6.89586e+13
5.553e+13
4.21176e+13
3.03546e+13
2.09003e+13
1.37688e+13
8.66953e+12
5.2061e+12
2.97438e+12
1.61282e+12
8.27956e+11
4.01348e+11
1.83205e+11
7.85265e+10
3.15153e+10
1.18101e+10
4.12192e+09
1.33677e+09
4.02048e+08
1.11958e+08
2.88327e+07
6.8621e+06
1.50872e+06
306451
57526.9
9987.54
1605.23
239.682
34.3744
5.00527
0.760406
0.120813
0.0201093
0.00351159
0.000643899
0.000124066
2.51285e-05
5.35175e-06
1.19854e-06
2.82217e-07
6.98511e-08
1.81668e-08
4.96228e-09
1.42266e-09
4.27862e-10
1.34875e-10
4.45237e-11
1.53775e-11
5.55154e-12
2.09289e-12
8.23053e-13
3.37216e-13
1.43774e-13
6.37175e-14
2.9317e-14
1.39703e-14
6.9647e-15
3.24758e-15
7.04705e+13
7.03405e+13
6.21674e+13
5.11051e+13
3.94134e+13
2.87027e+13
1.9848e+13
1.30764e+13
8.21571e+12
4.91828e+12
2.80014e+12
1.51265e+12
7.73411e+11
3.73299e+11
1.69632e+11
7.23717e+10
2.89097e+10
1.0784e+10
3.7471e+09
1.21011e+09
3.62526e+08
1.00588e+08
2.582e+07
6.12714e+06
1.34365e+06
272310
51019.3
8843.31
1419.41
211.703
30.3358
4.41441
0.670336
0.106469
0.0177181
0.00309365
0.000567235
0.000109294
2.21376e-05
4.71509e-06
1.05606e-06
2.48693e-07
6.15612e-08
1.60129e-08
4.37453e-09
1.25434e-09
3.77295e-10
1.18953e-10
3.92738e-11
1.35664e-11
4.89846e-12
1.84696e-12
7.26443e-13
2.97674e-13
1.26931e-13
5.62598e-14
2.58884e-14
1.23377e-14
6.15129e-15
2.86864e-15
5.46471e+13
5.89404e+13
5.34142e+13
4.47465e+13
3.51128e+13
2.59404e+13
1.81182e+13
1.20039e+13
7.55803e+12
4.52374e+12
2.57142e+12
1.38569e+12
7.06347e+11
3.39744e+11
1.53795e+11
6.53486e+10
2.59948e+10
9.65575e+09
3.34118e+09
1.07472e+09
3.20756e+08
8.86883e+07
2.2693e+07
5.3697e+06
1.17457e+06
237519
44417.1
7686.74
1232.16
183.582
26.2851
3.82275
0.580261
0.0921382
0.0153311
0.00267672
0.000490801
9.45742e-05
1.91584e-05
4.08116e-06
9.14232e-07
2.15335e-07
5.33142e-08
1.38705e-08
3.79002e-09
1.08695e-09
3.27013e-10
1.0312e-10
3.40533e-11
1.17654e-11
4.24899e-12
1.60239e-12
6.30368e-13
2.58353e-13
1.10184e-13
4.88453e-14
2.24802e-14
1.07151e-14
5.34302e-15
2.49214e-15
3.97769e+13
4.69086e+13
4.3719e+13
3.73008e+13
2.97601e+13
2.2325e+13
1.57947e+13
1.05652e+13
6.69363e+12
4.01984e+12
2.28768e+12
1.23233e+12
6.27245e+11
3.01015e+11
1.35877e+11
5.75475e+10
2.2811e+10
8.4421e+09
2.91043e+09
9.32778e+08
2.77428e+08
7.64589e+07
1.95053e+07
4.60294e+06
1.00444e+06
202691
37836.4
6538.15
1046.77
155.812
22.2934
3.24067
0.49176
0.0780728
0.0129901
0.00226808
0.000415917
8.0158e-05
1.62415e-05
3.46066e-06
7.75446e-07
1.82699e-07
4.52476e-08
1.17754e-08
3.2185e-09
9.23317e-10
2.77861e-10
8.76446e-11
2.89504e-11
1.00049e-11
3.61408e-12
1.36328e-12
5.36427e-13
2.19901e-13
9.38058e-14
4.15935e-14
1.91467e-14
9.12803e-15
4.55248e-15
2.12391e-15
2.7172e+13
3.53286e+13
3.39899e+13
2.95505e+13
2.39579e+13
1.82472e+13
1.30904e+13
8.86028e+12
5.66541e+12
3.42464e+12
1.95702e+12
1.05647e+12
5.38049e+11
2.58056e+11
1.16312e+11
4.91561e+10
1.94341e+10
7.17151e+09
2.46485e+09
7.87533e+08
2.33521e+08
6.41729e+07
1.63271e+07
3.84354e+06
836896
168561
31414.8
5421.28
867.043
128.956
18.4407
2.67977
0.406589
0.0645502
0.0107411
0.00187573
0.00034405
6.6326e-05
1.34433e-05
2.86547e-06
6.42328e-07
1.51398e-07
3.75111e-08
9.76615e-09
2.67046e-09
7.66415e-10
2.30736e-10
7.28086e-11
2.40587e-11
8.31733e-12
3.00549e-12
1.13406e-12
4.4637e-13
1.83035e-13
7.81006e-14
3.46388e-14
1.59492e-14
7.60545e-15
3.79395e-15
1.77052e-15
1.74206e+13
2.50808e+13
2.50019e+13
2.21753e+13
1.82671e+13
1.4121e+13
1.02741e+13
7.0441e+12
4.55419e+12
2.77755e+12
1.5979e+12
8.66608e+11
4.42615e+11
2.12576e+11
9.58313e+10
4.0471e+10
1.59779e+10
5.88498e+09
2.01823e+09
6.43314e+08
1.90298e+08
5.21718e+07
1.32441e+07
3.11134e+06
676213
135978
25307.9
4362.61
697.142
103.625
14.8134
2.15244
0.326605
0.0518626
0.00863254
0.00150806
0.000276727
5.33719e-05
1.08229e-05
2.3081e-06
5.17659e-07
1.22079e-07
3.02635e-08
7.88361e-09
2.1569e-09
6.19366e-10
1.86567e-10
5.89023e-11
1.94735e-11
6.73548e-12
2.43502e-12
9.19214e-13
3.61955e-13
1.48479e-13
6.33786e-14
2.8119e-14
1.29513e-14
6.17777e-15
3.08261e-15
1.43904e-15
1.0483e+13
1.67186e+13
1.73208e+13
1.56959e+13
1.31407e+13
1.03078e+13
7.60539e+12
5.28381e+12
3.45752e+12
2.13088e+12
1.23651e+12
6.75163e+11
3.46557e+11
1.67006e+11
7.54405e+10
3.18884e+10
1.25898e+10
4.63407e+09
1.58745e+09
5.05278e+08
1.49226e+08
4.08434e+07
1.03513e+07
2.42801e+06
526963
105837
19678.2
3389.51
541.342
80.4405
11.4983
1.67103
0.253646
0.0402966
0.00671125
0.00117317
0.000215422
4.15772e-05
8.4372e-06
1.80062e-06
4.04131e-07
9.53742e-08
2.36603e-08
6.16785e-09
1.68867e-09
4.85248e-10
1.46268e-10
4.62103e-11
1.52875e-11
5.29101e-12
1.91399e-12
7.22956e-13
2.84836e-13
1.16906e-13
4.9927e-14
2.21615e-14
1.02119e-14
4.87311e-15
2.43253e-15
1.13605e-15
5.92156e+12
1.04248e+13
1.12478e+13
1.04293e+13
8.87847e+12
7.06667e+12
5.2865e+12
3.72183e+12
2.46603e+12
1.5372e+12
9.00937e+11
4.96075e+11
2.56362e+11
1.24187e+11
5.63125e+10
2.38648e+10
9.43679e+09
3.47612e+09
1.19093e+09
3.78943e+08
1.11844e+08
3.05872e+07
7.74512e+06
1.8151e+06
393620
79000.9
14680.5
2527.73
403.634
59.9793
8.57581
1.24691
0.189396
0.0301132
0.00501977
0.000878332
0.000161445
3.11915e-05
6.33613e-06
1.35359e-06
3.04104e-07
7.18381e-08
1.78384e-08
4.65449e-09
1.27548e-09
3.66838e-10
1.1067e-10
3.4993e-11
1.15859e-11
4.01305e-12
1.45281e-12
5.49161e-13
2.16517e-13
8.89266e-14
3.80026e-14
1.68791e-14
7.78241e-15
3.71585e-15
1.85583e-15
8.67215e-16
3.13868e+12
6.05761e+12
6.81235e+12
6.47157e+12
5.60541e+12
4.52739e+12
3.4335e+12
2.4493e+12
1.64348e+12
1.03665e+12
6.14158e+11
3.41402e+11
1.77872e+11
8.67481e+10
3.95487e+10
1.68305e+10
6.67587e+09
2.4645e+09
8.45579e+08
2.69293e+08
7.95184e+07
2.17505e+07
5.50754e+06
1.2906e+06
279849
56163.5
10437
1797.34
287.088
42.6802
6.10644
0.888644
0.135117
0.0215081
0.00358985
0.000628966
0.000115768
2.23977e-05
4.55614e-06
9.74675e-07
2.19271e-07
5.18664e-08
1.28956e-08
3.36893e-09
9.24289e-10
2.66135e-10
8.03773e-11
2.54413e-11
8.43194e-12
2.92342e-12
1.05932e-12
4.00784e-13
1.58153e-13
6.50094e-14
2.78038e-14
1.23586e-14
5.70233e-15
2.72458e-15
1.36165e-15
6.36746e-16
1.55928e+12
3.26763e+12
3.82866e+12
3.72965e+12
3.28881e+12
2.69596e+12
2.07251e+12
1.4978e+12
1.01774e+12
6.49713e+11
3.89263e+11
2.18614e+11
1.14942e+11
5.65022e+10
2.59326e+10
1.10973e+10
4.42159e+09
1.63811e+09
5.63597e+08
1.79871e+08
5.31988e+07
1.45693e+07
3.69271e+06
866016
187917
37739.2
7018.16
1209.52
193.365
28.7752
4.12176
0.600622
0.0914583
0.0145814
0.00243777
0.00042785
7.88893e-05
1.529e-05
3.11585e-06
6.67744e-07
1.50485e-07
3.56566e-08
8.88011e-09
2.32363e-09
6.38492e-10
1.84118e-10
5.56857e-11
1.76498e-11
5.85716e-12
2.03322e-12
7.37618e-13
2.79381e-13
1.10363e-13
4.54111e-14
1.94405e-14
8.64913e-15
3.99424e-15
1.91004e-15
9.55327e-16
4.47118e-16
7.24479e+11
1.63003e+12
1.98672e+12
1.98534e+12
1.78313e+12
1.48377e+12
1.15615e+12
8.46355e+11
5.8229e+11
3.76217e+11
2.27992e+11
1.29415e+11
6.87102e+10
3.40726e+10
1.5759e+10
6.78873e+09
2.72024e+09
1.0126e+09
3.49769e+08
1.11994e+08
3.32137e+07
9.11679e+06
2.31524e+06
543904
118207
23774.9
4427.77
764.223
122.363
18.2385
2.61704
0.382073
0.0582948
0.00931322
0.00156032
0.000274441
5.07136e-05
9.8507e-06
2.01183e-06
4.32088e-07
9.75867e-08
2.31718e-08
5.78281e-09
1.51622e-09
4.17446e-10
1.20603e-10
3.6542e-11
1.16022e-11
3.85662e-12
1.34087e-12
4.87174e-13
1.84784e-13
7.30929e-14
3.01138e-14
1.29072e-14
5.74899e-15
2.65779e-15
1.27224e-15
6.36935e-16
2.98405e-16
3.13737e+11
7.48949e+11
9.4716e+11
9.70788e+11
8.88316e+11
7.50445e+11
5.92662e+11
4.39389e+11
3.06027e+11
2.00091e+11
1.22653e+11
7.03817e+10
3.77481e+10
1.88937e+10
8.81233e+09
3.82475e+09
1.54271e+09
5.77577e+08
2.005e+08
6.44755e+07
1.91926e+07
5.2853e+06
1.3461e+06
317057
69073.3
13924.7
2599.12
449.604
72.1497
10.7787
1.55035
0.226911
0.0347102
0.00555987
0.000933956
0.000164708
3.05171e-05
5.94342e-06
1.21703e-06
2.62068e-07
5.93404e-08
1.41259e-08
3.53406e-09
9.2886e-10
2.56337e-10
7.4227e-11
2.25401e-11
7.17178e-12
2.38881e-12
8.3217e-13
3.02914e-13
1.15099e-13
4.56053e-14
1.88192e-14
8.07842e-15
3.60334e-15
1.6681e-15
7.99508e-16
4.00746e-16
1.87983e-16
1.26032e+11
3.15606e+11
4.12814e+11
4.33674e+11
4.04301e+11
3.46773e+11
2.77549e+11
2.08357e+11
1.46876e+11
9.71642e+10
6.0241e+10
3.49466e+10
1.89374e+10
9.57035e+09
4.50357e+09
1.97052e+09
8.00621e+08
3.01705e+08
1.05342e+08
3.405e+07
1.01822e+07
2.81553e+06
719752
170111
37179.4
7518.21
1407.53
244.2
39.3038
5.88932
0.849696
0.124757
0.0191455
0.00307664
0.000518492
9.17328e-05
1.70505e-05
3.33117e-06
6.84245e-07
1.47793e-07
3.35656e-08
8.01386e-09
2.01072e-09
5.29973e-10
1.46659e-10
4.25813e-11
1.2964e-11
4.13522e-12
1.38071e-12
4.82109e-13
1.75882e-13
6.69736e-14
2.6591e-14
1.09943e-14
4.72821e-15
2.11271e-15
9.79669e-16
4.70288e-16
2.36079e-16
1.1091e-16
4.66917e+10
1.21414e+11
1.6367e+11
1.76035e+11
1.67159e+11
1.45555e+11
1.18053e+11
8.97191e+10
6.39964e+10
4.28258e+10
2.68507e+10
1.5746e+10
8.62161e+09
4.40001e+09
2.08961e+09
9.22091e+08
3.77571e+08
1.43295e+08
5.03547e+07
1.63711e+07
4.92143e+06
1.36741e+06
351110
83327.6
18283.6
3711.17
697.353
121.429
19.6151
2.94991
0.427202
0.0629654
0.00970023
0.00156485
0.000264733
4.70159e-05
8.77177e-06
1.72009e-06
3.54602e-07
7.68644e-08
1.75177e-08
4.19662e-09
1.05645e-09
2.79352e-10
7.75481e-11
2.25844e-11
6.89623e-12
2.20605e-12
7.38623e-13
2.58598e-13
9.45842e-14
3.61056e-14
1.43693e-14
5.95459e-15
2.5664e-15
1.14912e-15
5.339e-16
2.56777e-16
1.29129e-16
6.07749e-17
1.58475e+10
4.24272e+10
5.87278e+10
6.45749e+10
6.2426e+10
5.51743e+10
4.53381e+10
3.48751e+10
2.51654e+10
1.70309e+10
1.07959e+10
6.39911e+09
3.54011e+09
1.82458e+09
8.7462e+08
3.8933e+08
1.60718e+08
6.14533e+07
2.17441e+07
7.11412e+06
2.15108e+06
600889
155065
36975.1
8149.67
1661.44
313.534
54.8271
8.8941
1.3433
0.195385
0.0289265
0.00447638
0.000725381
0.000123264
2.1988e-05
4.12013e-06
8.1138e-07
1.67967e-07
3.65577e-08
8.36483e-09
2.0117e-09
5.08334e-10
1.3491e-10
3.75841e-11
1.09834e-11
3.36502e-12
1.07992e-12
3.62701e-13
1.27366e-13
4.67198e-14
1.78839e-14
7.13642e-15
2.96488e-15
1.28098e-15
5.7491e-16
2.67711e-16
1.29029e-16
6.50188e-17
3.06651e-17
4.89363e+09
1.33965e+10
1.89739e+10
2.12933e+10
2.09415e+10
1.87804e+10
1.56317e+10
1.21673e+10
8.87938e+09
6.07551e+09
3.89289e+09
2.33182e+09
1.30323e+09
6.78316e+08
3.28214e+08
1.47401e+08
6.13558e+07
2.3643e+07
8.42607e+06
2.77528e+06
844383
237245
61558.5
14754.9
3268.4
669.561
126.959
22.3068
3.63588
0.551774
0.0806514
0.0120004
0.00186647
0.000303989
5.19172e-05
9.30721e-06
1.75256e-06
3.46797e-07
7.2131e-08
1.57716e-08
3.62495e-09
8.75595e-10
2.22194e-10
5.92123e-11
1.65617e-11
4.8586e-12
1.4941e-12
4.8122e-13
1.62183e-13
5.71421e-14
2.10279e-14
8.07408e-15
3.23141e-15
1.34632e-15
5.83255e-16
2.62446e-16
1.22512e-16
5.91863e-17
2.9892e-17
1.41308e-17
1.3652e+09
3.80127e+09
5.49091e+09
6.27808e+09
6.2759e+09
5.70831e+09
4.8112e+09
3.78842e+09
2.79525e+09
1.93314e+09
1.25172e+09
7.57526e+08
4.27648e+08
2.24761e+08
1.09775e+08
4.97412e+07
2.08798e+07
8.10986e+06
2.91178e+06
965731
295745
83605.9
21819.9
5259.19
1171.26
241.208
45.9749
8.11971
1.33036
0.202955
0.0298254
0.00446231
0.00069791
0.000114302
1.96297e-05
3.53839e-06
6.69902e-07
1.33268e-07
2.78639e-08
6.12369e-09
1.4145e-09
3.4333e-10
8.7536e-11
2.34343e-11
6.58364e-12
1.93968e-12
5.98952e-13
1.9368e-13
6.55253e-14
2.31718e-14
8.55724e-15
3.29688e-15
1.32377e-15
5.53244e-16
2.4039e-16
1.08475e-16
5.0774e-17
2.45924e-17
1.2451e-17
5.90083e-18
3.41577e+08
9.63518e+08
1.41535e+09
1.64578e+09
1.67063e+09
1.54032e+09
1.31415e+09
1.04649e+09
7.80454e+08
5.4539e+08
3.56769e+08
2.18094e+08
1.24341e+08
6.59811e+07
3.25262e+07
1.487e+07
6.29508e+06
2.46475e+06
891676
297854
91831.4
26126.6
6860.34
1663.25
372.533
77.1489
14.7865
2.62595
0.432646
0.0663759
0.00981091
0.00147658
0.000232327
3.82794e-05
6.61348e-06
1.19925e-06
2.28386e-07
4.56986e-08
9.60927e-09
2.12365e-09
4.93216e-10
1.20351e-10
3.08437e-11
8.29867e-12
2.34278e-12
6.9348e-13
2.15112e-13
6.98641e-14
2.37359e-14
8.42775e-15
3.12442e-15
1.20824e-15
4.86863e-16
2.04168e-16
8.90013e-17
4.02858e-17
1.89124e-17
9.18593e-18
4.6633e-18
2.21608e-18
7.60906e+07
2.16798e+08
3.23038e+08
3.81363e+08
3.92701e+08
3.66798e+08
3.16648e+08
2.54925e+08
1.92107e+08
1.35611e+08
8.95973e+07
5.53113e+07
3.18406e+07
1.70567e+07
8.48601e+06
3.9141e+06
1.67114e+06
659630
240476
80916.2
25120.5
7194.26
1901.06
463.729
104.487
21.7661
4.19616
0.749578
0.124229
0.0191735
0.00285149
0.00043188
6.8388e-05
1.13405e-05
1.97189e-06
3.59857e-07
6.89655e-08
1.38857e-08
2.93775e-09
6.53151e-10
1.52588e-10
3.74475e-11
9.65081e-12
2.61073e-12
7.40919e-13
2.20438e-13
6.87158e-14
2.24238e-14
7.65329e-15
2.72939e-15
1.01615e-15
3.94548e-16
1.59601e-16
6.71778e-17
2.93881e-17
1.33472e-17
6.28609e-18
3.06253e-18
1.55926e-18
7.43169e-19
1.49774e+07
4.30097e+07
6.48672e+07
7.76232e+07
8.09981e+07
7.65935e+07
6.6876e+07
5.44135e+07
4.14216e+07
2.95291e+07
1.96995e+07
1.22783e+07
7.13539e+06
3.85814e+06
1.93704e+06
901367
388130
154456
56749.2
19237.5
6014.78
1734.32
461.299
113.243
25.6753
5.38153
1.04385
0.18762
0.0312888
0.00485974
0.000727462
0.000110918
1.76832e-05
2.95238e-06
5.16868e-07
9.4966e-08
1.83226e-08
3.71366e-09
7.9083e-10
1.76956e-10
4.16005e-11
1.02723e-11
2.66321e-12
7.24654e-13
2.06821e-13
6.18714e-14
1.93893e-14
6.35972e-15
2.18132e-15
7.81629e-16
2.92332e-16
1.14004e-16
4.63105e-17
1.9571e-17
8.59452e-18
3.91769e-18
1.85154e-18
9.05044e-19
4.62257e-19
2.21017e-19
2.58398e+06
7.46668e+06
1.1378e+07
1.37808e+07
1.45572e+07
1.3927e+07
1.22933e+07
1.01055e+07
7.76861e+06
5.59142e+06
3.76554e+06
2.36906e+06
1.38961e+06
758299
384165
180344
78321.4
31425.2
11637.5
3975.02
1251.9
363.515
97.3471
24.0562
5.4898
1.15811
0.226091
0.0409018
0.00686607
0.00107359
0.000161819
2.48485e-05
3.99003e-06
6.71e-07
1.18322e-07
2.18967e-08
4.25493e-09
8.68495e-10
1.86235e-10
4.19572e-11
9.92981e-12
2.468e-12
6.43953e-13
1.7631e-13
5.06246e-14
1.52335e-14
4.80104e-15
1.58341e-15
5.45976e-16
1.96638e-16
7.39051e-17
2.89577e-17
1.18164e-17
5.01528e-18
2.21157e-18
1.0121e-18
4.80132e-19
2.35532e-19
1.20713e-19
5.79118e-20
387261
1.12468e+06
1.72901e+06
2.11681e+06
2.2614e+06
2.18742e+06
1.9511e+06
1.61987e+06
1.25721e+06
913348
620792
394166
233326
128484
65677.5
31104
13624.4
5512.21
2057.78
708.348
224.767
65.7412
17.73
4.41188
1.01374
0.215315
0.0423229
0.00770952
0.00130326
0.000205239
3.11634e-05
4.82163e-06
7.80176e-07
1.32215e-07
2.34946e-08
4.38133e-09
8.57865e-10
1.76422e-10
3.81117e-11
8.64883e-12
2.06151e-12
5.15958e-13
1.35542e-13
3.73572e-14
1.07958e-14
3.26896e-15
1.03651e-15
3.43856e-16
1.19238e-16
4.31797e-17
1.63143e-17
6.42466e-18
2.63436e-18
1.12332e-18
4.97551e-19
2.28667e-19
1.08919e-19
5.36373e-20
2.75915e-20
1.32852e-20
49905.9
145539
225444
278671
300809
293996
264869
222023
173925
127510
87453.3
56030.4
33467.4
18595.8
9590.96
4582.4
2024.67
826.107
310.947
107.897
34.5046
10.1691
2.76302
0.692602
0.160305
0.0342971
0.00679106
0.00124626
0.00021227
3.36873e-05
5.15588e-06
8.04254e-07
1.31213e-07
2.24217e-08
4.01748e-09
7.55391e-10
1.49118e-10
3.09149e-11
6.73163e-12
1.53959e-12
3.69786e-13
9.32447e-14
2.46746e-14
6.84908e-15
1.99302e-15
6.0754e-16
1.93892e-16
6.47277e-17
2.25821e-17
8.22565e-18
3.1254e-18
1.23749e-18
5.10068e-19
2.18586e-19
9.72824e-20
4.49144e-20
2.14872e-20
1.06255e-20
5.48769e-21
2.65261e-21
5463.36
15987.9
24928.8
31080.2
33870.8
33428
30406
25725.5
20335.8
15042.5
10409
6728.59
4055.14
2273.5
1183.14
570.344
254.23
104.635
39.7216
13.8988
4.48125
1.33136
0.364628
0.092124
0.0214909
0.00463447
0.000925025
0.000171141
2.93923e-05
4.70431e-06
7.26328e-07
1.14319e-07
1.88206e-08
3.24543e-09
5.86809e-10
1.11333e-10
2.21745e-11
4.63773e-12
1.01862e-12
2.34951e-13
5.69015e-14
1.44649e-14
3.85809e-15
1.07918e-15
3.16385e-16
9.71465e-17
3.12219e-17
1.04939e-17
3.68518e-18
1.35086e-18
5.16405e-19
2.0567e-19
8.52507e-20
3.67312e-20
1.6432e-20
7.62407e-21
3.66465e-21
1.82035e-21
9.4422e-22
4.5833e-22
500.387
1468.65
2303.12
2893.66
3181.33
3168.73
2908.85
2483.4
1980.61
1478.01
1031.77
672.887
409.172
231.48
121.562
59.1356
26.5998
11.047
4.23128
1.49368
0.485824
0.145595
0.0402209
0.0102501
0.00241206
0.000524752
0.000105679
1.97311e-05
3.42045e-06
5.52721e-07
8.61847e-08
1.37024e-08
2.27893e-09
3.97e-10
7.25131e-11
1.38965e-11
2.79538e-12
5.90378e-13
1.30916e-13
3.04812e-14
7.45002e-15
1.91086e-15
5.14119e-16
1.45029e-16
4.28687e-17
1.32679e-17
4.2971e-18
1.45506e-18
5.14654e-19
1.89963e-19
7.31034e-20
2.93018e-20
1.22205e-20
5.29641e-21
2.38279e-21
1.11154e-21
5.37044e-22
2.68079e-22
1.39712e-22
6.81261e-23
37.5918
110.613
174.341
220.575
244.486
245.642
227.499
195.943
157.644
118.672
83.5731
54.9901
33.7421
19.2649
10.2117
5.01467
2.27716
0.954766
0.369205
0.131582
0.0432085
0.0130737
0.00364665
0.000938435
0.000223026
4.90112e-05
9.97246e-06
1.88169e-06
3.29753e-07
5.38834e-08
8.49901e-09
1.36715e-09
2.3007e-10
4.05524e-11
7.49374e-12
1.45272e-12
2.95551e-13
6.31168e-14
1.41491e-14
3.32949e-15
8.22235e-16
2.13029e-16
5.78785e-17
1.64826e-17
4.91699e-18
1.53539e-18
5.01554e-19
1.71245e-19
6.10545e-20
2.27094e-20
8.80402e-21
3.554e-21
1.49233e-21
6.51013e-22
2.94716e-22
1.38304e-22
6.72038e-23
3.37289e-23
1.76703e-23
8.6595e-24
2.25385
6.64667
10.5233
13.3987
14.9642
15.1598
14.1608
12.3027
9.98447
7.58222
5.38733
3.57707
2.21537
1.27696
0.683511
0.339016
0.155519
0.0658827
0.0257448
0.00927323
0.00307807
0.000941581
0.000265577
6.91258e-05
1.66208e-05
3.69648e-06
7.61453e-07
1.45513e-07
2.58357e-08
4.279e-09
6.84353e-10
1.11646e-10
1.90548e-11
3.40594e-12
6.38148e-13
1.25403e-13
2.5855e-14
5.59385e-15
1.27001e-15
3.02565e-16
7.56214e-17
1.98216e-17
5.44637e-18
1.568e-18
4.727e-19
1.49112e-19
4.91879e-20
1.69531e-20
6.09931e-21
2.28849e-21
8.94647e-22
3.64055e-22
1.54045e-22
6.76962e-23
3.08623e-23
1.45805e-23
7.13044e-24
3.60056e-24
1.89741e-24
9.35035e-25
0.103597
0.306117
0.486633
0.623234
0.701038
0.715866
0.674325
0.590915
0.4838
0.370705
0.265823
0.17818
0.111438
0.0648906
0.0351018
0.0176014
0.00816606
0.00349989
0.00138413
0.000504746
0.000169681
5.25887e-05
1.50344e-05
3.96818e-06
9.67987e-07
2.18522e-07
4.57165e-08
8.87748e-09
1.60252e-09
2.69992e-10
4.39452e-11
7.29744e-12
1.26761e-12
2.30555e-13
4.39418e-14
8.78046e-15
1.84e-15
4.04437e-16
9.32406e-17
2.25455e-17
5.71629e-18
1.51921e-18
4.23043e-19
1.23369e-19
3.76547e-20
1.20202e-20
4.01069e-21
1.39757e-21
5.08129e-22
1.92585e-22
7.60185e-23
3.12212e-23
1.33281e-23
5.90679e-24
2.71468e-24
1.29242e-24
6.36698e-25
3.23752e-25
1.71761e-25
8.51781e-26
0.00341998
0.0101239
0.0161544
0.0208028
0.0235605
0.0242469
0.0230325
0.0203621
0.0168242
0.0130141
0.00942465
0.00638287
0.00403558
0.00237695
0.00130137
0.000660885
0.000310728
0.00013505
5.41978e-05
2.00696e-05
6.85593e-06
2.16079e-06
6.28674e-07
1.69004e-07
4.20238e-08
9.67832e-09
2.06734e-09
4.10215e-10
7.57233e-11
1.30554e-11
2.17559e-12
3.699e-13
6.57662e-14
1.22371e-14
2.3845e-15
4.86809e-16
1.04152e-16
2.3355e-17
5.48897e-18
1.352e-18
3.48933e-19
9.43284e-20
2.66992e-20
7.90883e-21
2.45035e-21
7.93497e-22
2.68415e-22
9.47662e-23
3.48896e-23
1.33826e-23
5.34321e-24
2.21855e-24
9.56986e-25
4.28347e-25
1.98731e-25
9.54681e-26
4.74359e-26
2.4317e-26
1.30025e-26
6.49511e-27
7.2401e-05
0.000214694
0.000343825
0.000445163
0.000507672
0.000526703
0.000504834
0.000450648
0.000376215
0.000294233
0.000215595
0.00014786
9.47569e-05
5.66298e-05
3.14942e-05
1.62659e-05
7.78742e-06
3.45086e-06
1.41387e-06
5.35251e-07
1.87192e-07
6.04869e-08
1.80691e-08
4.99464e-09
1.27887e-09
3.03709e-10
6.69834e-11
1.37398e-11
2.62462e-12
4.68689e-13
8.0933e-14
1.42536e-14
2.62255e-15
5.04386e-16
1.01457e-16
2.13526e-17
4.70297e-18
1.08422e-18
2.61631e-19
6.60828e-20
1.74679e-20
4.8309e-21
1.3973e-21
4.22528e-22
1.33503e-22
4.40466e-23
1.51666e-23
5.44596e-24
2.03752e-24
7.93584e-25
3.21497e-25
1.3535e-25
5.9158e-26
2.68128e-26
1.25887e-26
6.11623e-27
3.07185e-27
1.5908e-27
8.59004e-28
4.33027e-28
)
;

boundaryField
{
    highVoltage
    {
        type            fixedValue;
        value           uniform 1e+14;
    }
    topBotBoundaries
    {
        type            zeroGradient;
    }
    inletBoundary
    {
        type            fixedValue;
        value           uniform 0;
    }
    frontBack
    {
        type            empty;
    }
    region0_to_dielectric
    {
        type            zeroGradient;
    }
}


// ************************************************************************* //
