/*--------------------------------*- C++ -*----------------------------------*\
| =========                 |                                                 |
| \\      /  F ield         | OpenFOAM: The Open Source CFD Toolbox           |
|  \\    /   O peration     | Version:  2406                                  |
|   \\  /    A nd           | Website:  www.openfoam.com                      |
|    \\/     M anipulation  |                                                 |
\*---------------------------------------------------------------------------*/
FoamFile
{
    version     2.0;
    format      ascii;
    arch        "LSB;label=32;scalar=64";
    class       volScalarField;
    location    "2e-07";
    object      He;
}
// * * * * * * * * * * * * * * * * * * * * * * * * * * * * * * * * * * * * * //

dimensions      [0 -3 0 0 0 0 0];

internalField   nonuniform List<scalar> 
5880
(
2.44631e+25
2.44631e+25
2.44631e+25
2.44631e+25
2.44631e+25
2.44631e+25
2.44631e+25
2.44631e+25
2.44631e+25
2.44631e+25
2.44631e+25
2.44631e+25
2.44631e+25
2.44631e+25
2.44631e+25
2.44631e+25
2.44631e+25
2.44631e+25
2.44631e+25
2.44631e+25
2.44631e+25
2.44631e+25
2.44631e+25
2.44631e+25
2.44631e+25
2.44631e+25
2.44631e+25
2.44631e+25
2.44631e+25
2.44631e+25
2.44631e+25
2.44631e+25
2.44631e+25
2.44631e+25
2.44631e+25
2.44631e+25
2.44631e+25
2.44631e+25
2.44631e+25
2.44631e+25
2.44631e+25
2.44631e+25
2.44631e+25
2.44631e+25
2.44631e+25
2.44631e+25
2.44631e+25
2.44631e+25
2.44631e+25
2.44631e+25
2.44631e+25
2.44631e+25
2.44631e+25
2.44631e+25
2.44631e+25
2.44631e+25
2.44631e+25
2.44631e+25
2.44631e+25
2.44631e+25
2.44631e+25
2.44631e+25
2.44631e+25
2.44631e+25
2.44631e+25
2.44631e+25
2.44631e+25
2.44631e+25
2.44631e+25
2.44631e+25
2.44631e+25
2.44631e+25
2.44631e+25
2.44631e+25
2.44631e+25
2.44631e+25
2.44631e+25
2.44631e+25
2.44631e+25
2.44631e+25
2.44631e+25
2.44631e+25
2.44631e+25
2.44631e+25
2.44631e+25
2.44631e+25
2.44631e+25
2.44631e+25
2.44631e+25
2.44631e+25
2.44631e+25
2.44631e+25
2.44631e+25
2.44631e+25
2.44631e+25
2.44631e+25
2.44631e+25
2.44631e+25
2.44631e+25
2.44631e+25
2.44631e+25
2.44631e+25
2.44631e+25
2.44631e+25
2.44631e+25
2.44631e+25
2.44631e+25
2.44631e+25
2.44631e+25
2.44631e+25
2.44631e+25
2.44631e+25
2.44631e+25
2.44631e+25
2.44631e+25
2.44631e+25
2.44631e+25
2.44631e+25
2.44631e+25
2.44631e+25
2.44631e+25
2.44631e+25
2.44631e+25
2.44631e+25
2.44631e+25
2.44631e+25
2.44631e+25
2.44631e+25
2.44631e+25
2.44631e+25
2.44631e+25
2.44631e+25
2.44631e+25
2.44631e+25
2.44631e+25
2.44631e+25
2.44631e+25
2.44631e+25
2.44631e+25
2.44631e+25
2.44631e+25
2.44631e+25
2.44631e+25
2.44631e+25
2.44631e+25
2.44631e+25
2.44631e+25
2.44631e+25
2.44631e+25
2.44631e+25
2.44631e+25
2.44631e+25
2.44631e+25
2.44631e+25
2.44631e+25
2.44631e+25
2.44631e+25
2.44631e+25
2.44631e+25
2.44631e+25
2.44631e+25
2.44631e+25
2.44631e+25
2.44631e+25
2.44631e+25
2.44631e+25
2.44631e+25
2.44631e+25
2.44631e+25
2.44631e+25
2.44631e+25
2.44631e+25
2.44631e+25
2.44631e+25
2.44631e+25
2.44631e+25
2.44631e+25
2.44631e+25
2.44631e+25
2.44631e+25
2.44631e+25
2.44631e+25
2.44631e+25
2.44631e+25
2.44631e+25
2.44631e+25
2.44631e+25
2.44631e+25
2.44631e+25
2.44631e+25
2.44631e+25
2.44631e+25
2.44631e+25
2.44631e+25
2.44631e+25
2.44631e+25
2.44631e+25
2.44631e+25
2.44631e+25
2.44631e+25
2.44631e+25
2.44631e+25
2.44631e+25
2.44631e+25
2.44631e+25
2.44631e+25
2.44631e+25
2.44631e+25
2.44631e+25
2.44631e+25
2.44631e+25
2.44631e+25
2.44631e+25
2.44631e+25
2.44631e+25
2.44631e+25
2.44631e+25
2.44631e+25
2.44631e+25
2.44631e+25
2.44631e+25
2.44631e+25
2.44631e+25
2.44631e+25
2.44631e+25
2.44631e+25
2.44631e+25
2.44631e+25
2.44631e+25
2.44631e+25
2.44631e+25
2.44631e+25
2.44631e+25
2.44631e+25
2.44631e+25
2.44631e+25
2.44631e+25
2.44631e+25
2.44631e+25
2.44631e+25
2.44631e+25
2.44631e+25
2.44631e+25
2.44631e+25
2.44631e+25
2.44631e+25
2.44631e+25
2.44631e+25
2.44631e+25
2.44631e+25
2.44631e+25
2.44631e+25
2.44631e+25
2.44631e+25
2.44631e+25
2.44631e+25
2.44631e+25
2.44631e+25
2.44631e+25
2.44631e+25
2.44631e+25
2.44631e+25
2.44631e+25
2.44631e+25
2.44631e+25
2.44631e+25
2.44631e+25
2.44631e+25
2.44631e+25
2.44631e+25
2.44631e+25
2.44631e+25
2.44631e+25
2.44631e+25
2.44631e+25
2.44631e+25
2.44631e+25
2.44631e+25
2.44631e+25
2.44631e+25
2.44631e+25
2.44631e+25
2.44631e+25
2.44631e+25
2.44631e+25
2.44631e+25
2.44631e+25
2.44631e+25
2.44631e+25
2.44631e+25
2.44631e+25
2.44631e+25
2.44631e+25
2.44631e+25
2.44631e+25
2.44631e+25
2.44631e+25
2.44631e+25
2.44631e+25
2.44631e+25
2.44631e+25
2.44631e+25
2.44631e+25
2.44631e+25
2.44631e+25
2.44631e+25
2.44631e+25
2.44631e+25
2.44631e+25
2.44631e+25
2.44631e+25
2.44631e+25
2.44631e+25
2.44631e+25
2.44631e+25
2.44631e+25
2.44631e+25
2.44631e+25
2.44631e+25
2.44631e+25
2.44631e+25
2.44631e+25
2.44631e+25
2.44631e+25
2.44631e+25
2.44631e+25
2.44631e+25
2.44631e+25
2.44631e+25
2.44631e+25
2.44631e+25
2.44631e+25
2.44631e+25
2.44631e+25
2.44631e+25
2.44631e+25
2.44631e+25
2.44631e+25
2.44631e+25
2.44631e+25
2.44631e+25
2.44631e+25
2.44631e+25
2.44631e+25
2.44631e+25
2.44631e+25
2.44631e+25
2.44631e+25
2.44631e+25
2.44631e+25
2.44631e+25
2.44631e+25
2.44631e+25
2.44631e+25
2.44631e+25
2.44631e+25
2.44631e+25
2.44631e+25
2.44631e+25
2.44631e+25
2.44631e+25
2.44631e+25
2.44631e+25
2.44631e+25
2.44631e+25
2.44631e+25
2.44631e+25
2.44631e+25
2.44631e+25
2.44631e+25
2.44631e+25
2.44631e+25
2.44631e+25
2.44631e+25
2.44631e+25
2.44631e+25
2.44631e+25
2.44631e+25
2.44631e+25
2.44631e+25
2.44631e+25
2.44631e+25
2.44631e+25
2.44631e+25
2.44631e+25
2.44631e+25
2.44631e+25
2.44631e+25
2.44631e+25
2.44631e+25
2.44631e+25
2.44631e+25
2.44631e+25
2.44631e+25
2.44631e+25
2.44631e+25
2.44631e+25
2.44631e+25
2.44631e+25
2.44631e+25
2.44631e+25
2.44631e+25
2.44631e+25
2.44631e+25
2.44631e+25
2.44631e+25
2.44631e+25
2.44631e+25
2.44631e+25
2.44631e+25
2.44631e+25
2.44631e+25
2.44631e+25
2.44631e+25
2.44631e+25
2.44631e+25
2.44631e+25
2.44631e+25
2.44631e+25
2.44631e+25
2.44631e+25
2.44631e+25
2.44631e+25
2.44631e+25
2.44631e+25
2.44631e+25
2.44631e+25
2.44631e+25
2.44631e+25
2.44631e+25
2.44631e+25
2.44631e+25
2.44631e+25
2.44631e+25
2.44631e+25
2.44631e+25
2.44631e+25
2.44631e+25
2.44631e+25
2.44631e+25
2.44631e+25
2.44631e+25
2.44631e+25
2.44631e+25
2.44631e+25
2.44631e+25
2.44631e+25
2.44631e+25
2.44631e+25
2.44631e+25
2.44631e+25
2.44631e+25
2.44631e+25
2.44631e+25
2.44631e+25
2.44631e+25
2.44631e+25
2.44631e+25
2.44631e+25
2.44631e+25
2.44631e+25
2.44631e+25
2.44631e+25
2.44631e+25
2.44631e+25
2.44631e+25
2.44631e+25
2.44631e+25
2.44631e+25
2.44631e+25
2.44631e+25
2.44631e+25
2.44631e+25
2.44631e+25
2.44631e+25
2.44631e+25
2.44631e+25
2.44631e+25
2.44631e+25
2.44631e+25
2.44631e+25
2.44631e+25
2.44631e+25
2.44631e+25
2.44631e+25
2.44631e+25
2.44631e+25
2.44631e+25
2.44631e+25
2.44631e+25
2.44631e+25
2.44631e+25
2.44631e+25
2.44631e+25
2.44631e+25
2.44631e+25
2.44631e+25
2.44631e+25
2.44631e+25
2.44631e+25
2.44631e+25
2.44631e+25
2.44631e+25
2.44631e+25
2.44631e+25
2.44631e+25
2.44631e+25
2.44631e+25
2.44631e+25
2.44631e+25
2.44631e+25
2.44631e+25
2.44631e+25
2.44631e+25
2.44631e+25
2.44631e+25
2.44631e+25
2.44631e+25
2.44631e+25
2.44631e+25
2.44631e+25
2.44631e+25
2.44631e+25
2.44631e+25
2.44631e+25
2.44631e+25
2.44631e+25
2.44631e+25
2.44631e+25
2.44631e+25
2.44631e+25
2.44631e+25
2.44631e+25
2.44631e+25
2.44631e+25
2.44631e+25
2.44631e+25
2.44631e+25
2.44631e+25
2.44631e+25
2.44631e+25
2.44631e+25
2.44631e+25
2.44631e+25
2.44631e+25
2.44631e+25
2.44631e+25
2.44631e+25
2.44631e+25
2.44631e+25
2.44631e+25
2.44631e+25
2.44631e+25
2.44631e+25
2.44631e+25
2.44631e+25
2.44631e+25
2.44631e+25
2.44631e+25
2.44631e+25
2.44631e+25
2.44631e+25
2.44631e+25
2.44631e+25
2.44631e+25
2.44631e+25
2.44631e+25
2.44631e+25
2.44631e+25
2.44631e+25
2.44631e+25
2.44631e+25
2.44631e+25
2.44631e+25
2.44631e+25
2.44631e+25
2.44631e+25
2.44631e+25
2.44631e+25
2.44631e+25
2.44631e+25
2.44631e+25
2.44631e+25
2.44631e+25
2.44631e+25
2.44631e+25
2.44631e+25
2.44631e+25
2.44631e+25
2.44631e+25
2.44631e+25
2.44631e+25
2.44631e+25
2.44631e+25
2.44631e+25
2.44631e+25
2.44631e+25
2.44631e+25
2.44631e+25
2.44631e+25
2.44631e+25
2.44631e+25
2.44631e+25
2.44631e+25
2.44631e+25
2.44631e+25
2.44631e+25
2.44631e+25
2.44631e+25
2.44631e+25
2.44631e+25
2.44631e+25
2.44631e+25
2.44631e+25
2.44631e+25
2.44631e+25
2.44631e+25
2.44631e+25
2.44631e+25
2.44631e+25
2.44631e+25
2.44631e+25
2.44631e+25
2.44631e+25
2.44631e+25
2.44631e+25
2.44631e+25
2.44631e+25
2.44631e+25
2.44631e+25
2.44631e+25
2.44631e+25
2.44631e+25
2.44631e+25
2.44631e+25
2.44631e+25
2.44631e+25
2.44631e+25
2.44631e+25
2.44631e+25
2.44631e+25
2.44631e+25
2.44631e+25
2.44631e+25
2.44631e+25
2.44631e+25
2.44631e+25
2.44631e+25
2.44631e+25
2.44631e+25
2.44631e+25
2.44631e+25
2.44631e+25
2.44631e+25
2.44631e+25
2.44631e+25
2.44631e+25
2.44631e+25
2.44631e+25
2.44631e+25
2.44631e+25
2.44631e+25
2.44631e+25
2.44631e+25
2.44631e+25
2.44631e+25
2.44631e+25
2.44631e+25
2.44631e+25
2.44631e+25
2.44631e+25
2.44631e+25
2.44631e+25
2.44631e+25
2.44631e+25
2.44631e+25
2.44631e+25
2.44631e+25
2.44631e+25
2.44631e+25
2.44631e+25
2.44631e+25
2.44631e+25
2.44631e+25
2.44631e+25
2.44631e+25
2.44631e+25
2.44631e+25
2.44631e+25
2.44631e+25
2.44631e+25
2.44631e+25
2.44631e+25
2.44631e+25
2.44631e+25
2.44631e+25
2.44631e+25
2.44631e+25
2.44631e+25
2.44631e+25
2.44631e+25
2.44631e+25
2.44631e+25
2.44631e+25
2.44631e+25
2.44631e+25
2.44631e+25
2.44631e+25
2.44631e+25
2.44631e+25
2.44631e+25
2.44631e+25
2.44631e+25
2.44631e+25
2.44631e+25
2.44631e+25
2.44631e+25
2.44631e+25
2.44631e+25
2.44631e+25
2.44631e+25
2.44631e+25
2.44631e+25
2.44631e+25
2.44631e+25
2.44631e+25
2.44631e+25
2.44631e+25
2.44631e+25
2.44631e+25
2.44631e+25
2.44631e+25
2.44631e+25
2.44631e+25
2.44631e+25
2.44631e+25
2.44631e+25
2.44631e+25
2.44631e+25
2.44631e+25
2.44631e+25
2.44631e+25
2.44631e+25
2.44631e+25
2.44631e+25
2.44631e+25
2.44631e+25
2.44631e+25
2.44631e+25
2.44631e+25
2.44631e+25
2.44631e+25
2.44631e+25
2.44631e+25
2.44631e+25
2.44631e+25
2.44631e+25
2.44631e+25
2.44631e+25
2.44631e+25
2.44631e+25
2.44631e+25
2.44631e+25
2.44631e+25
2.44631e+25
2.44631e+25
2.44631e+25
2.44631e+25
2.44631e+25
2.44631e+25
2.44631e+25
2.44631e+25
2.44631e+25
2.44631e+25
2.44631e+25
2.44631e+25
2.44631e+25
2.44631e+25
2.44631e+25
2.44631e+25
2.44631e+25
2.4463e+25
2.44628e+25
2.44627e+25
2.44627e+25
2.44628e+25
2.44629e+25
2.4463e+25
2.4463e+25
2.44631e+25
2.44631e+25
2.44631e+25
2.44631e+25
2.44631e+25
2.44631e+25
2.44631e+25
2.44631e+25
2.44631e+25
2.44631e+25
2.44631e+25
2.44631e+25
2.44631e+25
2.44631e+25
2.44631e+25
2.44631e+25
2.44631e+25
2.44631e+25
2.44631e+25
2.44631e+25
2.44631e+25
2.44631e+25
2.44631e+25
2.44631e+25
2.44631e+25
2.44631e+25
2.44631e+25
2.44631e+25
2.44631e+25
2.44631e+25
2.44631e+25
2.44631e+25
2.44631e+25
2.44631e+25
2.44631e+25
2.44631e+25
2.44631e+25
2.44631e+25
2.44631e+25
2.44631e+25
2.44631e+25
2.44631e+25
2.44631e+25
2.44631e+25
2.44631e+25
2.44631e+25
2.44631e+25
2.44631e+25
2.44631e+25
2.44631e+25
2.44631e+25
2.44629e+25
2.44613e+25
2.44595e+25
2.44586e+25
2.44587e+25
2.44596e+25
2.44607e+25
2.44616e+25
2.44623e+25
2.44627e+25
2.4463e+25
2.44631e+25
2.44631e+25
2.44631e+25
2.44631e+25
2.44631e+25
2.44631e+25
2.44631e+25
2.44631e+25
2.44631e+25
2.44631e+25
2.44631e+25
2.44631e+25
2.44631e+25
2.44631e+25
2.44631e+25
2.44631e+25
2.44631e+25
2.44631e+25
2.44631e+25
2.44631e+25
2.44631e+25
2.44631e+25
2.44631e+25
2.44631e+25
2.44631e+25
2.44631e+25
2.44631e+25
2.44631e+25
2.44631e+25
2.44631e+25
2.44631e+25
2.44631e+25
2.44631e+25
2.44631e+25
2.44631e+25
2.44631e+25
2.44631e+25
2.44631e+25
2.44631e+25
2.44631e+25
2.44631e+25
2.44631e+25
2.44631e+25
2.44631e+25
2.44631e+25
2.44631e+25
2.44631e+25
2.44631e+25
2.44631e+25
2.44606e+25
2.44451e+25
2.44286e+25
2.44214e+25
2.44242e+25
2.44327e+25
2.44426e+25
2.4451e+25
2.44568e+25
2.44602e+25
2.44619e+25
2.44627e+25
2.4463e+25
2.44631e+25
2.44631e+25
2.44631e+25
2.44631e+25
2.44631e+25
2.44631e+25
2.44631e+25
2.44631e+25
2.44631e+25
2.44631e+25
2.44631e+25
2.44631e+25
2.44631e+25
2.44631e+25
2.44631e+25
2.44631e+25
2.44631e+25
2.44631e+25
2.44631e+25
2.44631e+25
2.44631e+25
2.44631e+25
2.44631e+25
2.44631e+25
2.44631e+25
2.44631e+25
2.44631e+25
2.44631e+25
2.44631e+25
2.44631e+25
2.44631e+25
2.44631e+25
2.44631e+25
2.44631e+25
2.44631e+25
2.44631e+25
2.44631e+25
2.44631e+25
2.44631e+25
2.44631e+25
2.44631e+25
2.44631e+25
2.44631e+25
2.44631e+25
2.44631e+25
2.44631e+25
2.44631e+25
2.44413e+25
2.43157e+25
2.41954e+25
2.41534e+25
2.41838e+25
2.42513e+25
2.43238e+25
2.43826e+25
2.44222e+25
2.44448e+25
2.44559e+25
2.44606e+25
2.44624e+25
2.44629e+25
2.44631e+25
2.44631e+25
2.44631e+25
2.44631e+25
2.44631e+25
2.44631e+25
2.44631e+25
2.44631e+25
2.44631e+25
2.44631e+25
2.44631e+25
2.44631e+25
2.44631e+25
2.44631e+25
2.44631e+25
2.44631e+25
2.44631e+25
2.44631e+25
2.44631e+25
2.44631e+25
2.44631e+25
2.44631e+25
2.44631e+25
2.44631e+25
2.44631e+25
2.44631e+25
2.44631e+25
2.44631e+25
2.44631e+25
2.44631e+25
2.44631e+25
2.44631e+25
2.44631e+25
2.44631e+25
2.44631e+25
2.44631e+25
2.44631e+25
2.44631e+25
2.44631e+25
2.44631e+25
2.44631e+25
2.44631e+25
2.44631e+25
2.44631e+25
2.44631e+25
2.44631e+25
2.4304e+25
2.34675e+25
2.27599e+25
2.25833e+25
2.28292e+25
2.3261e+25
2.3693e+25
2.40291e+25
2.42474e+25
2.43687e+25
2.44268e+25
2.44509e+25
2.44595e+25
2.44622e+25
2.44629e+25
2.44631e+25
2.44631e+25
2.44631e+25
2.44631e+25
2.44631e+25
2.44631e+25
2.44631e+25
2.44631e+25
2.44631e+25
2.44631e+25
2.44631e+25
2.44631e+25
2.44631e+25
2.44631e+25
2.44631e+25
2.44631e+25
2.44631e+25
2.44631e+25
2.44631e+25
2.44631e+25
2.44631e+25
2.44631e+25
2.44631e+25
2.44631e+25
2.44631e+25
2.44631e+25
2.44631e+25
2.44631e+25
2.44631e+25
2.44631e+25
2.44631e+25
2.44631e+25
2.44631e+25
2.44631e+25
2.44631e+25
2.44631e+25
2.44631e+25
2.44631e+25
2.44631e+25
2.44631e+25
2.44631e+25
2.44631e+25
2.44631e+25
2.44631e+25
2.44631e+25
2.34779e+25
1.88576e+25
1.54979e+25
1.50443e+25
1.65761e+25
1.88339e+25
2.09519e+25
2.25331e+25
2.35268e+25
2.40628e+25
2.43127e+25
2.44136e+25
2.44489e+25
2.44595e+25
2.44623e+25
2.4463e+25
2.44631e+25
2.44631e+25
2.44631e+25
2.44631e+25
2.44631e+25
2.44631e+25
2.44631e+25
2.44631e+25
2.44631e+25
2.44631e+25
2.44631e+25
2.44631e+25
2.44631e+25
2.44631e+25
2.44631e+25
2.44631e+25
2.44631e+25
2.44631e+25
2.44631e+25
2.44631e+25
2.44631e+25
2.44631e+25
2.44631e+25
2.44631e+25
2.44631e+25
2.44631e+25
2.44631e+25
2.44631e+25
2.44631e+25
2.44631e+25
2.44631e+25
2.44631e+25
2.44631e+25
2.44631e+25
2.44631e+25
2.44631e+25
2.44631e+25
2.44631e+25
2.44631e+25
2.44631e+25
2.44631e+25
2.44631e+25
2.44631e+25
2.44631e+25
1.92121e+25
0
0
0
0
2.45851e+24
1.1102e+25
1.73026e+25
2.10735e+25
2.30481e+25
2.39434e+25
2.42957e+25
2.44159e+25
2.44515e+25
2.44606e+25
2.44627e+25
2.4463e+25
2.44631e+25
2.44631e+25
2.44631e+25
2.44631e+25
2.44631e+25
2.44631e+25
2.44631e+25
2.44631e+25
2.44631e+25
2.44631e+25
2.44631e+25
2.44631e+25
2.44631e+25
2.44631e+25
2.44631e+25
2.44631e+25
2.44631e+25
2.44631e+25
2.44631e+25
2.44631e+25
2.44631e+25
2.44631e+25
2.44631e+25
2.44631e+25
2.44631e+25
2.44631e+25
2.44631e+25
2.44631e+25
2.44631e+25
2.44631e+25
2.44631e+25
2.44631e+25
2.44631e+25
2.44631e+25
2.44631e+25
2.44631e+25
2.44631e+25
2.44631e+25
2.44631e+25
2.44631e+25
2.44631e+25
2.44631e+25
2.44631e+25
1.52597e+23
0
0
0
0
0
0
2.03857e+24
1.4109e+25
2.02433e+25
2.29484e+25
2.39854e+25
2.4331e+25
2.44312e+25
2.44564e+25
2.44619e+25
2.44629e+25
2.44631e+25
2.44631e+25
2.44631e+25
2.44631e+25
2.44631e+25
2.44631e+25
2.44631e+25
2.44631e+25
2.44631e+25
2.44631e+25
2.44631e+25
2.44631e+25
2.44631e+25
2.44631e+25
2.44631e+25
2.44631e+25
2.44631e+25
2.44631e+25
2.44631e+25
2.44631e+25
2.44631e+25
2.44631e+25
2.44631e+25
2.44631e+25
2.44631e+25
2.44631e+25
2.44631e+25
2.44631e+25
2.44631e+25
2.44631e+25
2.44631e+25
2.44631e+25
2.44631e+25
2.44631e+25
2.44631e+25
2.44631e+25
2.44631e+25
2.44631e+25
2.44631e+25
2.44631e+25
2.44631e+25
2.44631e+25
2.44631e+25
0
0
0
0
0
0
0
0
0
1.37209e+25
2.06927e+25
2.32981e+25
2.41469e+25
2.43879e+25
2.44475e+25
2.44603e+25
2.44627e+25
2.44631e+25
2.44631e+25
2.44631e+25
2.44631e+25
2.44631e+25
2.44631e+25
2.44631e+25
2.44631e+25
2.44631e+25
2.44631e+25
2.44631e+25
2.44631e+25
2.44631e+25
2.44631e+25
2.44631e+25
2.44631e+25
2.44631e+25
2.44631e+25
2.44631e+25
2.44631e+25
2.44631e+25
2.44631e+25
2.44631e+25
2.44631e+25
2.44631e+25
2.44631e+25
2.44631e+25
2.44631e+25
2.44631e+25
2.44631e+25
2.44631e+25
2.44631e+25
2.44631e+25
2.44631e+25
2.44631e+25
2.44631e+25
2.44631e+25
2.44631e+25
2.44631e+25
2.44631e+25
2.44631e+25
2.44631e+25
2.44631e+25
0
0
0
0
0
0
0
0
0
8.44046e+23
1.63501e+25
2.20034e+25
2.38062e+25
2.4309e+25
2.44314e+25
2.44574e+25
2.44622e+25
2.4463e+25
2.44631e+25
2.44631e+25
2.44631e+25
2.44631e+25
2.44631e+25
2.44631e+25
2.44631e+25
2.44631e+25
2.44631e+25
2.44631e+25
2.44631e+25
2.44631e+25
2.44631e+25
2.44631e+25
2.44631e+25
2.44631e+25
2.44631e+25
2.44631e+25
2.44631e+25
2.44631e+25
2.44631e+25
2.44631e+25
2.44631e+25
2.44631e+25
2.44631e+25
2.44631e+25
2.44631e+25
2.44631e+25
2.44631e+25
2.44631e+25
2.44631e+25
2.44631e+25
2.44631e+25
2.44631e+25
2.44631e+25
2.44631e+25
2.44631e+25
2.44631e+25
2.44631e+25
2.44631e+25
2.44631e+25
2.44631e+25
0
0
0
0
0
0
0
0
0
0
9.18169e+24
1.99073e+25
2.32628e+25
2.41844e+25
2.44062e+25
2.4453e+25
2.44615e+25
2.44629e+25
2.44631e+25
2.44631e+25
2.44631e+25
2.44631e+25
2.44631e+25
2.44631e+25
2.44631e+25
2.44631e+25
2.44631e+25
2.44631e+25
2.44631e+25
2.44631e+25
2.44631e+25
2.44631e+25
2.44631e+25
2.44631e+25
2.44631e+25
2.44631e+25
2.44631e+25
2.44631e+25
2.44631e+25
2.44631e+25
2.44631e+25
2.44631e+25
2.44631e+25
2.44631e+25
2.44631e+25
2.44631e+25
2.44631e+25
2.44631e+25
2.44631e+25
2.44631e+25
2.44631e+25
2.44631e+25
2.44631e+25
2.44631e+25
2.44631e+25
2.44631e+25
2.44631e+25
2.44631e+25
2.44631e+25
2.44631e+25
0
0
0
0
0
0
0
0
0
0
0
1.69578e+25
2.25053e+25
2.40115e+25
2.43713e+25
2.44467e+25
2.44606e+25
2.44628e+25
2.44631e+25
2.44631e+25
2.44631e+25
2.44631e+25
2.44631e+25
2.44631e+25
2.44631e+25
2.44631e+25
2.44631e+25
2.44631e+25
2.44631e+25
2.44631e+25
2.44631e+25
2.44631e+25
2.44631e+25
2.44631e+25
2.44631e+25
2.44631e+25
2.44631e+25
2.44631e+25
2.44631e+25
2.44631e+25
2.44631e+25
2.44631e+25
2.44631e+25
2.44631e+25
2.44631e+25
2.44631e+25
2.44631e+25
2.44631e+25
2.44631e+25
2.44631e+25
2.44631e+25
2.44631e+25
2.44631e+25
2.44631e+25
2.44631e+25
2.44631e+25
2.44631e+25
2.44631e+25
2.44631e+25
2.44631e+25
0
0
0
0
0
0
0
0
0
0
0
1.33097e+25
2.15702e+25
2.37977e+25
2.43279e+25
2.4439e+25
2.44593e+25
2.44626e+25
2.44631e+25
2.44631e+25
2.44631e+25
2.44631e+25
2.44631e+25
2.44631e+25
2.44631e+25
2.44631e+25
2.44631e+25
2.44631e+25
2.44631e+25
2.44631e+25
2.44631e+25
2.44631e+25
2.44631e+25
2.44631e+25
2.44631e+25
2.44631e+25
2.44631e+25
2.44631e+25
2.44631e+25
2.44631e+25
2.44631e+25
2.44631e+25
2.44631e+25
2.44631e+25
2.44631e+25
2.44631e+25
2.44631e+25
2.44631e+25
2.44631e+25
2.44631e+25
2.44631e+25
2.44631e+25
2.44631e+25
2.44631e+25
2.44631e+25
2.44631e+25
2.44631e+25
2.44631e+25
2.44631e+25
2.44631e+25
0
0
0
0
0
0
0
0
0
0
0
9.28836e+24
2.05318e+25
2.35577e+25
2.42786e+25
2.443e+25
2.44579e+25
2.44624e+25
2.4463e+25
2.44631e+25
2.44631e+25
2.44631e+25
2.44631e+25
2.44631e+25
2.44631e+25
2.44631e+25
2.44631e+25
2.44631e+25
2.44631e+25
2.44631e+25
2.44631e+25
2.44631e+25
2.44631e+25
2.44631e+25
2.44631e+25
2.44631e+25
2.44631e+25
2.44631e+25
2.44631e+25
2.44631e+25
2.44631e+25
2.44631e+25
2.44631e+25
2.44631e+25
2.44631e+25
2.44631e+25
2.44631e+25
2.44631e+25
2.44631e+25
2.44631e+25
2.44631e+25
2.44631e+25
2.44631e+25
2.44631e+25
2.44631e+25
2.44631e+25
2.44631e+25
2.44631e+25
2.44631e+25
2.44631e+25
0
0
0
0
0
0
0
0
0
0
0
5.27737e+24
1.94777e+25
2.33097e+25
2.42267e+25
2.44204e+25
2.44564e+25
2.44622e+25
2.4463e+25
2.44631e+25
2.44631e+25
2.44631e+25
2.44631e+25
2.44631e+25
2.44631e+25
2.44631e+25
2.44631e+25
2.44631e+25
2.44631e+25
2.44631e+25
2.44631e+25
2.44631e+25
2.44631e+25
2.44631e+25
2.44631e+25
2.44631e+25
2.44631e+25
2.44631e+25
2.44631e+25
2.44631e+25
2.44631e+25
2.44631e+25
2.44631e+25
2.44631e+25
2.44631e+25
2.44631e+25
2.44631e+25
2.44631e+25
2.44631e+25
2.44631e+25
2.44631e+25
2.44631e+25
2.44631e+25
2.44631e+25
2.44631e+25
2.44631e+25
2.44631e+25
2.44631e+25
2.44631e+25
2.44631e+25
0
0
0
0
0
0
0
0
0
0
0
1.60129e+24
1.84861e+25
2.30705e+25
2.41755e+25
2.44108e+25
2.44548e+25
2.4462e+25
2.4463e+25
2.44631e+25
2.44631e+25
2.44631e+25
2.44631e+25
2.44631e+25
2.44631e+25
2.44631e+25
2.44631e+25
2.44631e+25
2.44631e+25
2.44631e+25
2.44631e+25
2.44631e+25
2.44631e+25
2.44631e+25
2.44631e+25
2.44631e+25
2.44631e+25
2.44631e+25
2.44631e+25
2.44631e+25
2.44631e+25
2.44631e+25
2.44631e+25
2.44631e+25
2.44631e+25
2.44631e+25
2.44631e+25
2.44631e+25
2.44631e+25
2.44631e+25
2.44631e+25
2.44631e+25
2.44631e+25
2.44631e+25
2.44631e+25
2.44631e+25
2.44631e+25
2.44631e+25
2.44631e+25
2.44631e+25
0
0
0
0
0
0
0
0
0
0
0
0
1.76129e+25
2.28533e+25
2.41276e+25
2.44015e+25
2.44532e+25
2.44617e+25
2.44629e+25
2.44631e+25
2.44631e+25
2.44631e+25
2.44631e+25
2.44631e+25
2.44631e+25
2.44631e+25
2.44631e+25
2.44631e+25
2.44631e+25
2.44631e+25
2.44631e+25
2.44631e+25
2.44631e+25
2.44631e+25
2.44631e+25
2.44631e+25
2.44631e+25
2.44631e+25
2.44631e+25
2.44631e+25
2.44631e+25
2.44631e+25
2.44631e+25
2.44631e+25
2.44631e+25
2.44631e+25
2.44631e+25
2.44631e+25
2.44631e+25
2.44631e+25
2.44631e+25
2.44631e+25
2.44631e+25
2.44631e+25
2.44631e+25
2.44631e+25
2.44631e+25
2.44631e+25
2.44631e+25
2.44631e+25
0
0
0
0
0
0
0
0
0
0
0
0
1.68743e+25
2.26618e+25
2.40839e+25
2.43927e+25
2.44517e+25
2.44615e+25
2.44629e+25
2.44631e+25
2.44631e+25
2.44631e+25
2.44631e+25
2.44631e+25
2.44631e+25
2.44631e+25
2.44631e+25
2.44631e+25
2.44631e+25
2.44631e+25
2.44631e+25
2.44631e+25
2.44631e+25
2.44631e+25
2.44631e+25
2.44631e+25
2.44631e+25
2.44631e+25
2.44631e+25
2.44631e+25
2.44631e+25
2.44631e+25
2.44631e+25
2.44631e+25
2.44631e+25
2.44631e+25
2.44631e+25
2.44631e+25
2.44631e+25
2.44631e+25
2.44631e+25
2.44631e+25
2.44631e+25
2.44631e+25
2.44631e+25
2.44631e+25
2.44631e+25
2.44631e+25
2.44631e+25
2.44631e+25
0
0
0
0
0
0
0
0
0
0
0
0
1.62759e+25
2.24974e+25
2.40445e+25
2.43845e+25
2.44502e+25
2.44613e+25
2.44629e+25
2.44631e+25
2.44631e+25
2.44631e+25
2.44631e+25
2.44631e+25
2.44631e+25
2.44631e+25
2.44631e+25
2.44631e+25
2.44631e+25
2.44631e+25
2.44631e+25
2.44631e+25
2.44631e+25
2.44631e+25
2.44631e+25
2.44631e+25
2.44631e+25
2.44631e+25
2.44631e+25
2.44631e+25
2.44631e+25
2.44631e+25
2.44631e+25
2.44631e+25
2.44631e+25
2.44631e+25
2.44631e+25
2.44631e+25
2.44631e+25
2.44631e+25
2.44631e+25
2.44631e+25
2.44631e+25
2.44631e+25
2.44631e+25
2.44631e+25
2.44631e+25
2.44631e+25
2.44631e+25
2.44631e+25
0
0
0
0
0
0
0
0
0
0
0
0
1.58245e+25
2.23625e+25
2.40102e+25
2.43771e+25
2.44488e+25
2.4461e+25
2.44629e+25
2.44631e+25
2.44631e+25
2.44631e+25
2.44631e+25
2.44631e+25
2.44631e+25
2.44631e+25
2.44631e+25
2.44631e+25
2.44631e+25
2.44631e+25
2.44631e+25
2.44631e+25
2.44631e+25
2.44631e+25
2.44631e+25
2.44631e+25
2.44631e+25
2.44631e+25
2.44631e+25
2.44631e+25
2.44631e+25
2.44631e+25
2.44631e+25
2.44631e+25
2.44631e+25
2.44631e+25
2.44631e+25
2.44631e+25
2.44631e+25
2.44631e+25
2.44631e+25
2.44631e+25
2.44631e+25
2.44631e+25
2.44631e+25
2.44631e+25
2.44631e+25
2.44631e+25
2.44631e+25
2.44631e+25
0
0
0
0
0
0
0
0
0
0
0
0
1.55131e+25
2.22582e+25
2.39816e+25
2.43705e+25
2.44475e+25
2.44608e+25
2.44628e+25
2.44631e+25
2.44631e+25
2.44631e+25
2.44631e+25
2.44631e+25
2.44631e+25
2.44631e+25
2.44631e+25
2.44631e+25
2.44631e+25
2.44631e+25
2.44631e+25
2.44631e+25
2.44631e+25
2.44631e+25
2.44631e+25
2.44631e+25
2.44631e+25
2.44631e+25
2.44631e+25
2.44631e+25
2.44631e+25
2.44631e+25
2.44631e+25
2.44631e+25
2.44631e+25
2.44631e+25
2.44631e+25
2.44631e+25
2.44631e+25
2.44631e+25
2.44631e+25
2.44631e+25
2.44631e+25
2.44631e+25
2.44631e+25
2.44631e+25
2.44631e+25
2.44631e+25
2.44631e+25
2.44631e+25
0
0
0
0
0
0
0
0
0
0
0
0
1.53337e+25
2.21848e+25
2.39591e+25
2.43649e+25
2.44464e+25
2.44606e+25
2.44628e+25
2.44631e+25
2.44631e+25
2.44631e+25
2.44631e+25
2.44631e+25
2.44631e+25
2.44631e+25
2.44631e+25
2.44631e+25
2.44631e+25
2.44631e+25
2.44631e+25
2.44631e+25
2.44631e+25
2.44631e+25
2.44631e+25
2.44631e+25
2.44631e+25
2.44631e+25
2.44631e+25
2.44631e+25
2.44631e+25
2.44631e+25
2.44631e+25
2.44631e+25
2.44631e+25
2.44631e+25
2.44631e+25
2.44631e+25
2.44631e+25
2.44631e+25
2.44631e+25
2.44631e+25
2.44631e+25
2.44631e+25
2.44631e+25
2.44631e+25
2.44631e+25
2.44631e+25
2.44631e+25
2.44631e+25
0
0
0
0
0
0
0
0
0
0
0
0
1.52829e+25
2.21409e+25
2.39426e+25
2.43604e+25
2.44454e+25
2.44605e+25
2.44628e+25
2.44631e+25
2.44631e+25
2.44631e+25
2.44631e+25
2.44631e+25
2.44631e+25
2.44631e+25
2.44631e+25
2.44631e+25
2.44631e+25
2.44631e+25
2.44631e+25
2.44631e+25
2.44631e+25
2.44631e+25
2.44631e+25
2.44631e+25
2.44631e+25
2.44631e+25
2.44631e+25
2.44631e+25
2.44631e+25
2.44631e+25
2.44631e+25
2.44631e+25
2.44631e+25
2.44631e+25
2.44631e+25
2.44631e+25
2.44631e+25
2.44631e+25
2.44631e+25
2.44631e+25
2.44631e+25
2.44631e+25
2.44631e+25
2.44631e+25
2.44631e+25
2.44631e+25
2.44631e+25
2.44631e+25
0
0
0
0
0
0
0
0
0
0
0
0
1.53146e+25
2.21192e+25
2.39311e+25
2.43569e+25
2.44446e+25
2.44603e+25
2.44627e+25
2.44631e+25
2.44631e+25
2.44631e+25
2.44631e+25
2.44631e+25
2.44631e+25
2.44631e+25
2.44631e+25
2.44631e+25
2.44631e+25
2.44631e+25
2.44631e+25
2.44631e+25
2.44631e+25
2.44631e+25
2.44631e+25
2.44631e+25
2.44631e+25
2.44631e+25
2.44631e+25
2.44631e+25
2.44631e+25
2.44631e+25
2.44631e+25
2.44631e+25
2.44631e+25
2.44631e+25
2.44631e+25
2.44631e+25
2.44631e+25
2.44631e+25
2.44631e+25
2.44631e+25
2.44631e+25
2.44631e+25
2.44631e+25
2.44631e+25
2.44631e+25
2.44631e+25
2.44631e+25
2.44631e+25
0
0
0
0
0
0
0
0
0
0
0
0
1.54233e+25
2.21184e+25
2.39243e+25
2.43542e+25
2.44439e+25
2.44602e+25
2.44627e+25
2.44631e+25
2.44631e+25
2.44631e+25
2.44631e+25
2.44631e+25
2.44631e+25
2.44631e+25
2.44631e+25
2.44631e+25
2.44631e+25
2.44631e+25
2.44631e+25
2.44631e+25
2.44631e+25
2.44631e+25
2.44631e+25
2.44631e+25
2.44631e+25
2.44631e+25
2.44631e+25
2.44631e+25
2.44631e+25
2.44631e+25
2.44631e+25
2.44631e+25
2.44631e+25
2.44631e+25
2.44631e+25
2.44631e+25
2.44631e+25
2.44631e+25
2.44631e+25
2.44631e+25
2.44631e+25
2.44631e+25
2.44631e+25
2.44631e+25
2.44631e+25
2.44631e+25
2.44631e+25
2.44631e+25
0
0
0
0
0
0
0
0
0
0
0
0
1.55799e+25
2.21322e+25
2.39213e+25
2.43523e+25
2.44433e+25
2.44601e+25
2.44627e+25
2.44631e+25
2.44631e+25
2.44631e+25
2.44631e+25
2.44631e+25
2.44631e+25
2.44631e+25
2.44631e+25
2.44631e+25
2.44631e+25
2.44631e+25
2.44631e+25
2.44631e+25
2.44631e+25
2.44631e+25
2.44631e+25
2.44631e+25
2.44631e+25
2.44631e+25
2.44631e+25
2.44631e+25
2.44631e+25
2.44631e+25
2.44631e+25
2.44631e+25
2.44631e+25
2.44631e+25
2.44631e+25
2.44631e+25
2.44631e+25
2.44631e+25
2.44631e+25
2.44631e+25
2.44631e+25
2.44631e+25
2.44631e+25
2.44631e+25
2.44631e+25
2.44631e+25
2.44631e+25
2.44631e+25
0
0
0
0
0
0
0
0
0
0
0
0
1.57673e+25
2.21568e+25
2.39212e+25
2.43511e+25
2.44429e+25
2.446e+25
2.44627e+25
2.44631e+25
2.44631e+25
2.44631e+25
2.44631e+25
2.44631e+25
2.44631e+25
2.44631e+25
2.44631e+25
2.44631e+25
2.44631e+25
2.44631e+25
2.44631e+25
2.44631e+25
2.44631e+25
2.44631e+25
2.44631e+25
2.44631e+25
2.44631e+25
2.44631e+25
2.44631e+25
2.44631e+25
2.44631e+25
2.44631e+25
2.44631e+25
2.44631e+25
2.44631e+25
2.44631e+25
2.44631e+25
2.44631e+25
2.44631e+25
2.44631e+25
2.44631e+25
2.44631e+25
2.44631e+25
2.44631e+25
2.44631e+25
2.44631e+25
2.44631e+25
2.44631e+25
2.44631e+25
2.44631e+25
0
0
0
0
0
0
0
0
0
0
0
0
1.59687e+25
2.21882e+25
2.39232e+25
2.43505e+25
2.44426e+25
2.44599e+25
2.44627e+25
2.44631e+25
2.44631e+25
2.44631e+25
2.44631e+25
2.44631e+25
2.44631e+25
2.44631e+25
2.44631e+25
2.44631e+25
2.44631e+25
2.44631e+25
2.44631e+25
2.44631e+25
2.44631e+25
2.44631e+25
2.44631e+25
2.44631e+25
2.44631e+25
2.44631e+25
2.44631e+25
2.44631e+25
2.44631e+25
2.44631e+25
2.44631e+25
2.44631e+25
2.44631e+25
2.44631e+25
2.44631e+25
2.44631e+25
2.44631e+25
2.44631e+25
2.44631e+25
2.44631e+25
2.44631e+25
2.44631e+25
2.44631e+25
2.44631e+25
2.44631e+25
2.44631e+25
2.44631e+25
2.44631e+25
0
0
0
0
0
0
0
0
0
0
0
0
1.61712e+25
2.2223e+25
2.39267e+25
2.43502e+25
2.44424e+25
2.44598e+25
2.44627e+25
2.44631e+25
2.44631e+25
2.44631e+25
2.44631e+25
2.44631e+25
2.44631e+25
2.44631e+25
2.44631e+25
2.44631e+25
2.44631e+25
2.44631e+25
2.44631e+25
2.44631e+25
2.44631e+25
2.44631e+25
2.44631e+25
2.44631e+25
2.44631e+25
2.44631e+25
2.44631e+25
2.44631e+25
2.44631e+25
2.44631e+25
2.44631e+25
2.44631e+25
2.44631e+25
2.44631e+25
2.44631e+25
2.44631e+25
2.44631e+25
2.44631e+25
2.44631e+25
2.44631e+25
2.44631e+25
2.44631e+25
2.44631e+25
2.44631e+25
2.44631e+25
2.44631e+25
2.44631e+25
2.44631e+25
0
0
0
0
0
0
0
0
0
0
0
0
1.63644e+25
2.22585e+25
2.3931e+25
2.43502e+25
2.44422e+25
2.44598e+25
2.44627e+25
2.44631e+25
2.44631e+25
2.44631e+25
2.44631e+25
2.44631e+25
2.44631e+25
2.44631e+25
2.44631e+25
2.44631e+25
2.44631e+25
2.44631e+25
2.44631e+25
2.44631e+25
2.44631e+25
2.44631e+25
2.44631e+25
2.44631e+25
2.44631e+25
2.44631e+25
2.44631e+25
2.44631e+25
2.44631e+25
2.44631e+25
2.44631e+25
2.44631e+25
2.44631e+25
2.44631e+25
2.44631e+25
2.44631e+25
2.44631e+25
2.44631e+25
2.44631e+25
2.44631e+25
2.44631e+25
2.44631e+25
2.44631e+25
2.44631e+25
2.44631e+25
2.44631e+25
2.44631e+25
2.44631e+25
0
0
0
0
0
0
0
0
0
0
0
0
1.65405e+25
2.22923e+25
2.39356e+25
2.43504e+25
2.44421e+25
2.44597e+25
2.44626e+25
2.44631e+25
2.44631e+25
2.44631e+25
2.44631e+25
2.44631e+25
2.44631e+25
2.44631e+25
2.44631e+25
2.44631e+25
2.44631e+25
2.44631e+25
2.44631e+25
2.44631e+25
2.44631e+25
2.44631e+25
2.44631e+25
2.44631e+25
2.44631e+25
2.44631e+25
2.44631e+25
2.44631e+25
2.44631e+25
2.44631e+25
2.44631e+25
2.44631e+25
2.44631e+25
2.44631e+25
2.44631e+25
2.44631e+25
2.44631e+25
2.44631e+25
2.44631e+25
2.44631e+25
2.44631e+25
2.44631e+25
2.44631e+25
2.44631e+25
2.44631e+25
2.44631e+25
2.44631e+25
2.44631e+25
0
0
0
0
0
0
0
0
0
0
0
0
1.66939e+25
2.23227e+25
2.394e+25
2.43507e+25
2.44421e+25
2.44597e+25
2.44626e+25
2.44631e+25
2.44631e+25
2.44631e+25
2.44631e+25
2.44631e+25
2.44631e+25
2.44631e+25
2.44631e+25
2.44631e+25
2.44631e+25
2.44631e+25
2.44631e+25
2.44631e+25
2.44631e+25
2.44631e+25
2.44631e+25
2.44631e+25
2.44631e+25
2.44631e+25
2.44631e+25
2.44631e+25
2.44631e+25
2.44631e+25
2.44631e+25
2.44631e+25
2.44631e+25
2.44631e+25
2.44631e+25
2.44631e+25
2.44631e+25
2.44631e+25
2.44631e+25
2.44631e+25
2.44631e+25
2.44631e+25
2.44631e+25
2.44631e+25
2.44631e+25
2.44631e+25
2.44631e+25
2.44631e+25
0
0
0
0
0
0
0
0
0
0
0
0
1.68205e+25
2.23484e+25
2.39439e+25
2.4351e+25
2.4442e+25
2.44597e+25
2.44626e+25
2.44631e+25
2.44631e+25
2.44631e+25
2.44631e+25
2.44631e+25
2.44631e+25
2.44631e+25
2.44631e+25
2.44631e+25
2.44631e+25
2.44631e+25
2.44631e+25
2.44631e+25
2.44631e+25
2.44631e+25
2.44631e+25
2.44631e+25
2.44631e+25
2.44631e+25
2.44631e+25
2.44631e+25
2.44631e+25
2.44631e+25
2.44631e+25
2.44631e+25
2.44631e+25
2.44631e+25
2.44631e+25
2.44631e+25
2.44631e+25
2.44631e+25
2.44631e+25
2.44631e+25
2.44631e+25
2.44631e+25
2.44631e+25
2.44631e+25
2.44631e+25
2.44631e+25
2.44631e+25
2.44631e+25
0
0
0
0
0
0
0
0
0
0
0
1.07537e+23
1.69175e+25
2.23684e+25
2.39471e+25
2.43513e+25
2.4442e+25
2.44597e+25
2.44626e+25
2.44631e+25
2.44631e+25
2.44631e+25
2.44631e+25
2.44631e+25
2.44631e+25
2.44631e+25
2.44631e+25
2.44631e+25
2.44631e+25
2.44631e+25
2.44631e+25
2.44631e+25
2.44631e+25
2.44631e+25
2.44631e+25
2.44631e+25
2.44631e+25
2.44631e+25
2.44631e+25
2.44631e+25
2.44631e+25
2.44631e+25
2.44631e+25
2.44631e+25
2.44631e+25
2.44631e+25
2.44631e+25
2.44631e+25
2.44631e+25
2.44631e+25
2.44631e+25
2.44631e+25
2.44631e+25
2.44631e+25
2.44631e+25
2.44631e+25
2.44631e+25
2.44631e+25
2.44631e+25
2.44631e+25
0
0
0
0
0
0
0
0
0
0
0
3.65324e+23
1.6983e+25
2.23822e+25
2.39493e+25
2.43515e+25
2.4442e+25
2.44597e+25
2.44626e+25
2.44631e+25
2.44631e+25
2.44631e+25
2.44631e+25
2.44631e+25
2.44631e+25
2.44631e+25
2.44631e+25
2.44631e+25
2.44631e+25
2.44631e+25
2.44631e+25
2.44631e+25
2.44631e+25
2.44631e+25
2.44631e+25
2.44631e+25
2.44631e+25
2.44631e+25
2.44631e+25
2.44631e+25
2.44631e+25
2.44631e+25
2.44631e+25
2.44631e+25
2.44631e+25
2.44631e+25
2.44631e+25
2.44631e+25
2.44631e+25
2.44631e+25
2.44631e+25
2.44631e+25
2.44631e+25
2.44631e+25
2.44631e+25
2.44631e+25
2.44631e+25
2.44631e+25
2.44631e+25
2.44631e+25
0
0
0
0
0
0
0
0
0
0
0
4.94628e+23
1.70161e+25
2.23891e+25
2.39504e+25
2.43516e+25
2.4442e+25
2.44597e+25
2.44626e+25
2.44631e+25
2.44631e+25
2.44631e+25
2.44631e+25
2.44631e+25
2.44631e+25
2.44631e+25
2.44631e+25
2.44631e+25
2.44631e+25
2.44631e+25
2.44631e+25
2.44631e+25
2.44631e+25
2.44631e+25
2.44631e+25
2.44631e+25
2.44631e+25
2.44631e+25
2.44631e+25
2.44631e+25
2.44631e+25
2.44631e+25
2.44631e+25
2.44631e+25
2.44631e+25
2.44631e+25
2.44631e+25
2.44631e+25
2.44631e+25
2.44631e+25
2.44631e+25
2.44631e+25
2.44631e+25
2.44631e+25
2.44631e+25
2.44631e+25
2.44631e+25
2.44631e+25
2.44631e+25
2.44631e+25
0
0
0
0
0
0
0
0
0
0
0
4.9463e+23
1.70161e+25
2.23891e+25
2.39504e+25
2.43516e+25
2.4442e+25
2.44597e+25
2.44626e+25
2.44631e+25
2.44631e+25
2.44631e+25
2.44631e+25
2.44631e+25
2.44631e+25
2.44631e+25
2.44631e+25
2.44631e+25
2.44631e+25
2.44631e+25
2.44631e+25
2.44631e+25
2.44631e+25
2.44631e+25
2.44631e+25
2.44631e+25
2.44631e+25
2.44631e+25
2.44631e+25
2.44631e+25
2.44631e+25
2.44631e+25
2.44631e+25
2.44631e+25
2.44631e+25
2.44631e+25
2.44631e+25
2.44631e+25
2.44631e+25
2.44631e+25
2.44631e+25
2.44631e+25
2.44631e+25
2.44631e+25
2.44631e+25
2.44631e+25
2.44631e+25
2.44631e+25
2.44631e+25
2.44631e+25
0
0
0
0
0
0
0
0
0
0
0
3.65335e+23
1.6983e+25
2.23822e+25
2.39493e+25
2.43515e+25
2.4442e+25
2.44597e+25
2.44626e+25
2.44631e+25
2.44631e+25
2.44631e+25
2.44631e+25
2.44631e+25
2.44631e+25
2.44631e+25
2.44631e+25
2.44631e+25
2.44631e+25
2.44631e+25
2.44631e+25
2.44631e+25
2.44631e+25
2.44631e+25
2.44631e+25
2.44631e+25
2.44631e+25
2.44631e+25
2.44631e+25
2.44631e+25
2.44631e+25
2.44631e+25
2.44631e+25
2.44631e+25
2.44631e+25
2.44631e+25
2.44631e+25
2.44631e+25
2.44631e+25
2.44631e+25
2.44631e+25
2.44631e+25
2.44631e+25
2.44631e+25
2.44631e+25
2.44631e+25
2.44631e+25
2.44631e+25
2.44631e+25
2.44631e+25
0
0
0
0
0
0
0
0
0
0
0
1.07559e+23
1.69175e+25
2.23685e+25
2.39471e+25
2.43513e+25
2.4442e+25
2.44597e+25
2.44626e+25
2.44631e+25
2.44631e+25
2.44631e+25
2.44631e+25
2.44631e+25
2.44631e+25
2.44631e+25
2.44631e+25
2.44631e+25
2.44631e+25
2.44631e+25
2.44631e+25
2.44631e+25
2.44631e+25
2.44631e+25
2.44631e+25
2.44631e+25
2.44631e+25
2.44631e+25
2.44631e+25
2.44631e+25
2.44631e+25
2.44631e+25
2.44631e+25
2.44631e+25
2.44631e+25
2.44631e+25
2.44631e+25
2.44631e+25
2.44631e+25
2.44631e+25
2.44631e+25
2.44631e+25
2.44631e+25
2.44631e+25
2.44631e+25
2.44631e+25
2.44631e+25
2.44631e+25
2.44631e+25
2.44631e+25
0
0
0
0
0
0
0
0
0
0
0
0
1.68205e+25
2.23484e+25
2.39439e+25
2.4351e+25
2.4442e+25
2.44597e+25
2.44626e+25
2.44631e+25
2.44631e+25
2.44631e+25
2.44631e+25
2.44631e+25
2.44631e+25
2.44631e+25
2.44631e+25
2.44631e+25
2.44631e+25
2.44631e+25
2.44631e+25
2.44631e+25
2.44631e+25
2.44631e+25
2.44631e+25
2.44631e+25
2.44631e+25
2.44631e+25
2.44631e+25
2.44631e+25
2.44631e+25
2.44631e+25
2.44631e+25
2.44631e+25
2.44631e+25
2.44631e+25
2.44631e+25
2.44631e+25
2.44631e+25
2.44631e+25
2.44631e+25
2.44631e+25
2.44631e+25
2.44631e+25
2.44631e+25
2.44631e+25
2.44631e+25
2.44631e+25
2.44631e+25
2.44631e+25
0
0
0
0
0
0
0
0
0
0
0
0
1.66939e+25
2.23227e+25
2.394e+25
2.43507e+25
2.44421e+25
2.44597e+25
2.44626e+25
2.44631e+25
2.44631e+25
2.44631e+25
2.44631e+25
2.44631e+25
2.44631e+25
2.44631e+25
2.44631e+25
2.44631e+25
2.44631e+25
2.44631e+25
2.44631e+25
2.44631e+25
2.44631e+25
2.44631e+25
2.44631e+25
2.44631e+25
2.44631e+25
2.44631e+25
2.44631e+25
2.44631e+25
2.44631e+25
2.44631e+25
2.44631e+25
2.44631e+25
2.44631e+25
2.44631e+25
2.44631e+25
2.44631e+25
2.44631e+25
2.44631e+25
2.44631e+25
2.44631e+25
2.44631e+25
2.44631e+25
2.44631e+25
2.44631e+25
2.44631e+25
2.44631e+25
2.44631e+25
2.44631e+25
0
0
0
0
0
0
0
0
0
0
0
0
1.65405e+25
2.22923e+25
2.39356e+25
2.43504e+25
2.44421e+25
2.44597e+25
2.44626e+25
2.44631e+25
2.44631e+25
2.44631e+25
2.44631e+25
2.44631e+25
2.44631e+25
2.44631e+25
2.44631e+25
2.44631e+25
2.44631e+25
2.44631e+25
2.44631e+25
2.44631e+25
2.44631e+25
2.44631e+25
2.44631e+25
2.44631e+25
2.44631e+25
2.44631e+25
2.44631e+25
2.44631e+25
2.44631e+25
2.44631e+25
2.44631e+25
2.44631e+25
2.44631e+25
2.44631e+25
2.44631e+25
2.44631e+25
2.44631e+25
2.44631e+25
2.44631e+25
2.44631e+25
2.44631e+25
2.44631e+25
2.44631e+25
2.44631e+25
2.44631e+25
2.44631e+25
2.44631e+25
2.44631e+25
0
0
0
0
0
0
0
0
0
0
0
0
1.63644e+25
2.22585e+25
2.3931e+25
2.43502e+25
2.44422e+25
2.44598e+25
2.44627e+25
2.44631e+25
2.44631e+25
2.44631e+25
2.44631e+25
2.44631e+25
2.44631e+25
2.44631e+25
2.44631e+25
2.44631e+25
2.44631e+25
2.44631e+25
2.44631e+25
2.44631e+25
2.44631e+25
2.44631e+25
2.44631e+25
2.44631e+25
2.44631e+25
2.44631e+25
2.44631e+25
2.44631e+25
2.44631e+25
2.44631e+25
2.44631e+25
2.44631e+25
2.44631e+25
2.44631e+25
2.44631e+25
2.44631e+25
2.44631e+25
2.44631e+25
2.44631e+25
2.44631e+25
2.44631e+25
2.44631e+25
2.44631e+25
2.44631e+25
2.44631e+25
2.44631e+25
2.44631e+25
2.44631e+25
0
0
0
0
0
0
0
0
0
0
0
0
1.61711e+25
2.2223e+25
2.39267e+25
2.43502e+25
2.44424e+25
2.44598e+25
2.44627e+25
2.44631e+25
2.44631e+25
2.44631e+25
2.44631e+25
2.44631e+25
2.44631e+25
2.44631e+25
2.44631e+25
2.44631e+25
2.44631e+25
2.44631e+25
2.44631e+25
2.44631e+25
2.44631e+25
2.44631e+25
2.44631e+25
2.44631e+25
2.44631e+25
2.44631e+25
2.44631e+25
2.44631e+25
2.44631e+25
2.44631e+25
2.44631e+25
2.44631e+25
2.44631e+25
2.44631e+25
2.44631e+25
2.44631e+25
2.44631e+25
2.44631e+25
2.44631e+25
2.44631e+25
2.44631e+25
2.44631e+25
2.44631e+25
2.44631e+25
2.44631e+25
2.44631e+25
2.44631e+25
2.44631e+25
0
0
0
0
0
0
0
0
0
0
0
0
1.59687e+25
2.21882e+25
2.39232e+25
2.43505e+25
2.44426e+25
2.44599e+25
2.44627e+25
2.44631e+25
2.44631e+25
2.44631e+25
2.44631e+25
2.44631e+25
2.44631e+25
2.44631e+25
2.44631e+25
2.44631e+25
2.44631e+25
2.44631e+25
2.44631e+25
2.44631e+25
2.44631e+25
2.44631e+25
2.44631e+25
2.44631e+25
2.44631e+25
2.44631e+25
2.44631e+25
2.44631e+25
2.44631e+25
2.44631e+25
2.44631e+25
2.44631e+25
2.44631e+25
2.44631e+25
2.44631e+25
2.44631e+25
2.44631e+25
2.44631e+25
2.44631e+25
2.44631e+25
2.44631e+25
2.44631e+25
2.44631e+25
2.44631e+25
2.44631e+25
2.44631e+25
2.44631e+25
2.44631e+25
0
0
0
0
0
0
0
0
0
0
0
0
1.57673e+25
2.21568e+25
2.39212e+25
2.43511e+25
2.44429e+25
2.446e+25
2.44627e+25
2.44631e+25
2.44631e+25
2.44631e+25
2.44631e+25
2.44631e+25
2.44631e+25
2.44631e+25
2.44631e+25
2.44631e+25
2.44631e+25
2.44631e+25
2.44631e+25
2.44631e+25
2.44631e+25
2.44631e+25
2.44631e+25
2.44631e+25
2.44631e+25
2.44631e+25
2.44631e+25
2.44631e+25
2.44631e+25
2.44631e+25
2.44631e+25
2.44631e+25
2.44631e+25
2.44631e+25
2.44631e+25
2.44631e+25
2.44631e+25
2.44631e+25
2.44631e+25
2.44631e+25
2.44631e+25
2.44631e+25
2.44631e+25
2.44631e+25
2.44631e+25
2.44631e+25
2.44631e+25
2.44631e+25
0
0
0
0
0
0
0
0
0
0
0
0
1.55799e+25
2.21322e+25
2.39213e+25
2.43523e+25
2.44433e+25
2.44601e+25
2.44627e+25
2.44631e+25
2.44631e+25
2.44631e+25
2.44631e+25
2.44631e+25
2.44631e+25
2.44631e+25
2.44631e+25
2.44631e+25
2.44631e+25
2.44631e+25
2.44631e+25
2.44631e+25
2.44631e+25
2.44631e+25
2.44631e+25
2.44631e+25
2.44631e+25
2.44631e+25
2.44631e+25
2.44631e+25
2.44631e+25
2.44631e+25
2.44631e+25
2.44631e+25
2.44631e+25
2.44631e+25
2.44631e+25
2.44631e+25
2.44631e+25
2.44631e+25
2.44631e+25
2.44631e+25
2.44631e+25
2.44631e+25
2.44631e+25
2.44631e+25
2.44631e+25
2.44631e+25
2.44631e+25
2.44631e+25
0
0
0
0
0
0
0
0
0
0
0
0
1.5423e+25
2.21183e+25
2.39243e+25
2.43542e+25
2.44439e+25
2.44602e+25
2.44627e+25
2.44631e+25
2.44631e+25
2.44631e+25
2.44631e+25
2.44631e+25
2.44631e+25
2.44631e+25
2.44631e+25
2.44631e+25
2.44631e+25
2.44631e+25
2.44631e+25
2.44631e+25
2.44631e+25
2.44631e+25
2.44631e+25
2.44631e+25
2.44631e+25
2.44631e+25
2.44631e+25
2.44631e+25
2.44631e+25
2.44631e+25
2.44631e+25
2.44631e+25
2.44631e+25
2.44631e+25
2.44631e+25
2.44631e+25
2.44631e+25
2.44631e+25
2.44631e+25
2.44631e+25
2.44631e+25
2.44631e+25
2.44631e+25
2.44631e+25
2.44631e+25
2.44631e+25
2.44631e+25
2.44631e+25
0
0
0
0
0
0
0
0
0
0
0
0
1.53147e+25
2.21193e+25
2.39311e+25
2.43569e+25
2.44446e+25
2.44603e+25
2.44627e+25
2.44631e+25
2.44631e+25
2.44631e+25
2.44631e+25
2.44631e+25
2.44631e+25
2.44631e+25
2.44631e+25
2.44631e+25
2.44631e+25
2.44631e+25
2.44631e+25
2.44631e+25
2.44631e+25
2.44631e+25
2.44631e+25
2.44631e+25
2.44631e+25
2.44631e+25
2.44631e+25
2.44631e+25
2.44631e+25
2.44631e+25
2.44631e+25
2.44631e+25
2.44631e+25
2.44631e+25
2.44631e+25
2.44631e+25
2.44631e+25
2.44631e+25
2.44631e+25
2.44631e+25
2.44631e+25
2.44631e+25
2.44631e+25
2.44631e+25
2.44631e+25
2.44631e+25
2.44631e+25
2.44631e+25
0
0
0
0
0
0
0
0
0
0
0
0
1.52828e+25
2.21409e+25
2.39426e+25
2.43604e+25
2.44454e+25
2.44605e+25
2.44628e+25
2.44631e+25
2.44631e+25
2.44631e+25
2.44631e+25
2.44631e+25
2.44631e+25
2.44631e+25
2.44631e+25
2.44631e+25
2.44631e+25
2.44631e+25
2.44631e+25
2.44631e+25
2.44631e+25
2.44631e+25
2.44631e+25
2.44631e+25
2.44631e+25
2.44631e+25
2.44631e+25
2.44631e+25
2.44631e+25
2.44631e+25
2.44631e+25
2.44631e+25
2.44631e+25
2.44631e+25
2.44631e+25
2.44631e+25
2.44631e+25
2.44631e+25
2.44631e+25
2.44631e+25
2.44631e+25
2.44631e+25
2.44631e+25
2.44631e+25
2.44631e+25
2.44631e+25
2.44631e+25
2.44631e+25
0
0
0
0
0
0
0
0
0
0
0
0
1.5334e+25
2.21848e+25
2.39591e+25
2.43649e+25
2.44464e+25
2.44606e+25
2.44628e+25
2.44631e+25
2.44631e+25
2.44631e+25
2.44631e+25
2.44631e+25
2.44631e+25
2.44631e+25
2.44631e+25
2.44631e+25
2.44631e+25
2.44631e+25
2.44631e+25
2.44631e+25
2.44631e+25
2.44631e+25
2.44631e+25
2.44631e+25
2.44631e+25
2.44631e+25
2.44631e+25
2.44631e+25
2.44631e+25
2.44631e+25
2.44631e+25
2.44631e+25
2.44631e+25
2.44631e+25
2.44631e+25
2.44631e+25
2.44631e+25
2.44631e+25
2.44631e+25
2.44631e+25
2.44631e+25
2.44631e+25
2.44631e+25
2.44631e+25
2.44631e+25
2.44631e+25
2.44631e+25
2.44631e+25
0
0
0
0
0
0
0
0
0
0
0
0
1.55139e+25
2.22583e+25
2.39816e+25
2.43705e+25
2.44475e+25
2.44608e+25
2.44628e+25
2.44631e+25
2.44631e+25
2.44631e+25
2.44631e+25
2.44631e+25
2.44631e+25
2.44631e+25
2.44631e+25
2.44631e+25
2.44631e+25
2.44631e+25
2.44631e+25
2.44631e+25
2.44631e+25
2.44631e+25
2.44631e+25
2.44631e+25
2.44631e+25
2.44631e+25
2.44631e+25
2.44631e+25
2.44631e+25
2.44631e+25
2.44631e+25
2.44631e+25
2.44631e+25
2.44631e+25
2.44631e+25
2.44631e+25
2.44631e+25
2.44631e+25
2.44631e+25
2.44631e+25
2.44631e+25
2.44631e+25
2.44631e+25
2.44631e+25
2.44631e+25
2.44631e+25
2.44631e+25
2.44631e+25
0
0
0
0
0
0
0
0
0
0
0
0
1.58255e+25
2.23627e+25
2.40102e+25
2.43771e+25
2.44488e+25
2.4461e+25
2.44629e+25
2.44631e+25
2.44631e+25
2.44631e+25
2.44631e+25
2.44631e+25
2.44631e+25
2.44631e+25
2.44631e+25
2.44631e+25
2.44631e+25
2.44631e+25
2.44631e+25
2.44631e+25
2.44631e+25
2.44631e+25
2.44631e+25
2.44631e+25
2.44631e+25
2.44631e+25
2.44631e+25
2.44631e+25
2.44631e+25
2.44631e+25
2.44631e+25
2.44631e+25
2.44631e+25
2.44631e+25
2.44631e+25
2.44631e+25
2.44631e+25
2.44631e+25
2.44631e+25
2.44631e+25
2.44631e+25
2.44631e+25
2.44631e+25
2.44631e+25
2.44631e+25
2.44631e+25
2.44631e+25
2.44631e+25
0
0
0
0
0
0
0
0
0
0
0
0
1.62765e+25
2.24976e+25
2.40445e+25
2.43845e+25
2.44502e+25
2.44613e+25
2.44629e+25
2.44631e+25
2.44631e+25
2.44631e+25
2.44631e+25
2.44631e+25
2.44631e+25
2.44631e+25
2.44631e+25
2.44631e+25
2.44631e+25
2.44631e+25
2.44631e+25
2.44631e+25
2.44631e+25
2.44631e+25
2.44631e+25
2.44631e+25
2.44631e+25
2.44631e+25
2.44631e+25
2.44631e+25
2.44631e+25
2.44631e+25
2.44631e+25
2.44631e+25
2.44631e+25
2.44631e+25
2.44631e+25
2.44631e+25
2.44631e+25
2.44631e+25
2.44631e+25
2.44631e+25
2.44631e+25
2.44631e+25
2.44631e+25
2.44631e+25
2.44631e+25
2.44631e+25
2.44631e+25
2.44631e+25
0
0
0
0
0
0
0
0
0
0
0
0
1.68741e+25
2.26619e+25
2.40839e+25
2.43927e+25
2.44517e+25
2.44615e+25
2.44629e+25
2.44631e+25
2.44631e+25
2.44631e+25
2.44631e+25
2.44631e+25
2.44631e+25
2.44631e+25
2.44631e+25
2.44631e+25
2.44631e+25
2.44631e+25
2.44631e+25
2.44631e+25
2.44631e+25
2.44631e+25
2.44631e+25
2.44631e+25
2.44631e+25
2.44631e+25
2.44631e+25
2.44631e+25
2.44631e+25
2.44631e+25
2.44631e+25
2.44631e+25
2.44631e+25
2.44631e+25
2.44631e+25
2.44631e+25
2.44631e+25
2.44631e+25
2.44631e+25
2.44631e+25
2.44631e+25
2.44631e+25
2.44631e+25
2.44631e+25
2.44631e+25
2.44631e+25
2.44631e+25
2.44631e+25
0
0
0
0
0
0
0
0
0
0
0
0
1.76121e+25
2.28532e+25
2.41277e+25
2.44015e+25
2.44532e+25
2.44617e+25
2.44629e+25
2.44631e+25
2.44631e+25
2.44631e+25
2.44631e+25
2.44631e+25
2.44631e+25
2.44631e+25
2.44631e+25
2.44631e+25
2.44631e+25
2.44631e+25
2.44631e+25
2.44631e+25
2.44631e+25
2.44631e+25
2.44631e+25
2.44631e+25
2.44631e+25
2.44631e+25
2.44631e+25
2.44631e+25
2.44631e+25
2.44631e+25
2.44631e+25
2.44631e+25
2.44631e+25
2.44631e+25
2.44631e+25
2.44631e+25
2.44631e+25
2.44631e+25
2.44631e+25
2.44631e+25
2.44631e+25
2.44631e+25
2.44631e+25
2.44631e+25
2.44631e+25
2.44631e+25
2.44631e+25
2.44631e+25
0
0
0
0
0
0
0
0
0
0
0
1.5962e+24
1.8485e+25
2.30704e+25
2.41755e+25
2.44108e+25
2.44548e+25
2.4462e+25
2.4463e+25
2.44631e+25
2.44631e+25
2.44631e+25
2.44631e+25
2.44631e+25
2.44631e+25
2.44631e+25
2.44631e+25
2.44631e+25
2.44631e+25
2.44631e+25
2.44631e+25
2.44631e+25
2.44631e+25
2.44631e+25
2.44631e+25
2.44631e+25
2.44631e+25
2.44631e+25
2.44631e+25
2.44631e+25
2.44631e+25
2.44631e+25
2.44631e+25
2.44631e+25
2.44631e+25
2.44631e+25
2.44631e+25
2.44631e+25
2.44631e+25
2.44631e+25
2.44631e+25
2.44631e+25
2.44631e+25
2.44631e+25
2.44631e+25
2.44631e+25
2.44631e+25
2.44631e+25
2.44631e+25
2.44631e+25
0
0
0
0
0
0
0
0
0
0
0
5.27346e+24
1.94767e+25
2.33095e+25
2.42267e+25
2.44204e+25
2.44564e+25
2.44622e+25
2.4463e+25
2.44631e+25
2.44631e+25
2.44631e+25
2.44631e+25
2.44631e+25
2.44631e+25
2.44631e+25
2.44631e+25
2.44631e+25
2.44631e+25
2.44631e+25
2.44631e+25
2.44631e+25
2.44631e+25
2.44631e+25
2.44631e+25
2.44631e+25
2.44631e+25
2.44631e+25
2.44631e+25
2.44631e+25
2.44631e+25
2.44631e+25
2.44631e+25
2.44631e+25
2.44631e+25
2.44631e+25
2.44631e+25
2.44631e+25
2.44631e+25
2.44631e+25
2.44631e+25
2.44631e+25
2.44631e+25
2.44631e+25
2.44631e+25
2.44631e+25
2.44631e+25
2.44631e+25
2.44631e+25
2.44631e+25
0
0
0
0
0
0
0
0
0
0
0
9.28596e+24
2.0531e+25
2.35575e+25
2.42786e+25
2.443e+25
2.44579e+25
2.44624e+25
2.4463e+25
2.44631e+25
2.44631e+25
2.44631e+25
2.44631e+25
2.44631e+25
2.44631e+25
2.44631e+25
2.44631e+25
2.44631e+25
2.44631e+25
2.44631e+25
2.44631e+25
2.44631e+25
2.44631e+25
2.44631e+25
2.44631e+25
2.44631e+25
2.44631e+25
2.44631e+25
2.44631e+25
2.44631e+25
2.44631e+25
2.44631e+25
2.44631e+25
2.44631e+25
2.44631e+25
2.44631e+25
2.44631e+25
2.44631e+25
2.44631e+25
2.44631e+25
2.44631e+25
2.44631e+25
2.44631e+25
2.44631e+25
2.44631e+25
2.44631e+25
2.44631e+25
2.44631e+25
2.44631e+25
2.44631e+25
0
0
0
0
0
0
0
0
0
0
0
1.33085e+25
2.15697e+25
2.37975e+25
2.43279e+25
2.4439e+25
2.44593e+25
2.44626e+25
2.44631e+25
2.44631e+25
2.44631e+25
2.44631e+25
2.44631e+25
2.44631e+25
2.44631e+25
2.44631e+25
2.44631e+25
2.44631e+25
2.44631e+25
2.44631e+25
2.44631e+25
2.44631e+25
2.44631e+25
2.44631e+25
2.44631e+25
2.44631e+25
2.44631e+25
2.44631e+25
2.44631e+25
2.44631e+25
2.44631e+25
2.44631e+25
2.44631e+25
2.44631e+25
2.44631e+25
2.44631e+25
2.44631e+25
2.44631e+25
2.44631e+25
2.44631e+25
2.44631e+25
2.44631e+25
2.44631e+25
2.44631e+25
2.44631e+25
2.44631e+25
2.44631e+25
2.44631e+25
2.44631e+25
2.44631e+25
0
0
0
0
0
0
0
0
0
0
0
1.69573e+25
2.25051e+25
2.40115e+25
2.43713e+25
2.44467e+25
2.44606e+25
2.44628e+25
2.44631e+25
2.44631e+25
2.44631e+25
2.44631e+25
2.44631e+25
2.44631e+25
2.44631e+25
2.44631e+25
2.44631e+25
2.44631e+25
2.44631e+25
2.44631e+25
2.44631e+25
2.44631e+25
2.44631e+25
2.44631e+25
2.44631e+25
2.44631e+25
2.44631e+25
2.44631e+25
2.44631e+25
2.44631e+25
2.44631e+25
2.44631e+25
2.44631e+25
2.44631e+25
2.44631e+25
2.44631e+25
2.44631e+25
2.44631e+25
2.44631e+25
2.44631e+25
2.44631e+25
2.44631e+25
2.44631e+25
2.44631e+25
2.44631e+25
2.44631e+25
2.44631e+25
2.44631e+25
2.44631e+25
2.44631e+25
0
0
0
0
0
0
0
0
0
0
9.18251e+24
1.99072e+25
2.32627e+25
2.41843e+25
2.44062e+25
2.4453e+25
2.44615e+25
2.44629e+25
2.44631e+25
2.44631e+25
2.44631e+25
2.44631e+25
2.44631e+25
2.44631e+25
2.44631e+25
2.44631e+25
2.44631e+25
2.44631e+25
2.44631e+25
2.44631e+25
2.44631e+25
2.44631e+25
2.44631e+25
2.44631e+25
2.44631e+25
2.44631e+25
2.44631e+25
2.44631e+25
2.44631e+25
2.44631e+25
2.44631e+25
2.44631e+25
2.44631e+25
2.44631e+25
2.44631e+25
2.44631e+25
2.44631e+25
2.44631e+25
2.44631e+25
2.44631e+25
2.44631e+25
2.44631e+25
2.44631e+25
2.44631e+25
2.44631e+25
2.44631e+25
2.44631e+25
2.44631e+25
2.44631e+25
2.44631e+25
0
0
0
0
0
0
0
0
0
8.47333e+23
1.63507e+25
2.20035e+25
2.38062e+25
2.4309e+25
2.44314e+25
2.44574e+25
2.44622e+25
2.4463e+25
2.44631e+25
2.44631e+25
2.44631e+25
2.44631e+25
2.44631e+25
2.44631e+25
2.44631e+25
2.44631e+25
2.44631e+25
2.44631e+25
2.44631e+25
2.44631e+25
2.44631e+25
2.44631e+25
2.44631e+25
2.44631e+25
2.44631e+25
2.44631e+25
2.44631e+25
2.44631e+25
2.44631e+25
2.44631e+25
2.44631e+25
2.44631e+25
2.44631e+25
2.44631e+25
2.44631e+25
2.44631e+25
2.44631e+25
2.44631e+25
2.44631e+25
2.44631e+25
2.44631e+25
2.44631e+25
2.44631e+25
2.44631e+25
2.44631e+25
2.44631e+25
2.44631e+25
2.44631e+25
2.44631e+25
2.44631e+25
0
0
0
0
0
0
0
0
0
1.37225e+25
2.06932e+25
2.32981e+25
2.41469e+25
2.43879e+25
2.44475e+25
2.44603e+25
2.44627e+25
2.44631e+25
2.44631e+25
2.44631e+25
2.44631e+25
2.44631e+25
2.44631e+25
2.44631e+25
2.44631e+25
2.44631e+25
2.44631e+25
2.44631e+25
2.44631e+25
2.44631e+25
2.44631e+25
2.44631e+25
2.44631e+25
2.44631e+25
2.44631e+25
2.44631e+25
2.44631e+25
2.44631e+25
2.44631e+25
2.44631e+25
2.44631e+25
2.44631e+25
2.44631e+25
2.44631e+25
2.44631e+25
2.44631e+25
2.44631e+25
2.44631e+25
2.44631e+25
2.44631e+25
2.44631e+25
2.44631e+25
2.44631e+25
2.44631e+25
2.44631e+25
2.44631e+25
2.44631e+25
2.44631e+25
2.44631e+25
2.44631e+25
1.52978e+23
0
0
0
0
0
0
2.04196e+24
1.41108e+25
2.0244e+25
2.29486e+25
2.39854e+25
2.43311e+25
2.44312e+25
2.44564e+25
2.44619e+25
2.44629e+25
2.44631e+25
2.44631e+25
2.44631e+25
2.44631e+25
2.44631e+25
2.44631e+25
2.44631e+25
2.44631e+25
2.44631e+25
2.44631e+25
2.44631e+25
2.44631e+25
2.44631e+25
2.44631e+25
2.44631e+25
2.44631e+25
2.44631e+25
2.44631e+25
2.44631e+25
2.44631e+25
2.44631e+25
2.44631e+25
2.44631e+25
2.44631e+25
2.44631e+25
2.44631e+25
2.44631e+25
2.44631e+25
2.44631e+25
2.44631e+25
2.44631e+25
2.44631e+25
2.44631e+25
2.44631e+25
2.44631e+25
2.44631e+25
2.44631e+25
2.44631e+25
2.44631e+25
2.44631e+25
2.44631e+25
2.44631e+25
2.44631e+25
1.92122e+25
0
0
0
0
2.46002e+24
1.11035e+25
1.73036e+25
2.10741e+25
2.30484e+25
2.39435e+25
2.42957e+25
2.44159e+25
2.44515e+25
2.44606e+25
2.44627e+25
2.4463e+25
2.44631e+25
2.44631e+25
2.44631e+25
2.44631e+25
2.44631e+25
2.44631e+25
2.44631e+25
2.44631e+25
2.44631e+25
2.44631e+25
2.44631e+25
2.44631e+25
2.44631e+25
2.44631e+25
2.44631e+25
2.44631e+25
2.44631e+25
2.44631e+25
2.44631e+25
2.44631e+25
2.44631e+25
2.44631e+25
2.44631e+25
2.44631e+25
2.44631e+25
2.44631e+25
2.44631e+25
2.44631e+25
2.44631e+25
2.44631e+25
2.44631e+25
2.44631e+25
2.44631e+25
2.44631e+25
2.44631e+25
2.44631e+25
2.44631e+25
2.44631e+25
2.44631e+25
2.44631e+25
2.44631e+25
2.44631e+25
2.44631e+25
2.34779e+25
1.88576e+25
1.5498e+25
1.50444e+25
1.65763e+25
1.88343e+25
2.09523e+25
2.25333e+25
2.3527e+25
2.40629e+25
2.43127e+25
2.44136e+25
2.44489e+25
2.44595e+25
2.44623e+25
2.4463e+25
2.44631e+25
2.44631e+25
2.44631e+25
2.44631e+25
2.44631e+25
2.44631e+25
2.44631e+25
2.44631e+25
2.44631e+25
2.44631e+25
2.44631e+25
2.44631e+25
2.44631e+25
2.44631e+25
2.44631e+25
2.44631e+25
2.44631e+25
2.44631e+25
2.44631e+25
2.44631e+25
2.44631e+25
2.44631e+25
2.44631e+25
2.44631e+25
2.44631e+25
2.44631e+25
2.44631e+25
2.44631e+25
2.44631e+25
2.44631e+25
2.44631e+25
2.44631e+25
2.44631e+25
2.44631e+25
2.44631e+25
2.44631e+25
2.44631e+25
2.44631e+25
2.44631e+25
2.44631e+25
2.44631e+25
2.44631e+25
2.44631e+25
2.44631e+25
2.4304e+25
2.34676e+25
2.27599e+25
2.25833e+25
2.28293e+25
2.32611e+25
2.36931e+25
2.40291e+25
2.42475e+25
2.43687e+25
2.44268e+25
2.44509e+25
2.44595e+25
2.44622e+25
2.44629e+25
2.44631e+25
2.44631e+25
2.44631e+25
2.44631e+25
2.44631e+25
2.44631e+25
2.44631e+25
2.44631e+25
2.44631e+25
2.44631e+25
2.44631e+25
2.44631e+25
2.44631e+25
2.44631e+25
2.44631e+25
2.44631e+25
2.44631e+25
2.44631e+25
2.44631e+25
2.44631e+25
2.44631e+25
2.44631e+25
2.44631e+25
2.44631e+25
2.44631e+25
2.44631e+25
2.44631e+25
2.44631e+25
2.44631e+25
2.44631e+25
2.44631e+25
2.44631e+25
2.44631e+25
2.44631e+25
2.44631e+25
2.44631e+25
2.44631e+25
2.44631e+25
2.44631e+25
2.44631e+25
2.44631e+25
2.44631e+25
2.44631e+25
2.44631e+25
2.44631e+25
2.44413e+25
2.43158e+25
2.41954e+25
2.41534e+25
2.41838e+25
2.42513e+25
2.43238e+25
2.43826e+25
2.44222e+25
2.44448e+25
2.44559e+25
2.44606e+25
2.44624e+25
2.44629e+25
2.44631e+25
2.44631e+25
2.44631e+25
2.44631e+25
2.44631e+25
2.44631e+25
2.44631e+25
2.44631e+25
2.44631e+25
2.44631e+25
2.44631e+25
2.44631e+25
2.44631e+25
2.44631e+25
2.44631e+25
2.44631e+25
2.44631e+25
2.44631e+25
2.44631e+25
2.44631e+25
2.44631e+25
2.44631e+25
2.44631e+25
2.44631e+25
2.44631e+25
2.44631e+25
2.44631e+25
2.44631e+25
2.44631e+25
2.44631e+25
2.44631e+25
2.44631e+25
2.44631e+25
2.44631e+25
2.44631e+25
2.44631e+25
2.44631e+25
2.44631e+25
2.44631e+25
2.44631e+25
2.44631e+25
2.44631e+25
2.44631e+25
2.44631e+25
2.44631e+25
2.44631e+25
2.44606e+25
2.44451e+25
2.44286e+25
2.44214e+25
2.44242e+25
2.44327e+25
2.44426e+25
2.4451e+25
2.44568e+25
2.44602e+25
2.44619e+25
2.44627e+25
2.4463e+25
2.44631e+25
2.44631e+25
2.44631e+25
2.44631e+25
2.44631e+25
2.44631e+25
2.44631e+25
2.44631e+25
2.44631e+25
2.44631e+25
2.44631e+25
2.44631e+25
2.44631e+25
2.44631e+25
2.44631e+25
2.44631e+25
2.44631e+25
2.44631e+25
2.44631e+25
2.44631e+25
2.44631e+25
2.44631e+25
2.44631e+25
2.44631e+25
2.44631e+25
2.44631e+25
2.44631e+25
2.44631e+25
2.44631e+25
2.44631e+25
2.44631e+25
2.44631e+25
2.44631e+25
2.44631e+25
2.44631e+25
2.44631e+25
2.44631e+25
2.44631e+25
2.44631e+25
2.44631e+25
2.44631e+25
2.44631e+25
2.44631e+25
2.44631e+25
2.44631e+25
2.44631e+25
2.44631e+25
2.44629e+25
2.44613e+25
2.44595e+25
2.44586e+25
2.44587e+25
2.44596e+25
2.44607e+25
2.44616e+25
2.44623e+25
2.44627e+25
2.4463e+25
2.44631e+25
2.44631e+25
2.44631e+25
2.44631e+25
2.44631e+25
2.44631e+25
2.44631e+25
2.44631e+25
2.44631e+25
2.44631e+25
2.44631e+25
2.44631e+25
2.44631e+25
2.44631e+25
2.44631e+25
2.44631e+25
2.44631e+25
2.44631e+25
2.44631e+25
2.44631e+25
2.44631e+25
2.44631e+25
2.44631e+25
2.44631e+25
2.44631e+25
2.44631e+25
2.44631e+25
2.44631e+25
2.44631e+25
2.44631e+25
2.44631e+25
2.44631e+25
2.44631e+25
2.44631e+25
2.44631e+25
2.44631e+25
2.44631e+25
2.44631e+25
2.44631e+25
2.44631e+25
2.44631e+25
2.44631e+25
2.44631e+25
2.44631e+25
2.44631e+25
2.44631e+25
2.44631e+25
2.44631e+25
2.44631e+25
2.44631e+25
2.4463e+25
2.44628e+25
2.44627e+25
2.44627e+25
2.44628e+25
2.44629e+25
2.4463e+25
2.4463e+25
2.44631e+25
2.44631e+25
2.44631e+25
2.44631e+25
2.44631e+25
2.44631e+25
2.44631e+25
2.44631e+25
2.44631e+25
2.44631e+25
2.44631e+25
2.44631e+25
2.44631e+25
2.44631e+25
2.44631e+25
2.44631e+25
2.44631e+25
2.44631e+25
2.44631e+25
2.44631e+25
2.44631e+25
2.44631e+25
2.44631e+25
2.44631e+25
2.44631e+25
2.44631e+25
2.44631e+25
2.44631e+25
2.44631e+25
2.44631e+25
2.44631e+25
2.44631e+25
2.44631e+25
2.44631e+25
2.44631e+25
2.44631e+25
2.44631e+25
2.44631e+25
2.44631e+25
2.44631e+25
2.44631e+25
2.44631e+25
2.44631e+25
2.44631e+25
2.44631e+25
2.44631e+25
2.44631e+25
2.44631e+25
2.44631e+25
2.44631e+25
2.44631e+25
2.44631e+25
2.44631e+25
2.44631e+25
2.44631e+25
2.44631e+25
2.44631e+25
2.44631e+25
2.44631e+25
2.44631e+25
2.44631e+25
2.44631e+25
2.44631e+25
2.44631e+25
2.44631e+25
2.44631e+25
2.44631e+25
2.44631e+25
2.44631e+25
2.44631e+25
2.44631e+25
2.44631e+25
2.44631e+25
2.44631e+25
2.44631e+25
2.44631e+25
2.44631e+25
2.44631e+25
2.44631e+25
2.44631e+25
2.44631e+25
2.44631e+25
2.44631e+25
2.44631e+25
2.44631e+25
2.44631e+25
2.44631e+25
2.44631e+25
2.44631e+25
2.44631e+25
2.44631e+25
2.44631e+25
2.44631e+25
2.44631e+25
2.44631e+25
2.44631e+25
2.44631e+25
2.44631e+25
2.44631e+25
2.44631e+25
2.44631e+25
2.44631e+25
2.44631e+25
2.44631e+25
2.44631e+25
2.44631e+25
2.44631e+25
2.44631e+25
2.44631e+25
2.44631e+25
2.44631e+25
2.44631e+25
2.44631e+25
2.44631e+25
2.44631e+25
2.44631e+25
2.44631e+25
2.44631e+25
2.44631e+25
2.44631e+25
2.44631e+25
2.44631e+25
2.44631e+25
2.44631e+25
2.44631e+25
2.44631e+25
2.44631e+25
2.44631e+25
2.44631e+25
2.44631e+25
2.44631e+25
2.44631e+25
2.44631e+25
2.44631e+25
2.44631e+25
2.44631e+25
2.44631e+25
2.44631e+25
2.44631e+25
2.44631e+25
2.44631e+25
2.44631e+25
2.44631e+25
2.44631e+25
2.44631e+25
2.44631e+25
2.44631e+25
2.44631e+25
2.44631e+25
2.44631e+25
2.44631e+25
2.44631e+25
2.44631e+25
2.44631e+25
2.44631e+25
2.44631e+25
2.44631e+25
2.44631e+25
2.44631e+25
2.44631e+25
2.44631e+25
2.44631e+25
2.44631e+25
2.44631e+25
2.44631e+25
2.44631e+25
2.44631e+25
2.44631e+25
2.44631e+25
2.44631e+25
2.44631e+25
2.44631e+25
2.44631e+25
2.44631e+25
2.44631e+25
2.44631e+25
2.44631e+25
2.44631e+25
2.44631e+25
2.44631e+25
2.44631e+25
2.44631e+25
2.44631e+25
2.44631e+25
2.44631e+25
2.44631e+25
2.44631e+25
2.44631e+25
2.44631e+25
2.44631e+25
2.44631e+25
2.44631e+25
2.44631e+25
2.44631e+25
2.44631e+25
2.44631e+25
2.44631e+25
2.44631e+25
2.44631e+25
2.44631e+25
2.44631e+25
2.44631e+25
2.44631e+25
2.44631e+25
2.44631e+25
2.44631e+25
2.44631e+25
2.44631e+25
2.44631e+25
2.44631e+25
2.44631e+25
2.44631e+25
2.44631e+25
2.44631e+25
2.44631e+25
2.44631e+25
2.44631e+25
2.44631e+25
2.44631e+25
2.44631e+25
2.44631e+25
2.44631e+25
2.44631e+25
2.44631e+25
2.44631e+25
2.44631e+25
2.44631e+25
2.44631e+25
2.44631e+25
2.44631e+25
2.44631e+25
2.44631e+25
2.44631e+25
2.44631e+25
2.44631e+25
2.44631e+25
2.44631e+25
2.44631e+25
2.44631e+25
2.44631e+25
2.44631e+25
2.44631e+25
2.44631e+25
2.44631e+25
2.44631e+25
2.44631e+25
2.44631e+25
2.44631e+25
2.44631e+25
2.44631e+25
2.44631e+25
2.44631e+25
2.44631e+25
2.44631e+25
2.44631e+25
2.44631e+25
2.44631e+25
2.44631e+25
2.44631e+25
2.44631e+25
2.44631e+25
2.44631e+25
2.44631e+25
2.44631e+25
2.44631e+25
2.44631e+25
2.44631e+25
2.44631e+25
2.44631e+25
2.44631e+25
2.44631e+25
2.44631e+25
2.44631e+25
2.44631e+25
2.44631e+25
2.44631e+25
2.44631e+25
2.44631e+25
2.44631e+25
2.44631e+25
2.44631e+25
2.44631e+25
2.44631e+25
2.44631e+25
2.44631e+25
2.44631e+25
2.44631e+25
2.44631e+25
2.44631e+25
2.44631e+25
2.44631e+25
2.44631e+25
2.44631e+25
2.44631e+25
2.44631e+25
2.44631e+25
2.44631e+25
2.44631e+25
2.44631e+25
2.44631e+25
2.44631e+25
2.44631e+25
2.44631e+25
2.44631e+25
2.44631e+25
2.44631e+25
2.44631e+25
2.44631e+25
2.44631e+25
2.44631e+25
2.44631e+25
2.44631e+25
2.44631e+25
2.44631e+25
2.44631e+25
2.44631e+25
2.44631e+25
2.44631e+25
2.44631e+25
2.44631e+25
2.44631e+25
2.44631e+25
2.44631e+25
2.44631e+25
2.44631e+25
2.44631e+25
2.44631e+25
2.44631e+25
2.44631e+25
2.44631e+25
2.44631e+25
2.44631e+25
2.44631e+25
2.44631e+25
2.44631e+25
2.44631e+25
2.44631e+25
2.44631e+25
2.44631e+25
2.44631e+25
2.44631e+25
2.44631e+25
2.44631e+25
2.44631e+25
2.44631e+25
2.44631e+25
2.44631e+25
2.44631e+25
2.44631e+25
2.44631e+25
2.44631e+25
2.44631e+25
2.44631e+25
2.44631e+25
2.44631e+25
2.44631e+25
2.44631e+25
2.44631e+25
2.44631e+25
2.44631e+25
2.44631e+25
2.44631e+25
2.44631e+25
2.44631e+25
2.44631e+25
2.44631e+25
2.44631e+25
2.44631e+25
2.44631e+25
2.44631e+25
2.44631e+25
2.44631e+25
2.44631e+25
2.44631e+25
2.44631e+25
2.44631e+25
2.44631e+25
2.44631e+25
2.44631e+25
2.44631e+25
2.44631e+25
2.44631e+25
2.44631e+25
2.44631e+25
2.44631e+25
2.44631e+25
2.44631e+25
2.44631e+25
2.44631e+25
2.44631e+25
2.44631e+25
2.44631e+25
2.44631e+25
2.44631e+25
2.44631e+25
2.44631e+25
2.44631e+25
2.44631e+25
2.44631e+25
2.44631e+25
2.44631e+25
2.44631e+25
2.44631e+25
2.44631e+25
2.44631e+25
2.44631e+25
2.44631e+25
2.44631e+25
2.44631e+25
2.44631e+25
2.44631e+25
2.44631e+25
2.44631e+25
2.44631e+25
2.44631e+25
2.44631e+25
2.44631e+25
2.44631e+25
2.44631e+25
2.44631e+25
2.44631e+25
2.44631e+25
2.44631e+25
2.44631e+25
2.44631e+25
2.44631e+25
2.44631e+25
2.44631e+25
2.44631e+25
2.44631e+25
2.44631e+25
2.44631e+25
2.44631e+25
2.44631e+25
2.44631e+25
2.44631e+25
2.44631e+25
2.44631e+25
2.44631e+25
2.44631e+25
2.44631e+25
2.44631e+25
2.44631e+25
2.44631e+25
2.44631e+25
2.44631e+25
2.44631e+25
2.44631e+25
2.44631e+25
2.44631e+25
2.44631e+25
2.44631e+25
2.44631e+25
2.44631e+25
2.44631e+25
2.44631e+25
2.44631e+25
2.44631e+25
2.44631e+25
2.44631e+25
2.44631e+25
2.44631e+25
2.44631e+25
2.44631e+25
2.44631e+25
2.44631e+25
2.44631e+25
2.44631e+25
2.44631e+25
2.44631e+25
2.44631e+25
2.44631e+25
2.44631e+25
2.44631e+25
2.44631e+25
2.44631e+25
2.44631e+25
2.44631e+25
2.44631e+25
2.44631e+25
2.44631e+25
2.44631e+25
2.44631e+25
2.44631e+25
2.44631e+25
2.44631e+25
2.44631e+25
2.44631e+25
2.44631e+25
2.44631e+25
2.44631e+25
2.44631e+25
2.44631e+25
2.44631e+25
2.44631e+25
2.44631e+25
2.44631e+25
2.44631e+25
2.44631e+25
2.44631e+25
2.44631e+25
2.44631e+25
2.44631e+25
2.44631e+25
2.44631e+25
2.44631e+25
2.44631e+25
2.44631e+25
2.44631e+25
2.44631e+25
2.44631e+25
2.44631e+25
2.44631e+25
2.44631e+25
2.44631e+25
2.44631e+25
2.44631e+25
2.44631e+25
2.44631e+25
2.44631e+25
2.44631e+25
2.44631e+25
2.44631e+25
2.44631e+25
2.44631e+25
2.44631e+25
2.44631e+25
2.44631e+25
2.44631e+25
2.44631e+25
2.44631e+25
2.44631e+25
2.44631e+25
2.44631e+25
2.44631e+25
2.44631e+25
2.44631e+25
2.44631e+25
2.44631e+25
2.44631e+25
2.44631e+25
2.44631e+25
2.44631e+25
2.44631e+25
2.44631e+25
2.44631e+25
2.44631e+25
2.44631e+25
2.44631e+25
2.44631e+25
2.44631e+25
2.44631e+25
2.44631e+25
2.44631e+25
2.44631e+25
2.44631e+25
2.44631e+25
2.44631e+25
2.44631e+25
2.44631e+25
2.44631e+25
2.44631e+25
2.44631e+25
2.44631e+25
2.44631e+25
2.44631e+25
2.44631e+25
2.44631e+25
2.44631e+25
2.44631e+25
2.44631e+25
2.44631e+25
2.44631e+25
2.44631e+25
2.44631e+25
2.44631e+25
2.44631e+25
2.44631e+25
2.44631e+25
2.44631e+25
2.44631e+25
2.44631e+25
2.44631e+25
2.44631e+25
2.44631e+25
2.44631e+25
2.44631e+25
2.44631e+25
2.44631e+25
2.44631e+25
2.44631e+25
2.44631e+25
2.44631e+25
2.44631e+25
2.44631e+25
2.44631e+25
2.44631e+25
2.44631e+25
2.44631e+25
2.44631e+25
2.44631e+25
2.44631e+25
2.44631e+25
2.44631e+25
2.44631e+25
2.44631e+25
2.44631e+25
2.44631e+25
2.44631e+25
2.44631e+25
2.44631e+25
2.44631e+25
2.44631e+25
2.44631e+25
2.44631e+25
2.44631e+25
2.44631e+25
2.44631e+25
2.44631e+25
2.44631e+25
2.44631e+25
2.44631e+25
2.44631e+25
2.44631e+25
2.44631e+25
2.44631e+25
2.44631e+25
2.44631e+25
2.44631e+25
2.44631e+25
2.44631e+25
2.44631e+25
2.44631e+25
2.44631e+25
2.44631e+25
2.44631e+25
2.44631e+25
2.44631e+25
2.44631e+25
2.44631e+25
2.44631e+25
2.44631e+25
2.44631e+25
2.44631e+25
2.44631e+25
2.44631e+25
2.44631e+25
2.44631e+25
2.44631e+25
2.44631e+25
2.44631e+25
2.44631e+25
2.44631e+25
2.44631e+25
2.44631e+25
2.44631e+25
2.44631e+25
2.44631e+25
2.44631e+25
2.44631e+25
2.44631e+25
2.44631e+25
2.44631e+25
2.44631e+25
2.44631e+25
2.44631e+25
2.44631e+25
2.44631e+25
2.44631e+25
2.44631e+25
2.44631e+25
2.44631e+25
2.44631e+25
2.44631e+25
2.44631e+25
2.44631e+25
2.44631e+25
2.44631e+25
2.44631e+25
2.44631e+25
2.44631e+25
2.44631e+25
2.44631e+25
2.44631e+25
2.44631e+25
2.44631e+25
2.44631e+25
2.44631e+25
2.44631e+25
2.44631e+25
2.44631e+25
2.44631e+25
2.44631e+25
2.44631e+25
2.44631e+25
2.44631e+25
2.44631e+25
2.44631e+25
2.44631e+25
2.44631e+25
2.44631e+25
2.44631e+25
2.44631e+25
2.44631e+25
2.44631e+25
2.44631e+25
2.44631e+25
2.44631e+25
2.44631e+25
2.44631e+25
2.44631e+25
2.44631e+25
2.44631e+25
2.44631e+25
2.44631e+25
2.44631e+25
2.44631e+25
2.44631e+25
2.44631e+25
2.44631e+25
2.44631e+25
2.44631e+25
2.44631e+25
2.44631e+25
2.44631e+25
2.44631e+25
2.44631e+25
2.44631e+25
2.44631e+25
2.44631e+25
2.44631e+25
2.44631e+25
2.44631e+25
2.44631e+25
2.44631e+25
2.44631e+25
2.44631e+25
2.44631e+25
2.44631e+25
2.44631e+25
2.44631e+25
2.44631e+25
2.44631e+25
2.44631e+25
2.44631e+25
2.44631e+25
2.44631e+25
2.44631e+25
2.44631e+25
2.44631e+25
2.44631e+25
2.44631e+25
2.44631e+25
2.44631e+25
2.44631e+25
2.44631e+25
2.44631e+25
2.44631e+25
2.44631e+25
2.44631e+25
2.44631e+25
2.44631e+25
2.44631e+25
2.44631e+25
2.44631e+25
2.44631e+25
2.44631e+25
2.44631e+25
2.44631e+25
2.44631e+25
2.44631e+25
2.44631e+25
2.44631e+25
2.44631e+25
2.44631e+25
2.44631e+25
2.44631e+25
2.44631e+25
2.44631e+25
2.44631e+25
2.44631e+25
2.44631e+25
2.44631e+25
2.44631e+25
2.44631e+25
2.44631e+25
2.44631e+25
2.44631e+25
2.44631e+25
2.44631e+25
2.44631e+25
2.44631e+25
2.44631e+25
2.44631e+25
2.44631e+25
2.44631e+25
2.44631e+25
2.44631e+25
2.44631e+25
2.44631e+25
2.44631e+25
2.44631e+25
2.44631e+25
2.44631e+25
2.44631e+25
2.44631e+25
2.44631e+25
2.44631e+25
2.44631e+25
2.44631e+25
2.44631e+25
2.44631e+25
2.44631e+25
2.44631e+25
2.44631e+25
2.44631e+25
2.44631e+25
2.44631e+25
2.44631e+25
2.44631e+25
2.44631e+25
2.44631e+25
2.44631e+25
2.44631e+25
2.44631e+25
2.44631e+25
2.44631e+25
2.44631e+25
2.44631e+25
2.44631e+25
2.44631e+25
)
;

boundaryField
{
    highVoltage
    {
        type            fixedValue;
        value           uniform 1e+14;
    }
    topBotBoundaries
    {
        type            zeroGradient;
    }
    inletBoundary
    {
        type            fixedValue;
        value           uniform 1e+14;
    }
    frontBack
    {
        type            empty;
    }
    region0_to_dielectric
    {
        type            zeroGradient;
    }
}


// ************************************************************************* //
