/*--------------------------------*- C++ -*----------------------------------*\
| =========                 |                                                 |
| \\      /  F ield         | OpenFOAM: The Open Source CFD Toolbox           |
|  \\    /   O peration     | Version:  2406                                  |
|   \\  /    A nd           | Website:  www.openfoam.com                      |
|    \\/     M anipulation  |                                                 |
\*---------------------------------------------------------------------------*/
FoamFile
{
    version     2.0;
    format      ascii;
    arch        "LSB;label=32;scalar=64";
    class       volScalarField;
    location    "2e-07";
    object      He2_plus;
}
// * * * * * * * * * * * * * * * * * * * * * * * * * * * * * * * * * * * * * //

dimensions      [0 -3 0 0 0 0 0];

internalField   nonuniform List<scalar> 
5880
(
7.22801e-24
2.14336e-23
3.43254e-23
4.44427e-23
5.06838e-23
5.25841e-23
5.03997e-23
4.49859e-23
3.75466e-23
2.93504e-23
2.14895e-23
1.47228e-23
9.42302e-24
5.62167e-24
3.11768e-24
1.60211e-24
7.60131e-25
3.31751e-25
1.32735e-25
4.85562e-26
1.62137e-26
4.93942e-27
1.37391e-27
3.49548e-28
8.15485e-29
1.75e-29
3.46586e-30
6.35671e-31
1.08313e-31
1.72449e-32
2.65685e-33
4.18063e-34
6.89022e-35
1.19106e-35
2.16059e-36
4.11418e-37
8.2246e-38
1.72614e-38
3.80282e-39
8.79319e-40
2.13339e-40
5.42888e-41
1.44833e-41
4.0488e-42
1.1853e-42
3.63135e-43
1.16354e-43
3.89595e-44
1.36202e-44
4.96704e-45
1.88789e-45
7.4717e-46
3.07607e-46
1.31586e-46
5.84231e-47
2.68948e-47
1.28241e-47
6.31627e-48
3.25317e-48
1.55896e-48
3.40592e-22
1.00824e-21
1.60883e-21
2.07183e-21
2.34655e-21
2.41499e-21
2.29408e-21
2.02802e-21
1.67536e-21
1.29543e-21
9.37483e-22
6.34302e-22
4.00545e-22
2.35526e-22
1.28613e-22
6.50182e-23
3.03248e-23
1.30032e-23
5.10968e-24
1.83533e-24
6.01627e-25
1.79887e-25
4.90939e-26
1.22501e-26
2.80144e-27
5.88919e-28
1.14175e-28
2.0484e-29
3.41177e-30
5.30596e-31
7.98258e-32
1.22717e-32
1.97774e-33
3.34616e-34
5.94695e-35
1.11058e-35
2.17951e-36
4.49483e-37
9.73958e-38
2.21697e-38
5.29943e-39
1.32971e-39
3.50052e-40
9.66319e-41
2.7954e-41
8.46803e-42
2.68447e-42
8.89821e-43
3.08119e-43
1.11354e-43
4.1963e-44
1.64738e-44
6.73046e-45
2.85833e-45
1.26041e-45
5.7648e-46
2.73198e-46
1.33789e-46
6.85141e-47
3.26817e-47
1.03053e-20
3.04511e-20
4.84091e-20
6.19999e-20
6.97428e-20
7.12214e-20
6.7091e-20
5.87917e-20
4.81286e-20
3.68652e-20
2.64186e-20
1.76921e-20
1.10519e-20
6.42519e-21
3.46712e-21
1.73136e-21
7.97514e-22
3.37751e-22
1.31116e-22
4.65449e-23
1.50866e-23
4.46251e-24
1.20529e-24
2.97715e-25
6.74023e-26
1.40263e-26
2.69119e-27
4.77646e-28
7.86646e-29
1.20896e-29
1.79656e-30
2.72794e-31
4.34327e-32
7.26136e-33
1.27564e-33
2.35562e-34
4.57307e-35
9.33337e-36
2.0023e-36
4.51438e-37
1.06931e-37
2.65984e-38
6.94434e-39
1.90195e-39
5.46101e-40
1.64258e-40
5.17228e-41
1.70357e-41
5.86354e-42
2.10705e-42
7.89774e-43
3.08481e-43
1.25432e-43
5.303e-44
2.32854e-44
1.06079e-44
5.00835e-45
2.44418e-45
1.24723e-45
5.93605e-46
2.24043e-19
6.60717e-19
1.0461e-18
1.332e-18
1.4877e-18
1.50723e-18
1.40798e-18
1.22325e-18
9.92667e-19
7.53615e-19
5.35158e-19
3.55031e-19
2.19627e-19
1.26399e-19
6.75004e-20
3.33535e-20
1.52031e-20
6.37322e-21
2.45029e-21
8.62061e-22
2.77147e-22
8.1377e-23
2.1834e-23
5.36063e-24
1.20681e-24
2.49769e-25
4.76617e-26
8.41155e-27
1.37704e-27
2.10259e-28
3.10269e-29
4.67702e-30
7.3915e-31
1.22653e-31
2.1386e-32
3.91993e-33
7.55439e-34
1.53078e-34
3.26109e-35
7.30264e-36
1.71841e-36
4.24737e-37
1.10214e-37
3.00092e-38
8.56806e-39
2.56329e-39
8.03003e-40
2.63188e-40
9.01651e-41
3.22572e-41
1.204e-41
4.68403e-42
1.8974e-42
7.99326e-43
3.49802e-43
1.5885e-43
7.47737e-44
3.63897e-44
1.85162e-44
8.79635e-45
3.73493e-18
1.09901e-17
1.73224e-17
2.19172e-17
2.42945e-17
2.44109e-17
2.26093e-17
1.94739e-17
1.56667e-17
1.17908e-17
8.29932e-18
5.45653e-18
3.34447e-18
1.90666e-18
1.00846e-18
4.93526e-19
2.22842e-19
9.2578e-20
3.52973e-20
1.23257e-20
3.9369e-21
1.14959e-21
3.07023e-22
7.50905e-23
1.68497e-23
3.47728e-24
6.61731e-25
1.16459e-25
1.90076e-26
2.89223e-27
4.25104e-28
6.38026e-29
1.00367e-29
1.65736e-30
2.87528e-31
5.24316e-32
1.00522e-32
2.02638e-33
4.29472e-34
9.56859e-35
2.24043e-35
5.51074e-36
1.42322e-36
3.85739e-37
1.09646e-37
3.26626e-38
1.01902e-38
3.32673e-39
1.1354e-39
4.04732e-40
1.50547e-40
5.83771e-41
2.35738e-41
9.9017e-42
4.32107e-42
1.95706e-42
9.18914e-43
4.46158e-43
2.26475e-43
1.07419e-43
4.9699e-17
1.4587e-16
2.28761e-16
2.87432e-16
3.16027e-16
3.14796e-16
2.88998e-16
2.46742e-16
1.96782e-16
1.46817e-16
1.02445e-16
6.67624e-17
4.05551e-17
2.29106e-17
1.2007e-17
5.8227e-18
2.60597e-18
1.07364e-18
4.06254e-19
1.40922e-19
4.47596e-20
1.3011e-20
3.46267e-21
8.44656e-22
1.89165e-22
3.89805e-23
7.40892e-24
1.30234e-24
2.12268e-25
3.22435e-26
4.72872e-27
7.07845e-28
1.11016e-28
1.82711e-29
3.15842e-30
5.73782e-31
1.09578e-31
2.20017e-32
4.64438e-33
1.03062e-33
2.40352e-34
5.88865e-35
1.51494e-35
4.09048e-36
1.15844e-36
3.43853e-37
1.06906e-37
3.47844e-38
1.18337e-38
4.2053e-39
1.55962e-39
6.0306e-40
2.42872e-40
1.01752e-40
4.4296e-41
2.00158e-41
9.37749e-42
4.54369e-42
2.30159e-42
1.09008e-42
5.4246e-16
1.58749e-15
2.47537e-15
3.08637e-15
3.36371e-15
3.31996e-15
3.02005e-15
2.55532e-15
2.01996e-15
1.49395e-15
1.03337e-15
6.67549e-16
4.01926e-16
2.25036e-16
1.16887e-16
5.61863e-17
2.49338e-17
1.01913e-17
3.82875e-18
1.31992e-18
4.17093e-19
1.20758e-19
3.20429e-20
7.80042e-21
1.74468e-21
3.59244e-22
6.82485e-23
1.19921e-23
1.95361e-24
2.96513e-25
4.34305e-26
6.48999e-27
1.01572e-27
1.66756e-28
2.87467e-29
5.20677e-30
9.91229e-31
1.98375e-31
4.17353e-32
9.22995e-33
2.14522e-33
5.23803e-34
1.34305e-34
3.61437e-35
1.02029e-35
3.01893e-36
9.35722e-37
3.03554e-37
1.02972e-37
3.64916e-38
1.34976e-38
5.2058e-39
2.09143e-39
8.74163e-40
3.79705e-40
1.71212e-40
8.00518e-41
3.87143e-41
1.95729e-41
9.25722e-42
4.95389e-15
1.44473e-14
2.23805e-14
2.76664e-14
2.98663e-14
2.91921e-14
2.6302e-14
2.20489e-14
1.72726e-14
1.26616e-14
8.68117e-15
5.55866e-15
3.31729e-15
1.84092e-15
9.47799e-16
4.51674e-16
1.98786e-16
8.06264e-17
3.00811e-17
1.03083e-17
3.2415e-18
9.34929e-19
2.47401e-19
6.01167e-20
1.34316e-20
2.76422e-21
5.25036e-22
9.22474e-23
1.50254e-23
2.27954e-24
3.33599e-25
4.97862e-26
7.77864e-27
1.27442e-27
2.19177e-28
3.95955e-29
7.51701e-30
1.50001e-30
3.14632e-31
6.93693e-32
1.6073e-32
3.91241e-33
1.00007e-33
2.68316e-34
7.55154e-35
2.22785e-35
6.88549e-36
2.22748e-36
7.53569e-37
2.66356e-37
9.82724e-38
3.78106e-38
1.51552e-38
6.32042e-39
2.73954e-39
1.23278e-39
5.75288e-40
2.77714e-40
1.40147e-40
6.61914e-41
3.84308e-14
1.11615e-13
1.71601e-13
2.10106e-13
2.24475e-13
2.17148e-13
1.93704e-13
1.60832e-13
1.24829e-13
9.06791e-14
6.16166e-14
3.91027e-14
2.31282e-14
1.27213e-14
6.49227e-15
3.06752e-15
1.33904e-15
5.38998e-16
1.99727e-16
6.80412e-17
2.12922e-17
6.11792e-18
1.61443e-18
3.91559e-19
8.73846e-20
1.79729e-20
3.41285e-21
5.99547e-22
9.76375e-23
1.48067e-23
2.16513e-24
3.22727e-25
5.0342e-26
8.23168e-27
1.41251e-27
2.54548e-28
4.81965e-29
9.59077e-30
2.00591e-30
4.4096e-31
1.01867e-31
2.47222e-32
6.30056e-33
1.68545e-33
4.72982e-34
1.39142e-34
4.2884e-35
1.38355e-35
4.66832e-36
1.64586e-36
6.05748e-37
2.32511e-37
9.29828e-38
3.86936e-38
1.67364e-38
7.51631e-39
3.50085e-39
1.68696e-39
8.49778e-40
4.00771e-40
2.56366e-13
7.40835e-13
1.129e-12
1.36756e-12
1.44471e-12
1.38228e-12
1.22024e-12
1.00316e-12
7.71217e-13
5.55049e-13
3.73716e-13
2.35017e-13
1.37755e-13
7.50938e-14
3.79879e-14
1.77961e-14
7.70552e-15
3.07832e-15
1.13295e-15
3.83686e-16
1.19476e-16
3.41947e-17
8.99676e-18
2.17744e-18
4.85256e-19
9.97164e-20
1.89244e-20
3.32313e-21
5.40937e-22
8.19804e-23
1.19758e-23
1.78259e-24
2.77582e-25
4.52955e-26
7.75445e-27
1.39389e-27
2.63212e-28
5.22304e-29
1.08924e-29
2.38742e-30
5.49885e-31
1.33054e-31
3.38086e-32
9.01751e-33
2.52321e-33
7.40165e-34
2.27487e-34
7.31944e-35
2.46319e-35
8.66202e-36
3.18015e-36
1.21777e-36
4.85881e-37
2.01749e-37
8.70805e-38
3.90291e-38
1.81435e-38
8.72692e-39
4.38805e-39
2.06635e-39
1.48567e-12
4.26662e-12
6.43558e-12
7.70192e-12
8.03752e-12
7.60107e-12
6.63728e-12
5.40088e-12
4.11159e-12
2.93104e-12
1.95503e-12
1.21808e-12
7.07437e-13
3.82163e-13
1.9162e-13
8.9003e-14
3.82254e-14
1.5156e-14
5.54007e-15
1.86501e-15
5.77808e-16
1.64689e-16
4.31897e-17
1.04274e-17
2.31962e-18
4.76041e-19
9.02546e-20
1.58353e-20
2.57546e-21
3.89921e-22
5.68842e-23
8.45294e-24
1.31366e-24
2.13873e-25
3.65227e-26
6.54747e-27
1.23289e-27
2.43933e-28
5.07191e-29
1.1083e-29
2.54492e-30
6.13909e-31
1.55521e-31
4.13566e-32
1.1538e-32
3.37479e-33
1.0343e-33
3.31872e-34
1.11385e-34
3.90679e-35
1.43073e-35
5.46546e-36
2.1756e-36
9.01342e-37
3.88211e-37
1.73638e-37
8.05607e-38
3.86772e-38
1.94117e-38
9.12641e-39
7.54611e-12
2.15027e-11
3.20439e-11
3.7834e-11
3.89627e-11
3.63958e-11
3.14223e-11
2.52996e-11
1.90665e-11
1.34593e-11
8.89135e-12
5.4873e-12
3.15718e-12
1.68992e-12
8.398e-13
3.86729e-13
1.64747e-13
6.48286e-14
2.35349e-14
7.87474e-15
2.42696e-15
6.88717e-16
1.79973e-16
4.33278e-17
9.61694e-18
1.9701e-18
3.72965e-19
6.53495e-20
1.06143e-20
1.60466e-21
2.33692e-22
3.46556e-23
5.37333e-24
8.7259e-25
1.48603e-25
2.65634e-26
4.98691e-27
9.83654e-28
2.03885e-28
4.44123e-29
1.0166e-29
2.44464e-30
6.17374e-31
1.63671e-31
4.55245e-32
1.32763e-32
4.05718e-33
1.29815e-33
4.34508e-34
1.52e-34
5.55227e-35
2.11576e-35
8.40213e-36
3.47303e-36
1.49258e-36
6.66197e-37
3.08468e-37
1.47814e-37
7.40467e-38
3.47546e-38
3.38672e-11
9.55465e-11
1.40375e-10
1.63251e-10
1.65734e-10
1.5282e-10
1.30393e-10
1.03844e-10
7.74504e-11
5.4124e-11
3.54025e-11
2.16367e-11
1.23304e-11
6.53865e-12
3.22014e-12
1.47012e-12
6.21184e-13
2.42592e-13
8.74623e-14
2.90847e-14
8.91561e-15
2.51841e-15
6.55556e-16
1.57316e-16
3.48244e-17
7.11801e-18
1.34488e-18
2.35214e-19
3.81357e-20
5.75437e-21
8.36246e-22
1.23715e-22
1.91318e-23
3.09813e-24
5.26051e-25
9.37445e-26
1.75436e-26
3.44932e-27
7.12634e-28
1.54729e-28
3.53028e-29
8.46208e-30
2.13024e-30
5.62978e-31
1.5611e-31
4.539e-32
1.38303e-32
4.41262e-33
1.47287e-33
5.13861e-34
1.87218e-34
7.11639e-35
2.81927e-35
1.16266e-35
4.98558e-36
2.22054e-36
1.02608e-36
4.90733e-37
2.45362e-37
1.14962e-37
1.35325e-10
3.76878e-10
5.44508e-10
6.22665e-10
6.22521e-10
5.66272e-10
4.77318e-10
3.75882e-10
2.77362e-10
1.91824e-10
1.24201e-10
7.51524e-11
4.24117e-11
2.22782e-11
1.08719e-11
4.92056e-12
2.06223e-12
7.99293e-13
2.86184e-13
9.4578e-14
2.8833e-14
8.10564e-15
2.10129e-15
5.02482e-16
1.10897e-16
2.26072e-17
4.26125e-18
7.43615e-19
1.20299e-19
1.8111e-20
2.6255e-21
3.87377e-22
5.97343e-23
9.64398e-24
1.63238e-24
2.89962e-25
5.4087e-26
1.05991e-26
2.18254e-27
4.72314e-28
1.07409e-28
2.56624e-29
6.43956e-30
1.69649e-30
4.68978e-31
1.35948e-31
4.13018e-32
1.31399e-32
4.37378e-33
1.52185e-33
5.53027e-34
2.09687e-34
8.28708e-35
3.40964e-35
1.45883e-35
6.48366e-36
2.98989e-36
1.42716e-36
7.12208e-37
3.33095e-37
4.84942e-10
1.32795e-09
1.88128e-09
2.11162e-09
2.07699e-09
1.86283e-09
1.55065e-09
1.20709e-09
8.80965e-10
6.02805e-10
3.86242e-10
2.3133e-10
1.29256e-10
6.72468e-11
3.25168e-11
1.45895e-11
6.06503e-12
2.33311e-12
8.29643e-13
2.72487e-13
8.26134e-14
2.31121e-14
5.96613e-15
1.42141e-15
3.12683e-16
6.35582e-17
1.19483e-17
2.07981e-18
3.35634e-19
5.04029e-20
7.28723e-21
1.07212e-21
1.64827e-22
2.6528e-23
4.47587e-24
7.92462e-25
1.47332e-25
2.87763e-26
5.90597e-27
1.27389e-27
2.88753e-28
6.87679e-29
1.72017e-29
4.51772e-30
1.24509e-30
3.59859e-31
1.09012e-31
3.45841e-32
1.14804e-32
3.98404e-33
1.44408e-33
5.46189e-34
2.15348e-34
8.84006e-35
3.77395e-35
1.67377e-35
7.70281e-36
3.66969e-36
1.82786e-36
8.53316e-37
1.56992e-09
4.20485e-09
5.82214e-09
6.40308e-09
6.19081e-09
5.47217e-09
4.497e-09
3.45948e-09
2.4965e-09
1.68961e-09
1.07106e-09
6.34808e-10
3.51126e-10
1.80912e-10
8.66768e-11
3.85548e-11
1.58992e-11
6.07107e-12
2.14436e-12
7.00032e-13
2.11091e-13
5.87726e-14
1.51074e-14
3.58587e-15
7.86209e-16
1.59331e-16
2.98699e-17
5.18569e-18
8.34696e-19
1.25022e-19
1.80263e-20
2.64443e-21
4.05333e-22
6.50345e-23
1.09382e-23
1.93044e-24
3.57749e-25
6.96498e-26
1.4249e-26
3.0637e-27
6.92273e-28
1.64359e-28
4.09881e-29
1.07327e-29
2.94932e-30
8.49991e-31
2.56773e-31
8.12413e-32
2.68978e-32
9.31058e-33
3.36644e-33
1.27025e-33
4.99675e-34
2.04662e-34
8.71869e-35
3.85885e-35
1.77237e-35
8.42784e-36
4.19016e-36
1.95256e-36
4.62366e-09
1.20307e-08
1.62237e-08
1.74533e-08
1.65755e-08
1.44347e-08
1.17082e-08
8.89886e-09
6.34799e-09
4.24825e-09
2.6636e-09
1.56197e-09
8.55148e-10
4.36325e-10
2.07138e-10
9.13536e-11
3.73774e-11
1.41704e-11
4.97279e-12
1.61397e-12
4.84175e-13
1.34189e-13
3.43538e-14
8.12491e-15
1.77569e-15
3.58811e-16
6.70849e-17
1.16167e-17
1.86514e-18
2.78659e-19
4.00725e-20
5.86227e-21
8.95988e-22
1.43337e-22
2.40359e-23
4.22926e-24
7.81403e-25
1.51673e-25
3.09365e-26
6.63193e-27
1.49416e-27
3.53717e-28
8.79597e-29
2.2968e-29
6.2943e-30
1.80916e-30
5.45103e-31
1.72028e-31
5.68151e-32
1.96191e-32
7.07717e-33
2.66437e-33
1.04579e-33
4.2744e-34
1.8172e-34
8.02703e-35
3.67984e-35
1.74663e-35
8.66857e-36
4.03218e-36
1.24746e-08
3.12667e-08
4.09153e-08
4.29932e-08
4.00868e-08
3.43861e-08
2.75241e-08
2.0664e-08
1.45675e-08
9.63754e-09
5.9754e-09
3.46639e-09
1.87831e-09
9.49108e-10
4.46516e-10
1.95295e-10
7.9303e-11
2.9861e-11
1.04155e-11
3.36225e-12
1.00384e-12
2.77051e-13
7.06664e-14
1.66586e-14
3.63012e-15
7.3159e-16
1.36445e-16
2.3572e-17
3.77599e-18
5.6285e-19
8.07465e-20
1.17828e-20
1.79619e-21
2.86582e-22
4.79268e-23
8.41003e-24
1.5496e-24
2.99963e-25
6.10172e-26
1.30453e-26
2.93126e-27
6.92104e-28
1.71662e-28
4.47104e-29
1.22222e-29
3.5044e-30
1.05335e-30
3.31648e-31
1.09282e-31
3.76525e-32
1.35529e-32
5.09156e-33
1.99439e-33
8.13541e-34
3.45201e-34
1.52201e-34
6.96482e-35
3.30013e-35
1.6351e-35
7.59231e-36
3.10371e-08
7.41837e-08
9.38661e-08
9.62324e-08
8.80694e-08
7.44077e-08
5.8768e-08
4.35727e-08
3.03497e-08
1.98447e-08
1.2165e-08
6.98072e-09
3.74392e-09
1.87378e-09
8.73835e-10
3.7917e-10
1.52879e-10
5.72048e-11
1.98431e-11
6.37488e-12
1.89536e-12
5.21207e-13
1.32523e-13
3.11541e-14
6.77218e-15
1.36178e-15
2.53455e-16
4.37e-17
6.98676e-18
1.03942e-18
1.48809e-19
2.16676e-20
3.29564e-21
5.24606e-22
8.75272e-23
1.53226e-23
2.81657e-24
5.43917e-25
1.10379e-25
2.35429e-26
5.27767e-27
1.24323e-27
3.07651e-28
7.9948e-29
2.1806e-29
6.2386e-30
1.87114e-30
5.87881e-31
1.9331e-31
6.64685e-32
2.38774e-32
8.95282e-33
3.50021e-33
1.42514e-33
6.03626e-34
2.65676e-34
1.21369e-34
5.74135e-35
2.84007e-35
1.31648e-35
7.16269e-08
1.61427e-07
1.96871e-07
1.96786e-07
1.76769e-07
1.47106e-07
1.14634e-07
8.39228e-08
5.77423e-08
3.73092e-08
2.26107e-08
1.28348e-08
6.8144e-09
3.37912e-09
1.56278e-09
6.73131e-10
2.69659e-10
1.00342e-10
3.46416e-11
1.10842e-11
3.28429e-12
9.00537e-13
2.28408e-13
5.35813e-14
1.16256e-14
2.33383e-15
4.33696e-16
7.4665e-17
1.19198e-17
1.77061e-18
2.53082e-19
3.67862e-20
5.58494e-21
8.87337e-22
1.47759e-22
2.58159e-23
4.73598e-24
9.12748e-25
1.84855e-25
3.93489e-26
8.80326e-27
2.06959e-27
5.11127e-28
1.32562e-28
3.60859e-29
1.0304e-29
3.08453e-30
9.67266e-31
3.17465e-31
1.08956e-31
3.90691e-32
1.46227e-32
5.70685e-33
2.31959e-33
9.80815e-34
4.30977e-34
1.96566e-34
9.28394e-35
4.58544e-35
2.12194e-35
1.54056e-07
3.23554e-07
3.79364e-07
3.69654e-07
3.26007e-07
2.67265e-07
2.05475e-07
1.48507e-07
1.00915e-07
6.44262e-08
3.8601e-08
2.16793e-08
1.13987e-08
5.60331e-09
2.57171e-09
1.10045e-09
4.38405e-10
1.62383e-10
5.5848e-11
1.78146e-11
5.26539e-12
1.44084e-12
3.64849e-13
8.54717e-14
1.85235e-14
3.71471e-15
6.89643e-16
1.18617e-16
1.89182e-17
2.8073e-18
4.00801e-19
5.81829e-20
8.82125e-21
1.39948e-21
2.32689e-22
4.05911e-23
7.43468e-24
1.43054e-24
2.89248e-25
6.14687e-26
1.37291e-26
3.22222e-27
7.94453e-28
2.05696e-28
5.58996e-29
1.59345e-29
4.762e-30
1.49077e-30
4.88461e-31
1.67362e-31
5.99121e-32
2.23867e-32
8.72266e-33
3.53966e-33
1.49432e-33
6.55582e-34
2.98544e-34
1.40791e-34
6.94347e-35
3.20774e-35
3.09872e-07
5.99737e-07
6.7496e-07
6.41369e-07
5.55601e-07
4.48792e-07
3.40385e-07
2.42832e-07
1.6295e-07
1.02788e-07
6.08978e-08
3.3853e-08
1.7638e-08
8.60223e-09
3.92186e-09
1.669e-09
6.6198e-10
2.44348e-10
8.3816e-11
2.66833e-11
7.87528e-12
2.15279e-12
5.44724e-13
1.27542e-13
2.76294e-14
5.53887e-15
1.02795e-15
1.76738e-16
2.81756e-17
4.17881e-18
5.96212e-19
8.64786e-20
1.3099e-20
2.07599e-21
3.44792e-22
6.00774e-23
1.09906e-23
2.11213e-24
4.26516e-25
9.05213e-26
2.0191e-26
4.73237e-27
1.16517e-27
3.01253e-28
8.17504e-29
2.32695e-29
6.94379e-30
2.17055e-30
7.10125e-31
2.42943e-31
8.6836e-32
3.23976e-32
1.2604e-32
5.1069e-33
2.15268e-33
9.42993e-34
4.28786e-34
2.01913e-34
9.94333e-35
4.58582e-35
5.84173e-07
1.03202e-06
1.11436e-06
1.03354e-06
8.79963e-07
7.00459e-07
5.24051e-07
3.68972e-07
2.44489e-07
1.52409e-07
8.93274e-08
4.91864e-08
2.54191e-08
1.23139e-08
5.58392e-09
2.36648e-09
9.35763e-10
3.44672e-10
1.18067e-10
3.75578e-11
1.1081e-11
3.02899e-12
7.66557e-13
1.7953e-13
3.89039e-14
7.80134e-15
1.44819e-15
2.49028e-16
3.9702e-17
5.88787e-18
8.39852e-19
1.21768e-19
1.84344e-20
2.91972e-21
4.84574e-22
8.4367e-23
1.54211e-23
2.96093e-24
5.97356e-25
1.26655e-25
2.82215e-26
6.6075e-27
1.62503e-27
4.19667e-28
1.13748e-28
3.23377e-29
9.63755e-30
3.00868e-30
9.83017e-31
3.35846e-31
1.19876e-31
4.46616e-32
1.73504e-32
7.01999e-33
2.95482e-33
1.29249e-33
5.86853e-34
2.75946e-34
1.35696e-34
6.24746e-35
1.03338e-06
1.655e-06
1.71596e-06
1.55536e-06
1.30232e-06
1.02167e-06
7.53879e-07
5.23793e-07
3.42769e-07
2.11258e-07
1.22591e-07
6.69387e-08
3.43598e-08
1.65585e-08
7.48013e-09
3.16194e-09
1.24838e-09
4.5949e-10
1.57386e-10
5.00854e-11
1.47877e-11
4.0459e-12
1.02493e-12
2.40284e-13
5.21191e-14
1.04604e-14
1.94326e-15
3.34363e-16
5.33318e-17
7.91165e-18
1.12868e-18
1.63636e-19
2.47681e-20
3.92173e-21
6.50625e-22
1.13226e-22
2.06853e-23
3.96938e-24
8.003e-25
1.69567e-25
3.77555e-26
8.83267e-27
2.17045e-27
5.60016e-28
1.51645e-28
4.30678e-29
1.28218e-29
3.99832e-30
1.30485e-30
4.45265e-31
1.58734e-31
5.90632e-32
2.29151e-32
9.25902e-33
3.89193e-33
1.70004e-33
7.70816e-34
3.61935e-34
1.77731e-34
8.16845e-35
1.71599e-06
2.48276e-06
2.47681e-06
2.19729e-06
1.81027e-06
1.39953e-06
1.01836e-06
6.98258e-07
4.51466e-07
2.75353e-07
1.58411e-07
8.59143e-08
4.3881e-08
2.10754e-08
9.50139e-09
4.01274e-09
1.58427e-09
5.83508e-10
2.00096e-10
6.37713e-11
1.88598e-11
5.16899e-12
1.31169e-12
3.08016e-13
6.69114e-14
1.34474e-14
2.50108e-15
4.30769e-16
6.87643e-17
1.02074e-17
1.45683e-18
2.11263e-19
3.19804e-20
5.06365e-21
8.39991e-22
1.46155e-22
2.66949e-23
5.12104e-24
1.03213e-24
2.18597e-25
4.86496e-26
1.13753e-26
2.7936e-27
7.20333e-28
1.94917e-28
5.53146e-29
1.64541e-29
5.12637e-30
1.67138e-30
5.69757e-31
2.02897e-31
7.54104e-32
2.9223e-32
1.17934e-32
4.95096e-33
2.15983e-33
9.77987e-34
4.5859e-34
2.24887e-34
1.03177e-34
2.67464e-06
3.49724e-06
3.36704e-06
2.92789e-06
2.37409e-06
1.80839e-06
1.29745e-06
8.78248e-07
5.61595e-07
3.39484e-07
1.94002e-07
1.04731e-07
5.33399e-08
2.55835e-08
1.15316e-08
4.87369e-09
1.92689e-09
7.11052e-10
2.44376e-10
7.80701e-11
2.31453e-11
6.35886e-12
1.61736e-12
3.80603e-13
8.28399e-14
1.66771e-14
3.10641e-15
5.35706e-16
8.56066e-17
1.27185e-17
1.81642e-18
2.63533e-19
3.99062e-20
6.31998e-21
1.04854e-21
1.82454e-22
3.33251e-23
6.39269e-24
1.2883e-24
2.72812e-25
6.07032e-26
1.419e-26
3.48375e-27
8.97949e-28
2.42871e-28
6.88881e-29
2.04799e-29
6.37649e-30
2.07747e-30
7.07633e-31
2.51781e-31
9.34931e-32
3.61949e-32
1.45918e-32
6.11904e-33
2.66634e-33
1.2059e-33
5.64761e-34
2.76604e-34
1.2669e-34
3.91268e-06
4.64369e-06
4.33054e-06
3.69555e-06
2.9489e-06
2.21244e-06
1.56543e-06
1.04719e-06
6.63484e-07
3.98463e-07
2.2677e-07
1.22159e-07
6.21803e-08
2.98416e-08
1.3471e-08
5.70561e-09
2.2617e-09
8.37034e-10
2.88558e-10
9.24728e-11
2.74992e-11
7.57719e-12
1.93251e-12
4.55905e-13
9.94529e-14
2.00612e-14
3.74321e-15
6.46472e-16
1.03436e-16
1.53832e-17
2.19881e-18
3.19214e-19
4.8362e-20
7.66219e-21
1.27164e-21
2.21334e-22
4.04353e-23
7.75801e-24
1.56367e-24
3.3116e-25
7.36906e-26
1.72263e-26
4.22905e-27
1.08996e-27
2.94764e-28
8.359e-29
2.48439e-29
7.73265e-30
2.51829e-30
8.57371e-31
3.0489e-31
1.13143e-31
4.37715e-32
1.76327e-32
7.38806e-33
3.21641e-33
1.45327e-33
6.79921e-34
3.32655e-34
1.52129e-34
5.37144e-06
5.83478e-06
5.29044e-06
4.43292e-06
3.47913e-06
2.57065e-06
1.79566e-06
1.18975e-06
7.49122e-07
4.48385e-07
2.54882e-07
1.37357e-07
7.00204e-08
3.3681e-08
1.52476e-08
6.47917e-09
2.57742e-09
9.57392e-10
3.31278e-10
1.06551e-10
3.17969e-11
8.79027e-12
2.24872e-12
5.31967e-13
1.1633e-13
2.35163e-14
4.3961e-15
7.60441e-16
1.21836e-16
1.81403e-17
2.5953e-18
3.77056e-19
5.71604e-20
9.06089e-21
1.50447e-21
2.61969e-22
4.78778e-23
9.18939e-24
1.85284e-24
3.92533e-25
8.73757e-26
2.04314e-26
5.01727e-27
1.29342e-27
3.49854e-28
9.92272e-29
2.94943e-29
9.18042e-30
2.9897e-30
1.01778e-30
3.61873e-31
1.34258e-31
5.19242e-32
2.09089e-32
8.75678e-33
3.81026e-33
1.72055e-33
8.04424e-34
3.93285e-34
1.7964e-34
6.92143e-06
6.96285e-06
6.15667e-06
5.06248e-06
3.90512e-06
2.84432e-06
1.96702e-06
1.29598e-06
8.1426e-07
4.87463e-07
2.77541e-07
1.49939e-07
7.66684e-08
3.70081e-08
1.68182e-08
7.17569e-09
2.86653e-09
1.0693e-09
3.71543e-10
1.19982e-10
3.59411e-11
9.97105e-12
2.55903e-12
6.07132e-13
1.3311e-13
2.6969e-14
5.05138e-15
8.75246e-16
1.40427e-16
2.09333e-17
2.99783e-18
4.35887e-19
6.61242e-20
1.04881e-20
1.74242e-21
3.03565e-22
5.55091e-23
1.06597e-23
2.15046e-24
4.55838e-25
1.01524e-25
2.37532e-26
5.83631e-27
1.50541e-27
4.0742e-28
1.15616e-28
3.43829e-29
1.07071e-29
3.48836e-30
1.18798e-30
4.22526e-31
1.56801e-31
6.06548e-32
2.44276e-32
1.0231e-32
4.45166e-33
2.00999e-33
9.39587e-34
4.59264e-34
2.09638e-34
8.31644e-06
7.9124e-06
6.82804e-06
5.50047e-06
4.17301e-06
3.00799e-06
2.07124e-06
1.36452e-06
8.59182e-07
5.15965e-07
2.94804e-07
1.59868e-07
8.20771e-08
3.97899e-08
1.81643e-08
7.78618e-09
3.12498e-09
1.17109e-09
4.08727e-10
1.32549e-10
3.9863e-11
1.10994e-11
2.85807e-12
6.80094e-13
1.49498e-13
3.03587e-14
5.69752e-15
9.88865e-16
1.58883e-16
2.37129e-17
3.39929e-18
4.94667e-19
7.50943e-20
1.19185e-20
1.98125e-21
3.4538e-22
6.31941e-23
1.21433e-23
2.45141e-24
5.20003e-25
1.15903e-25
2.71393e-26
6.67389e-27
1.72296e-27
4.66715e-28
1.32563e-28
3.94594e-29
1.22993e-29
4.01075e-30
1.3671e-30
4.86655e-31
1.8075e-31
6.9974e-32
2.82016e-32
1.18198e-32
5.14615e-33
2.32487e-33
1.08732e-33
5.31705e-34
2.42741e-34
1.0956e-05
8.50479e-06
7.18322e-06
5.6684e-06
4.25779e-06
3.06596e-06
2.11911e-06
1.40328e-06
8.87994e-07
5.35697e-07
3.07425e-07
1.67466e-07
8.63881e-08
4.20892e-08
1.93126e-08
8.3211e-09
3.35665e-09
1.26409e-09
4.43256e-10
1.4438e-10
4.35986e-11
1.2185e-11
3.14821e-12
7.51396e-13
1.65612e-13
3.3709e-14
6.33895e-15
1.10206e-15
1.77326e-16
2.64974e-17
3.80225e-18
5.53763e-19
8.41254e-20
1.33604e-20
2.2223e-21
3.8764e-22
7.09715e-23
1.36471e-23
2.75703e-24
5.85305e-25
1.30572e-25
3.06034e-26
7.53347e-27
1.947e-27
5.28012e-28
1.50156e-28
4.47523e-29
1.39671e-29
4.56066e-30
1.55663e-30
5.54871e-31
2.06364e-31
7.99971e-32
3.22837e-32
1.35482e-32
5.90611e-33
2.67145e-33
1.25087e-33
6.12372e-34
2.799e-34
1.02021e-05
8.39154e-06
6.96772e-06
5.51654e-06
4.19066e-06
3.05421e-06
2.13103e-06
1.42063e-06
9.03583e-07
5.47674e-07
3.1585e-07
1.72971e-07
8.9729e-08
4.39687e-08
2.02914e-08
8.79234e-09
3.56618e-09
1.35004e-09
4.75734e-10
1.55674e-10
4.72089e-11
1.32452e-11
3.43409e-12
8.22179e-13
1.8171e-13
3.70738e-14
6.98603e-15
1.21668e-15
1.96057e-16
2.93325e-17
4.21333e-18
6.14142e-19
9.33635e-20
1.48368e-20
2.46933e-21
4.30979e-22
7.89538e-23
1.51919e-23
3.07127e-24
6.52528e-25
1.45695e-25
3.41803e-26
8.42278e-27
2.1793e-27
5.91734e-28
1.68496e-28
5.02875e-29
1.57172e-29
5.13982e-30
1.75702e-30
6.2729e-31
2.33673e-31
9.07304e-32
3.6675e-32
1.54161e-32
6.73128e-33
3.04957e-33
1.43017e-33
7.01227e-34
3.21085e-34
9.67187e-06
8.15693e-06
6.78464e-06
5.41803e-06
4.14543e-06
3.0339e-06
2.12247e-06
1.41903e-06
9.06223e-07
5.52137e-07
3.20331e-07
1.7654e-07
9.21695e-08
4.5452e-08
2.11062e-08
9.20037e-09
3.75319e-09
1.42861e-09
5.06009e-10
1.66372e-10
5.06744e-11
1.42741e-11
3.71413e-12
8.92057e-13
1.97706e-13
4.04357e-14
7.63551e-15
1.33217e-15
2.14989e-16
3.22051e-17
4.63069e-18
6.75538e-19
1.02768e-19
1.63412e-20
2.72118e-21
4.75189e-22
8.70999e-23
1.67689e-23
3.39222e-24
7.2122e-25
1.61157e-25
3.78406e-26
9.33373e-27
2.41756e-27
6.57185e-28
1.87367e-28
5.59943e-29
1.75257e-29
5.7398e-30
1.96518e-30
7.02741e-31
2.62214e-31
1.01985e-31
4.12956e-32
1.73886e-32
7.60585e-33
3.45183e-33
1.62164e-33
7.96478e-34
3.6544e-34
9.38064e-06
7.96896e-06
6.58644e-06
5.24786e-06
4.01515e-06
2.94577e-06
2.07089e-06
1.39372e-06
8.96651e-07
5.50399e-07
3.21639e-07
1.78493e-07
9.38158e-08
4.65664e-08
2.17615e-08
9.54457e-09
3.91667e-09
1.49922e-09
5.33816e-10
1.76371e-10
5.396e-11
1.52611e-11
3.98536e-12
9.6028e-13
2.13429e-13
4.37585e-14
8.28043e-15
1.44728e-15
2.3392e-16
3.50851e-17
5.05e-18
7.37318e-19
1.12243e-19
1.78581e-20
2.97531e-21
5.19815e-22
9.5325e-23
1.83616e-23
3.71639e-24
7.9061e-25
1.7678e-25
4.154e-26
1.02548e-26
2.6586e-27
7.23455e-28
2.06493e-28
6.17856e-29
1.93637e-29
6.3506e-30
2.1775e-30
7.79866e-31
2.91458e-31
1.13546e-31
4.60545e-32
1.94258e-32
8.51178e-33
3.86977e-33
1.82119e-33
8.96064e-34
4.11989e-34
9.17834e-06
7.79989e-06
6.38986e-06
5.07335e-06
3.88373e-06
2.85886e-06
2.01949e-06
1.36645e-06
8.83998e-07
5.45728e-07
3.20799e-07
1.79128e-07
9.47505e-08
4.73352e-08
2.22633e-08
9.82612e-09
4.05656e-09
1.56164e-09
5.59007e-10
1.85603e-10
5.70395e-11
1.61975e-11
4.24523e-12
1.02618e-12
2.28719e-13
4.70082e-14
8.91411e-15
1.56083e-15
2.52653e-16
3.79425e-17
5.46689e-18
7.98842e-19
1.2169e-19
1.9372e-20
3.2291e-21
5.64403e-22
1.03545e-22
1.99535e-23
4.04042e-24
8.59968e-25
1.92395e-25
4.52374e-26
1.11754e-26
2.89959e-27
7.8973e-28
2.25631e-28
6.75844e-29
2.12058e-29
6.96344e-30
2.39082e-30
8.57474e-31
3.20935e-31
1.25222e-31
5.08711e-32
2.14924e-32
9.43296e-33
4.29582e-33
2.02514e-33
9.98118e-34
4.59851e-34
9.03022e-06
7.65855e-06
6.21531e-06
4.90919e-06
3.75117e-06
2.76311e-06
1.95667e-06
1.32904e-06
8.64051e-07
5.36504e-07
3.17387e-07
1.7841e-07
9.50143e-08
4.77887e-08
2.26254e-08
1.00496e-08
4.17401e-09
1.61602e-09
5.81548e-10
1.9403e-10
5.98947e-11
1.70765e-11
4.49163e-12
1.08918e-12
2.43434e-13
5.01532e-14
9.53023e-15
1.67166e-15
2.70996e-16
4.07478e-17
5.87703e-18
8.59472e-19
1.31012e-19
2.08673e-20
3.47996e-21
6.08497e-22
1.11677e-22
2.15284e-23
4.36098e-24
9.28577e-25
2.07839e-25
4.88937e-26
1.20857e-26
3.13783e-27
8.55252e-28
2.44554e-28
7.33199e-29
2.30286e-29
7.5703e-30
2.60224e-30
9.34475e-31
3.5022e-31
1.36839e-31
5.56709e-32
2.35556e-32
1.03544e-32
4.72287e-33
2.23002e-33
1.10087e-33
5.0818e-34
8.91229e-06
7.53705e-06
6.06032e-06
4.75773e-06
3.62422e-06
2.66835e-06
1.89272e-06
1.28987e-06
8.42376e-07
5.25836e-07
3.129e-07
1.76976e-07
9.48495e-08
4.80108e-08
2.28743e-08
1.02227e-08
4.27093e-09
1.66276e-09
6.01472e-10
2.01637e-10
6.25135e-11
1.7893e-11
4.72282e-12
1.14878e-12
2.57449e-13
5.3165e-14
1.0123e-14
1.77869e-15
2.88765e-16
4.34723e-17
6.27621e-18
9.18583e-19
1.40113e-19
2.23287e-20
3.72531e-21
6.51646e-22
1.19637e-22
2.30703e-23
4.67482e-24
9.95741e-25
2.22954e-25
5.24712e-26
1.29761e-26
3.37081e-27
9.19313e-28
2.63053e-28
7.89267e-29
2.48108e-29
8.16382e-30
2.80913e-30
1.00988e-30
3.78922e-31
1.48237e-31
6.03864e-32
2.55854e-32
1.12624e-32
5.14445e-33
2.43265e-33
1.2027e-33
5.56197e-34
8.81536e-06
7.43238e-06
5.92476e-06
4.62215e-06
3.5076e-06
2.57881e-06
1.83036e-06
1.25023e-06
8.19425e-07
5.13851e-07
3.07386e-07
1.74862e-07
9.42844e-08
4.80197e-08
2.30193e-08
1.03492e-08
4.34863e-09
1.70219e-09
6.18845e-10
2.08423e-10
6.48897e-11
1.86435e-11
4.93752e-12
1.20458e-12
2.70657e-13
5.60189e-14
1.06871e-14
1.88093e-15
3.05792e-16
4.60897e-17
6.66049e-18
9.75581e-19
1.489e-19
2.37412e-20
3.96265e-21
6.93414e-22
1.27345e-22
2.45637e-23
4.97882e-24
1.06079e-24
2.3759e-25
5.59343e-26
1.38377e-26
3.59616e-27
9.81252e-28
2.80933e-28
8.43448e-29
2.65328e-29
8.7373e-30
3.00906e-30
1.08277e-30
4.06684e-31
1.5927e-31
6.49551e-32
2.75542e-32
1.21443e-32
5.55446e-33
2.63003e-33
1.30206e-33
6.03158e-34
8.73634e-06
7.34366e-06
5.80808e-06
4.50327e-06
3.40315e-06
2.49674e-06
1.77176e-06
1.21198e-06
7.96609e-07
5.01499e-07
3.01413e-07
1.72369e-07
9.34639e-08
4.78777e-08
2.30845e-08
1.04376e-08
4.40976e-09
1.73504e-09
6.33826e-10
2.14413e-10
6.7023e-11
1.93259e-11
5.13471e-12
1.25623e-12
2.82963e-13
5.8692e-14
1.12178e-14
1.97744e-15
3.21912e-16
4.85736e-17
7.0259e-18
1.02987e-18
1.57281e-19
2.50899e-20
4.18946e-21
7.33354e-22
1.34719e-22
2.59929e-23
5.26977e-24
1.12304e-24
2.51595e-25
5.92469e-26
1.46615e-26
3.81153e-27
1.04042e-27
2.98005e-28
8.95158e-29
2.81757e-29
9.28431e-30
3.19974e-30
1.15229e-30
4.33171e-31
1.69801e-31
6.93185e-32
2.94361e-32
1.2988e-32
5.94721e-33
2.81936e-33
1.39751e-33
6.48359e-34
8.67057e-06
7.2678e-06
5.70766e-06
4.39973e-06
3.31082e-06
2.42292e-06
1.71802e-06
1.17615e-06
7.74714e-07
4.89301e-07
2.95291e-07
1.69668e-07
9.24727e-08
4.7624e-08
2.30865e-08
1.04942e-08
4.45649e-09
1.76197e-09
6.46585e-10
2.19642e-10
6.89177e-11
1.99398e-11
5.31384e-12
1.30352e-12
2.94298e-13
6.11662e-14
1.1711e-14
2.06744e-15
3.36985e-16
5.09017e-17
7.36904e-18
1.08093e-18
1.65174e-19
2.63614e-20
4.40347e-21
7.71066e-22
1.41685e-22
2.73435e-23
5.54477e-24
1.18189e-24
2.6483e-25
6.23767e-26
1.54396e-26
4.01485e-27
1.09625e-27
3.14103e-28
9.4389e-29
2.97231e-29
9.79932e-30
3.37922e-30
1.21772e-30
4.58094e-31
1.79711e-31
7.34264e-32
3.12087e-32
1.37834e-32
6.31776e-33
2.99817e-33
1.48776e-33
6.91183e-34
8.61556e-06
7.20303e-06
5.62163e-06
4.31038e-06
3.23028e-06
2.35766e-06
1.66979e-06
1.14343e-06
7.54334e-07
4.77691e-07
2.893e-07
1.6692e-07
9.1395e-08
4.72986e-08
2.30427e-08
1.05258e-08
4.49119e-09
1.78371e-09
6.57321e-10
2.24154e-10
7.05807e-11
2.04855e-11
5.47455e-12
1.34626e-12
3.04603e-13
6.34261e-14
1.21632e-14
2.15021e-15
3.50884e-16
5.30529e-17
7.68667e-18
1.12827e-18
1.72499e-19
2.75427e-20
4.6025e-21
8.06162e-22
1.48172e-22
2.86018e-23
5.80102e-24
1.23673e-24
2.77164e-25
6.52927e-26
1.61642e-26
4.20411e-27
1.14818e-27
3.29071e-28
9.8917e-29
3.116e-29
1.02772e-29
3.54567e-30
1.27837e-30
4.81193e-31
1.88895e-31
7.72331e-32
3.28518e-32
1.45209e-32
6.6616e-33
3.16423e-33
1.57167e-33
7.31053e-34
8.56957e-06
7.14801e-06
5.54844e-06
4.23399e-06
3.1609e-06
2.30088e-06
1.62732e-06
1.11422e-06
7.35849e-07
4.66967e-07
2.83643e-07
1.64248e-07
9.02992e-08
4.69352e-08
2.2968e-08
1.05385e-08
4.51607e-09
1.80098e-09
6.66237e-10
2.27998e-10
7.20216e-11
2.09639e-11
5.61674e-12
1.38434e-12
3.13833e-13
6.54592e-14
1.25714e-14
2.22516e-15
3.63497e-16
5.5009e-17
7.97596e-18
1.17144e-18
1.79188e-19
2.86225e-20
4.78455e-21
8.38289e-22
1.54114e-22
2.97547e-23
6.03591e-24
1.287e-24
2.88472e-25
6.79658e-26
1.68283e-26
4.3775e-27
1.19574e-27
3.42766e-28
1.03057e-28
3.24728e-29
1.07136e-29
3.69752e-30
1.33367e-30
5.02242e-31
1.97261e-31
8.07001e-32
3.43482e-32
1.51927e-32
6.97491e-33
3.31563e-33
1.64822e-33
7.67482e-34
8.53132e-06
7.10167e-06
5.48678e-06
4.16945e-06
3.10195e-06
2.25228e-06
1.59061e-06
1.08869e-06
7.19491e-07
4.57337e-07
2.78473e-07
1.61751e-07
8.92408e-08
4.65624e-08
2.28758e-08
1.05377e-08
4.5332e-09
1.81446e-09
6.73533e-10
2.31225e-10
7.3251e-11
2.13767e-11
5.74047e-12
1.41768e-12
3.21956e-13
6.72557e-14
1.29333e-14
2.29176e-15
3.7473e-16
5.67542e-17
8.23441e-18
1.21005e-18
1.85177e-19
2.95902e-20
4.94784e-21
8.67126e-22
1.5945e-22
3.07907e-23
6.24707e-24
1.33221e-24
2.98641e-25
7.03696e-26
1.74254e-26
4.53333e-27
1.23846e-27
3.55062e-28
1.06771e-28
3.36497e-29
1.11044e-29
3.83343e-30
1.38312e-30
5.21051e-31
2.04731e-31
8.37948e-32
3.56835e-32
1.57921e-32
7.2545e-33
3.45079e-33
1.7166e-33
8.00057e-34
8.49986e-06
7.06319e-06
5.43563e-06
4.11581e-06
3.05278e-06
2.2115e-06
1.5596e-06
1.06693e-06
7.05401e-07
4.48944e-07
2.73904e-07
1.59505e-07
8.82651e-08
4.62041e-08
2.27773e-08
1.05284e-08
4.54439e-09
1.82478e-09
6.79398e-10
2.33884e-10
7.42794e-11
2.17257e-11
5.84584e-12
1.44624e-12
3.28945e-13
6.88068e-14
1.32466e-14
2.34956e-15
3.84497e-16
5.82738e-17
8.45976e-18
1.24376e-18
1.90409e-19
3.04363e-20
5.09071e-21
8.92374e-22
1.64125e-22
3.16989e-23
6.43224e-24
1.37187e-24
3.07564e-25
7.24791e-26
1.79494e-26
4.67005e-27
1.27592e-27
3.65839e-28
1.10025e-28
3.46797e-29
1.14461e-29
3.95215e-30
1.42628e-30
5.37453e-31
2.11241e-31
8.64895e-32
3.68456e-32
1.63136e-32
7.49774e-33
3.56838e-33
1.77612e-33
8.28436e-34
8.47466e-06
7.03206e-06
5.3942e-06
4.07229e-06
3.01277e-06
2.17819e-06
1.5341e-06
1.04892e-06
6.93644e-07
4.41873e-07
2.70011e-07
1.57565e-07
8.74064e-08
4.58792e-08
2.26818e-08
1.05145e-08
4.55127e-09
1.83249e-09
6.84004e-10
2.36021e-10
7.51177e-11
2.20128e-11
5.93312e-12
1.47002e-12
3.34787e-13
7.01072e-14
1.35099e-14
2.39823e-15
3.92734e-16
5.9557e-17
8.65024e-18
1.27227e-18
1.94839e-19
3.11531e-20
5.21184e-21
9.13793e-22
1.68094e-22
3.24702e-23
6.58959e-24
1.40558e-24
3.15152e-25
7.42733e-26
1.8395e-26
4.78632e-27
1.30777e-27
3.74998e-28
1.12788e-28
3.55539e-29
1.17359e-29
4.05274e-30
1.46281e-30
5.51321e-31
2.1674e-31
8.87638e-32
3.78258e-32
1.67533e-32
7.70272e-33
3.66748e-33
1.82628e-33
8.52377e-34
8.45491e-06
7.00759e-06
5.36172e-06
4.03818e-06
2.98137e-06
2.15196e-06
1.51396e-06
1.03461e-06
6.84243e-07
4.36178e-07
2.66848e-07
1.55972e-07
8.66914e-08
4.56027e-08
2.25968e-08
1.04995e-08
4.55516e-09
1.83808e-09
6.87502e-10
2.37678e-10
7.57755e-11
2.22399e-11
6.00256e-12
1.48901e-12
3.39468e-13
7.1152e-14
1.37219e-14
2.43748e-15
3.99384e-16
6.05942e-17
8.80433e-18
1.29535e-18
1.98428e-19
3.17341e-20
5.31007e-21
9.31173e-22
1.71316e-22
3.30967e-23
6.71747e-24
1.43299e-24
3.21325e-25
7.57334e-26
1.87578e-26
4.88097e-27
1.3337e-27
3.82451e-28
1.15036e-28
3.62644e-29
1.19712e-29
4.13434e-30
1.49242e-30
5.62549e-31
2.21187e-31
9.06015e-32
3.86171e-32
1.7108e-32
7.86804e-33
3.74738e-33
1.86673e-33
8.71702e-34
8.44047e-06
6.98958e-06
5.3378e-06
4.01304e-06
2.95819e-06
2.13255e-06
1.499e-06
1.02395e-06
6.77204e-07
4.31889e-07
2.64451e-07
1.54755e-07
8.61395e-08
4.53859e-08
2.25281e-08
1.0486e-08
4.55715e-09
1.84193e-09
6.90015e-10
2.3889e-10
7.62611e-11
2.24087e-11
6.05439e-12
1.50324e-12
3.42984e-13
7.19383e-14
1.38817e-14
2.46709e-15
4.04407e-16
6.13782e-17
8.92087e-18
1.31282e-18
2.01144e-19
3.21742e-20
5.3845e-21
9.4435e-22
1.7376e-22
3.35723e-23
6.81461e-24
1.45383e-24
3.26019e-25
7.68445e-26
1.9034e-26
4.95305e-27
1.35345e-27
3.88126e-28
1.16746e-28
3.68049e-29
1.21501e-29
4.19633e-30
1.51488e-30
5.71059e-31
2.24554e-31
9.19913e-32
3.9215e-32
1.73758e-32
7.99281e-33
3.80768e-33
1.89727e-33
8.86309e-34
8.43096e-06
6.97769e-06
5.32203e-06
3.99647e-06
2.9429e-06
2.11974e-06
1.4891e-06
1.01687e-06
6.72519e-07
4.29024e-07
2.62843e-07
1.53934e-07
8.57644e-08
4.52371e-08
2.24801e-08
1.04759e-08
4.55802e-09
1.84433e-09
6.91637e-10
2.39682e-10
7.65811e-11
2.25204e-11
6.08881e-12
1.51272e-12
3.4533e-13
7.24636e-14
1.39885e-14
2.48692e-15
4.07772e-16
6.19035e-17
8.99899e-18
1.32454e-18
2.02966e-19
3.24695e-20
5.43447e-21
9.532e-22
1.75402e-22
3.38922e-23
6.87999e-24
1.46787e-24
3.29185e-25
7.75944e-26
1.92205e-26
5.00177e-27
1.3668e-27
3.91966e-28
1.17904e-28
3.71705e-29
1.2271e-29
4.23819e-30
1.53003e-30
5.76793e-31
2.2682e-31
9.29257e-32
3.96167e-32
1.75556e-32
8.07657e-33
3.84818e-33
1.91779e-33
8.96156e-34
8.42624e-06
6.97179e-06
5.31421e-06
3.98825e-06
2.93531e-06
2.11336e-06
1.48418e-06
1.01335e-06
6.70179e-07
4.2759e-07
2.62035e-07
1.5352e-07
8.55748e-08
4.51614e-08
2.24553e-08
1.04705e-08
4.55833e-09
1.84548e-09
6.92432e-10
2.40074e-10
7.67401e-11
2.2576e-11
6.106e-12
1.51745e-12
3.46503e-13
7.27266e-14
1.4042e-14
2.49685e-15
4.09457e-16
6.21668e-17
9.03814e-18
1.33041e-18
2.0388e-19
3.26176e-20
5.45953e-21
9.57644e-22
1.76228e-22
3.40532e-23
6.91297e-24
1.47496e-24
3.30789e-25
7.79753e-26
1.93155e-26
5.02662e-27
1.37362e-27
3.93929e-28
1.18496e-28
3.73576e-29
1.23329e-29
4.25959e-30
1.53777e-30
5.79718e-31
2.27975e-31
9.34014e-32
3.9821e-32
1.76472e-32
8.11927e-33
3.86889e-33
1.92833e-33
9.01257e-34
8.42625e-06
6.97179e-06
5.31421e-06
3.98825e-06
2.93531e-06
2.11336e-06
1.48418e-06
1.01335e-06
6.70179e-07
4.2759e-07
2.62035e-07
1.5352e-07
8.55748e-08
4.51614e-08
2.24553e-08
1.04705e-08
4.55833e-09
1.84548e-09
6.92432e-10
2.40074e-10
7.67401e-11
2.2576e-11
6.106e-12
1.51745e-12
3.46503e-13
7.27265e-14
1.4042e-14
2.49684e-15
4.09454e-16
6.21663e-17
9.03802e-18
1.33039e-18
2.03877e-19
3.26172e-20
5.45948e-21
9.57643e-22
1.76229e-22
3.4054e-23
6.91323e-24
1.47505e-24
3.30814e-25
7.79827e-26
1.93177e-26
5.0273e-27
1.37383e-27
3.93994e-28
1.18516e-28
3.73643e-29
1.23351e-29
4.26036e-30
1.53805e-30
5.79819e-31
2.28014e-31
9.34179e-32
3.98285e-32
1.76508e-32
8.12119e-33
3.86997e-33
1.92898e-33
9.01673e-34
8.43096e-06
6.97769e-06
5.32204e-06
3.99647e-06
2.9429e-06
2.11974e-06
1.4891e-06
1.01687e-06
6.72519e-07
4.29024e-07
2.62843e-07
1.53934e-07
8.57644e-08
4.52371e-08
2.24801e-08
1.04759e-08
4.55802e-09
1.84433e-09
6.91637e-10
2.39682e-10
7.65812e-11
2.25204e-11
6.08882e-12
1.51272e-12
3.45329e-13
7.24633e-14
1.39884e-14
2.48688e-15
4.07762e-16
6.19019e-17
8.99866e-18
1.32449e-18
2.02958e-19
3.24685e-20
5.43435e-21
9.53201e-22
1.75407e-22
3.38945e-23
6.88077e-24
1.46811e-24
3.29259e-25
7.76165e-26
1.92271e-26
5.00376e-27
1.36741e-27
3.92156e-28
1.17964e-28
3.71903e-29
1.22777e-29
4.2405e-30
1.53087e-30
5.77107e-31
2.26945e-31
9.29787e-32
3.96409e-32
1.75676e-32
8.08289e-33
3.85175e-33
1.91994e-33
8.97501e-34
8.44045e-06
6.98956e-06
5.33779e-06
4.01304e-06
2.95818e-06
2.13255e-06
1.499e-06
1.02395e-06
6.77203e-07
4.31889e-07
2.64451e-07
1.54755e-07
8.61395e-08
4.53859e-08
2.25281e-08
1.0486e-08
4.55715e-09
1.84193e-09
6.90015e-10
2.3889e-10
7.62612e-11
2.24087e-11
6.05438e-12
1.50324e-12
3.42982e-13
7.19377e-14
1.38814e-14
2.46704e-15
4.04392e-16
6.13756e-17
8.92037e-18
1.31275e-18
2.01133e-19
3.2173e-20
5.38438e-21
9.44367e-22
1.7377e-22
3.35766e-23
6.81597e-24
1.45424e-24
3.26142e-25
7.68806e-26
1.90447e-26
4.95626e-27
1.35443e-27
3.88433e-28
1.16845e-28
3.68374e-29
1.21611e-29
4.20022e-30
1.51631e-30
5.71614e-31
2.24781e-31
9.20907e-32
3.92615e-32
1.73991e-32
8.00524e-33
3.8147e-33
1.90144e-33
8.88876e-34
8.45492e-06
7.0076e-06
5.36173e-06
4.03819e-06
2.98137e-06
2.15196e-06
1.51396e-06
1.03461e-06
6.84243e-07
4.36178e-07
2.66848e-07
1.55972e-07
8.66914e-08
4.56027e-08
2.25968e-08
1.04995e-08
4.55517e-09
1.83808e-09
6.87503e-10
2.37679e-10
7.57755e-11
2.22399e-11
6.00254e-12
1.48901e-12
3.39464e-13
7.1151e-14
1.37215e-14
2.4374e-15
3.99363e-16
6.05909e-17
8.80372e-18
1.29528e-18
1.98416e-19
3.17332e-20
5.31005e-21
9.31224e-22
1.71335e-22
3.31035e-23
6.71949e-24
1.43358e-24
3.21494e-25
7.57826e-26
1.87722e-26
4.88528e-27
1.33502e-27
3.82863e-28
1.15169e-28
3.63088e-29
1.19866e-29
4.13992e-30
1.49453e-30
5.63397e-31
2.21547e-31
9.07639e-32
3.8695e-32
1.71476e-32
7.88934e-33
3.75937e-33
1.87381e-33
8.75954e-34
8.47466e-06
7.03206e-06
5.39421e-06
4.0723e-06
3.01278e-06
2.17819e-06
1.53411e-06
1.04892e-06
6.93645e-07
4.41873e-07
2.70011e-07
1.57565e-07
8.74065e-08
4.58792e-08
2.26818e-08
1.05146e-08
4.55127e-09
1.83249e-09
6.84005e-10
2.36021e-10
7.51176e-11
2.20128e-11
5.93308e-12
1.47001e-12
3.3478e-13
7.01056e-14
1.35094e-14
2.39813e-15
3.92709e-16
5.95535e-17
8.64963e-18
1.27221e-18
1.94831e-19
3.11532e-20
5.21205e-21
9.13901e-22
1.68127e-22
3.248e-23
6.59234e-24
1.40635e-24
3.15367e-25
7.43345e-26
1.84128e-26
4.79159e-27
1.30938e-27
3.75505e-28
1.12954e-28
3.56103e-29
1.17559e-29
4.06022e-30
1.46575e-30
5.52542e-31
2.17276e-31
8.90128e-32
3.79477e-32
1.68161e-32
7.73659e-33
3.68648e-33
1.83742e-33
8.58923e-34
8.49993e-06
7.06324e-06
5.43566e-06
4.11583e-06
3.05279e-06
2.21151e-06
1.5596e-06
1.06694e-06
7.05403e-07
4.48945e-07
2.73904e-07
1.59505e-07
8.82652e-08
4.62042e-08
2.27773e-08
1.05284e-08
4.5444e-09
1.82478e-09
6.79398e-10
2.33884e-10
7.42791e-11
2.17256e-11
5.84577e-12
1.44622e-12
3.28936e-13
6.88047e-14
1.32459e-14
2.34945e-15
3.84472e-16
5.82707e-17
8.45926e-18
1.24372e-18
1.90408e-19
3.0438e-20
5.09128e-21
8.9256e-22
1.64175e-22
3.17124e-23
6.43581e-24
1.37283e-24
3.07825e-25
7.25518e-26
1.79702e-26
4.6762e-27
1.2778e-27
3.66439e-28
1.10224e-28
3.47492e-29
1.14715e-29
3.96197e-30
1.43027e-30
5.39163e-31
2.12013e-31
8.68556e-32
3.70275e-32
1.6408e-32
7.54868e-33
3.59685e-33
1.79269e-33
8.37992e-34
8.53126e-06
7.10162e-06
5.48676e-06
4.16943e-06
3.10194e-06
2.25228e-06
1.59061e-06
1.08869e-06
7.19491e-07
4.57338e-07
2.78474e-07
1.61751e-07
8.9241e-08
4.65625e-08
2.28759e-08
1.05378e-08
4.5332e-09
1.81446e-09
6.73532e-10
2.31224e-10
7.32505e-11
2.13765e-11
5.74035e-12
1.41765e-12
3.21943e-13
6.7253e-14
1.29325e-14
2.29164e-15
3.74707e-16
5.6752e-17
8.23415e-18
1.21008e-18
1.85187e-19
2.95943e-20
4.94888e-21
8.67409e-22
1.5952e-22
3.08084e-23
6.25152e-24
1.33336e-24
2.98947e-25
7.04536e-26
1.74493e-26
4.54037e-27
1.24063e-27
3.55764e-28
1.0701e-28
3.37351e-29
1.11366e-29
3.84622e-30
1.38847e-30
5.23402e-31
2.05814e-31
8.43155e-32
3.59443e-32
1.59278e-32
7.32764e-33
3.49145e-33
1.74011e-33
8.13401e-34
8.56972e-06
7.14812e-06
5.54851e-06
4.23404e-06
3.16092e-06
2.3009e-06
1.62733e-06
1.11422e-06
7.35852e-07
4.66969e-07
2.83644e-07
1.64249e-07
9.02994e-08
4.69353e-08
2.29681e-08
1.05385e-08
4.51607e-09
1.80098e-09
6.66234e-10
2.27997e-10
7.20207e-11
2.09635e-11
5.61658e-12
1.38429e-12
3.13817e-13
6.54562e-14
1.25706e-14
2.22506e-15
3.6348e-16
5.50087e-17
7.97607e-18
1.17154e-18
1.79213e-19
2.86296e-20
4.78616e-21
8.38684e-22
1.54205e-22
2.97769e-23
6.0413e-24
1.28836e-24
2.88826e-25
6.80618e-26
1.68555e-26
4.38557e-27
1.19826e-27
3.43598e-28
1.03346e-28
3.2579e-29
1.07546e-29
3.71425e-30
1.34081e-30
5.05431e-31
1.98746e-31
8.14194e-32
3.47095e-32
1.53805e-32
7.07578e-33
3.37141e-33
1.68025e-33
7.85413e-34
8.61541e-06
7.20292e-06
5.62156e-06
4.31034e-06
3.23026e-06
2.35765e-06
1.66979e-06
1.14343e-06
7.54334e-07
4.77691e-07
2.893e-07
1.6692e-07
9.13952e-08
4.72987e-08
2.30427e-08
1.05258e-08
4.49118e-09
1.7837e-09
6.57316e-10
2.24152e-10
7.05794e-11
2.04849e-11
5.47435e-12
1.34621e-12
3.04586e-13
6.34232e-14
1.21625e-14
2.15016e-15
3.50878e-16
5.30552e-17
7.68729e-18
1.12847e-18
1.72542e-19
2.75533e-20
4.60474e-21
8.06678e-22
1.48287e-22
2.86286e-23
5.8074e-24
1.23831e-24
2.77572e-25
6.5403e-26
1.61956e-26
4.21355e-27
1.15118e-27
3.30079e-28
9.92755e-29
3.12945e-29
1.03303e-29
3.56759e-30
1.28784e-30
4.85457e-31
1.9089e-31
7.82005e-32
3.33371e-32
1.47723e-32
6.79595e-33
3.23806e-33
1.61377e-33
7.54343e-34
8.67058e-06
7.26781e-06
5.70766e-06
4.39973e-06
3.31081e-06
2.42291e-06
1.71801e-06
1.17614e-06
7.74709e-07
4.89299e-07
2.9529e-07
1.69668e-07
9.24725e-08
4.76239e-08
2.30865e-08
1.04942e-08
4.45647e-09
1.76196e-09
6.46578e-10
2.19638e-10
6.89159e-11
1.99392e-11
5.3136e-12
1.30346e-12
2.94282e-13
6.11638e-14
1.17105e-14
2.06745e-15
3.36995e-16
5.09074e-17
7.37029e-18
1.08125e-18
1.65237e-19
2.63755e-20
4.40637e-21
7.71705e-22
1.41824e-22
2.73753e-23
5.5522e-24
1.18372e-24
2.65302e-25
6.25052e-26
1.54766e-26
4.02616e-27
1.09991e-27
3.15357e-28
9.48426e-29
2.98957e-29
9.86816e-30
3.4079e-30
1.23017e-30
4.63706e-31
1.82334e-31
7.46949e-32
3.18424e-32
1.411e-32
6.49123e-33
3.09287e-33
1.5414e-33
7.20527e-34
8.73681e-06
7.34402e-06
5.80834e-06
4.50344e-06
3.40327e-06
2.49681e-06
1.7718e-06
1.212e-06
7.96618e-07
5.01501e-07
3.01413e-07
1.72369e-07
9.34636e-08
4.78775e-08
2.30844e-08
1.04375e-08
4.40972e-09
1.73502e-09
6.33814e-10
2.14408e-10
6.70208e-11
1.93252e-11
5.13446e-12
1.25618e-12
2.8295e-13
5.86908e-14
1.12177e-14
1.97755e-15
3.21944e-16
4.85836e-17
7.0279e-18
1.03032e-18
1.57366e-19
2.51079e-20
4.19304e-21
7.34118e-22
1.34882e-22
2.60298e-23
5.27838e-24
1.12517e-24
2.52148e-25
5.93995e-26
1.47062e-26
3.82543e-27
1.045e-27
2.99595e-28
9.00972e-29
2.83986e-29
9.37357e-30
3.23698e-30
1.16844e-30
4.40427e-31
1.73177e-31
7.09427e-32
3.02426e-32
1.3401e-32
6.16505e-33
2.93746e-33
1.46395e-33
6.84337e-34
8.81487e-06
7.43201e-06
5.92453e-06
4.62203e-06
3.50756e-06
2.57882e-06
1.83039e-06
1.25027e-06
8.19452e-07
5.13867e-07
3.07395e-07
1.74866e-07
9.4286e-08
4.80202e-08
2.30193e-08
1.03492e-08
4.3486e-09
1.70217e-09
6.18831e-10
2.08417e-10
6.48873e-11
1.86427e-11
4.93729e-12
1.20453e-12
2.70649e-13
5.60197e-14
1.06876e-14
1.88117e-15
3.05851e-16
4.61046e-17
6.66331e-18
9.76159e-19
1.49008e-19
2.3763e-20
3.9669e-21
6.94305e-22
1.27534e-22
2.46063e-23
4.98882e-24
1.06328e-24
2.38249e-25
5.61193e-26
1.38928e-26
3.61357e-27
9.87053e-28
2.82966e-28
8.50921e-29
2.68197e-29
8.85209e-30
3.05679e-30
1.10336e-30
4.15886e-31
1.63524e-31
6.69871e-32
2.8556e-32
1.26535e-32
5.82116e-33
2.7736e-33
1.38228e-33
6.46182e-34
8.91119e-06
7.53616e-06
6.05962e-06
4.75719e-06
3.62383e-06
2.66808e-06
1.89255e-06
1.28977e-06
8.42325e-07
5.25813e-07
3.12891e-07
1.76974e-07
9.48487e-08
4.80105e-08
2.28742e-08
1.02226e-08
4.27087e-09
1.66273e-09
6.01456e-10
2.0163e-10
6.2511e-11
1.78923e-11
4.72265e-12
1.14876e-12
2.5745e-13
5.31686e-14
1.01241e-14
1.77909e-15
2.88855e-16
4.34927e-17
6.2799e-18
9.19299e-19
1.40243e-19
2.23542e-20
3.73025e-21
6.52671e-22
1.19854e-22
2.31195e-23
4.68655e-24
9.98711e-25
2.23753e-25
5.26993e-26
1.30451e-26
3.39282e-27
9.267e-28
2.6565e-28
7.98814e-29
2.51764e-29
8.30941e-30
2.8693e-30
1.03566e-30
3.90358e-31
1.53483e-31
6.28728e-32
2.68017e-32
1.1876e-32
5.46345e-33
2.60316e-33
1.29733e-33
6.06489e-34
9.0312e-06
7.65929e-06
6.21577e-06
4.90946e-06
3.75134e-06
2.76323e-06
1.95675e-06
1.32909e-06
8.64081e-07
5.36518e-07
3.17392e-07
1.78412e-07
9.50146e-08
4.77886e-08
2.26253e-08
1.00495e-08
4.17395e-09
1.61599e-09
5.81531e-10
1.94024e-10
5.98925e-11
1.7076e-11
4.49156e-12
1.0892e-12
2.43448e-13
5.01603e-14
9.53226e-15
1.67224e-15
2.7112e-16
4.07737e-17
5.8816e-18
8.60325e-19
1.31165e-19
2.08967e-20
3.48563e-21
6.09671e-22
1.11928e-22
2.1586e-23
4.37492e-24
9.32171e-25
2.08821e-25
4.91779e-26
1.21725e-26
3.16567e-27
8.64615e-28
2.47843e-28
7.4524e-29
2.34872e-29
7.75171e-30
2.67667e-30
9.66108e-31
3.64137e-31
1.43172e-31
5.86479e-32
2.50004e-32
1.10778e-32
5.09616e-33
2.42814e-33
1.2101e-33
5.65726e-34
9.17848e-06
7.79998e-06
6.38967e-06
5.07286e-06
3.88309e-06
2.85828e-06
2.01908e-06
1.36622e-06
8.83891e-07
5.45685e-07
3.20784e-07
1.79124e-07
9.47493e-08
4.73347e-08
2.22631e-08
9.82597e-09
4.05648e-09
1.5616e-09
5.5899e-10
1.85597e-10
5.7038e-11
1.61974e-11
4.24531e-12
1.02626e-12
2.28749e-13
4.70194e-14
8.9171e-15
1.56161e-15
2.52812e-16
3.79742e-17
5.47234e-18
7.99831e-19
1.21865e-19
1.94055e-20
3.23558e-21
5.65753e-22
1.03839e-22
2.00218e-23
4.05723e-24
8.64368e-25
1.93612e-25
4.55926e-26
1.12843e-26
2.93455e-27
8.0146e-28
2.29733e-28
6.90771e-29
2.17702e-29
7.18495e-30
2.48095e-30
8.95459e-31
3.37507e-31
1.32701e-31
5.43584e-32
2.31718e-32
1.02674e-32
4.72336e-33
2.25051e-33
1.12156e-33
5.24351e-34
9.38631e-06
7.97381e-06
6.59062e-06
5.25104e-06
4.01715e-06
2.94675e-06
2.07122e-06
1.39375e-06
8.96603e-07
5.50355e-07
3.21613e-07
1.78482e-07
9.38112e-08
4.65647e-08
2.17608e-08
9.54429e-09
3.91655e-09
1.49917e-09
5.33799e-10
1.76366e-10
5.39595e-11
1.52615e-11
3.98563e-12
9.60419e-13
2.13477e-13
4.37743e-14
8.28445e-15
1.44826e-15
2.34114e-16
3.51224e-17
5.05633e-18
7.38445e-19
1.12442e-19
1.78961e-20
2.98275e-21
5.21382e-22
9.56717e-23
1.84435e-23
3.73687e-24
7.96027e-25
1.78289e-25
4.19816e-26
1.03901e-26
2.70193e-27
7.37914e-28
2.11515e-28
6.35991e-29
2.00438e-29
6.61519e-30
2.28422e-30
8.24462e-31
3.10751e-31
1.22182e-31
5.00501e-32
2.13354e-32
9.45382e-33
4.3491e-33
2.0722e-33
1.0327e-33
4.82823e-34
9.66718e-06
8.15336e-06
6.78285e-06
5.41787e-06
4.14616e-06
3.03475e-06
2.12305e-06
1.41931e-06
9.06313e-07
5.52148e-07
3.20321e-07
1.7653e-07
9.2164e-08
4.54494e-08
2.11051e-08
9.19992e-09
3.75302e-09
1.42855e-09
5.05994e-10
1.6637e-10
5.06753e-11
1.42751e-11
3.71464e-12
8.9227e-13
1.97776e-13
4.04564e-14
7.64059e-15
1.33334e-15
2.15218e-16
3.22478e-17
4.6379e-18
6.7681e-19
1.02994e-19
1.63845e-20
2.7298e-21
4.77029e-22
8.75136e-23
1.6868e-23
3.41722e-24
7.2787e-25
1.63014e-25
3.83833e-26
9.49939e-27
2.47028e-27
6.74649e-28
1.93383e-28
5.81479e-29
1.83261e-29
6.04843e-30
2.08857e-30
7.53862e-31
2.84148e-31
1.11725e-31
4.57677e-32
1.95104e-32
8.64536e-33
3.97727e-33
1.89508e-33
9.44438e-34
4.4158e-34
1.02017e-05
8.39075e-06
6.96643e-06
5.51558e-06
4.19041e-06
3.05446e-06
2.13142e-06
1.42093e-06
9.03744e-07
5.47736e-07
3.15866e-07
1.72971e-07
8.9726e-08
4.39665e-08
2.02902e-08
8.79184e-09
3.566e-09
1.34998e-09
4.75724e-10
1.55676e-10
4.72118e-11
1.3247e-11
3.43488e-12
8.22475e-13
1.81802e-13
3.70995e-14
6.99215e-15
1.21805e-15
1.9632e-16
2.93807e-17
4.22145e-18
6.15573e-19
9.36207e-20
1.48867e-20
2.47939e-21
4.33156e-22
7.94496e-23
1.53115e-23
3.1016e-24
6.60601e-25
1.47944e-25
3.48346e-26
8.6212e-27
2.24196e-27
6.12313e-28
1.75522e-28
5.27794e-29
1.66349e-29
5.4905e-30
1.896e-30
6.84383e-31
2.5797e-31
1.01436e-31
4.15547e-32
1.77151e-32
7.85014e-33
3.61156e-33
1.72089e-33
8.57653e-34
4.01029e-34
1.09559e-05
8.50466e-06
7.18265e-06
5.66763e-06
4.25726e-06
3.06582e-06
2.11924e-06
1.40348e-06
8.88146e-07
5.35779e-07
3.07458e-07
1.67476e-07
8.63892e-08
4.20883e-08
1.93118e-08
8.32071e-09
3.3565e-09
1.26406e-09
4.43256e-10
1.44387e-10
4.36038e-11
1.21877e-11
3.14931e-12
7.51781e-13
1.65726e-13
3.37397e-14
6.34609e-15
1.10361e-15
1.77622e-16
2.65511e-17
3.81133e-18
5.55371e-19
8.44188e-20
1.34179e-20
2.23409e-21
3.90214e-22
7.1562e-23
1.37899e-23
2.79321e-24
5.94901e-25
1.3323e-25
3.13707e-26
7.76425e-27
2.01922e-27
5.51516e-28
1.58106e-28
4.7546e-29
1.49866e-29
4.94685e-30
1.70839e-30
6.16707e-31
2.32476e-31
9.14175e-32
3.74525e-32
1.59672e-32
7.07593e-33
3.25554e-33
1.55132e-33
7.73172e-34
3.61555e-34
8.31639e-06
7.91238e-06
6.82777e-06
5.49997e-06
4.17252e-06
3.00771e-06
2.07119e-06
1.3646e-06
8.59286e-07
5.16039e-07
2.94843e-07
1.59884e-07
8.20818e-08
3.97907e-08
1.81642e-08
7.78602e-09
3.12492e-09
1.17109e-09
4.08743e-10
1.32563e-10
3.98711e-11
1.11032e-11
2.85949e-12
6.80566e-13
1.49634e-13
3.0394e-14
5.7056e-15
9.90584e-16
1.5921e-16
2.37719e-17
3.40936e-18
4.96463e-19
7.54269e-20
1.19843e-20
1.99489e-21
3.48373e-22
6.38819e-23
1.23092e-23
2.49324e-24
5.3102e-25
1.18928e-25
2.80048e-26
6.93169e-27
1.80285e-27
4.92469e-28
1.41193e-28
4.2465e-29
1.33866e-29
4.41923e-30
1.52635e-30
5.51053e-31
2.07749e-31
8.17016e-32
3.3475e-32
1.42726e-32
6.32544e-33
2.91044e-33
1.38696e-33
6.91291e-34
3.23294e-34
6.9214e-06
6.96285e-06
6.15653e-06
5.06216e-06
3.90473e-06
2.84402e-06
1.96689e-06
1.29597e-06
8.14306e-07
4.87512e-07
2.77574e-07
1.49955e-07
7.66752e-08
3.70103e-08
1.68188e-08
7.17585e-09
2.86659e-09
1.06935e-09
3.71579e-10
1.20004e-10
3.59522e-11
9.97576e-12
2.56074e-12
6.07681e-13
1.33264e-13
2.70081e-14
5.06022e-15
8.77105e-16
1.40781e-16
2.09971e-17
3.00882e-18
4.3786e-19
6.64931e-20
1.05615e-20
1.75769e-21
3.06913e-22
5.62764e-23
1.08438e-23
2.1965e-24
4.67852e-25
1.04791e-25
2.46784e-26
6.10908e-27
1.58911e-27
4.34142e-28
1.24489e-28
3.74465e-29
1.18064e-29
3.89817e-30
1.34659e-30
4.86231e-31
1.83338e-31
7.21119e-32
2.95499e-32
1.26007e-32
5.58512e-33
2.57008e-33
1.22489e-33
6.10559e-34
2.85572e-34
5.37141e-06
5.83479e-06
5.29037e-06
4.43272e-06
3.47885e-06
2.5704e-06
1.7955e-06
1.18969e-06
7.49124e-07
4.48408e-07
2.54904e-07
1.37371e-07
7.00275e-08
3.3684e-08
1.52488e-08
6.47959e-09
2.5776e-09
9.57486e-10
3.31331e-10
1.06579e-10
3.18102e-11
8.7957e-12
2.25064e-12
5.32566e-13
1.16496e-13
2.35578e-14
4.40545e-15
7.62402e-16
1.2221e-16
1.82082e-17
2.60708e-18
3.79178e-19
5.75588e-20
9.14006e-21
1.52091e-21
2.65553e-22
4.86937e-23
9.38337e-24
1.90092e-24
4.04954e-25
9.07185e-26
2.13684e-26
5.29073e-27
1.37651e-27
3.76136e-28
1.07877e-28
3.24563e-29
1.02351e-29
3.38003e-30
1.16783e-30
4.21767e-31
1.59062e-31
6.25753e-32
2.56468e-32
1.09383e-32
4.8491e-33
2.23175e-33
1.0638e-33
5.30337e-34
2.48094e-34
3.91266e-06
4.64369e-06
4.3305e-06
3.69543e-06
2.94872e-06
2.21225e-06
1.56529e-06
1.04712e-06
6.63459e-07
3.98466e-07
2.2678e-07
1.22169e-07
6.21863e-08
2.98447e-08
1.34724e-08
5.70618e-09
2.26195e-09
8.37153e-10
2.88621e-10
9.25046e-11
2.75137e-11
7.58297e-12
1.93452e-12
4.56527e-13
9.96231e-14
2.01037e-14
3.7528e-15
6.48489e-16
1.03825e-16
1.54541e-17
2.21119e-18
3.21445e-19
4.87806e-20
7.74487e-21
1.28868e-21
2.25015e-22
4.12648e-23
7.95312e-24
1.61152e-24
3.43389e-25
7.69477e-26
1.813e-26
4.49027e-27
1.16861e-27
3.1942e-28
9.16377e-29
2.75781e-29
8.69915e-30
2.87356e-30
9.93094e-31
3.58747e-31
1.35327e-31
5.32505e-32
2.18299e-32
9.31243e-33
4.12922e-33
1.90083e-33
9.06245e-34
4.51873e-34
2.11438e-34
2.67462e-06
3.49724e-06
3.36702e-06
2.92783e-06
2.37397e-06
1.80826e-06
1.29734e-06
8.78174e-07
5.6156e-07
3.39475e-07
1.94005e-07
1.04737e-07
5.33444e-08
2.5586e-08
1.15328e-08
4.87422e-09
1.92713e-09
7.1117e-10
2.44439e-10
7.81021e-11
2.31598e-11
6.36461e-12
1.61935e-12
3.81215e-13
8.30074e-14
1.67189e-14
3.11593e-15
5.3772e-16
8.59994e-17
1.27906e-17
1.82909e-18
2.65814e-19
4.03326e-20
6.40351e-21
1.06559e-21
1.86093e-22
3.41349e-23
6.58083e-24
1.33389e-24
2.84334e-25
6.37391e-26
1.5024e-26
3.72256e-27
9.6922e-28
2.65033e-28
7.60664e-29
2.29012e-29
7.22669e-30
2.38805e-30
8.25595e-31
2.98339e-31
1.12576e-31
4.43111e-32
1.81704e-32
7.7534e-33
3.43882e-33
1.58341e-33
7.55089e-34
3.76587e-34
1.76259e-34
1.71598e-06
2.48275e-06
2.4768e-06
2.19725e-06
1.8102e-06
1.39944e-06
1.01828e-06
6.98196e-07
4.51431e-07
2.7534e-07
1.5841e-07
8.59171e-08
4.38839e-08
2.10773e-08
9.50229e-09
4.01313e-09
1.58445e-09
5.83606e-10
2.00153e-10
6.38011e-11
1.88735e-11
5.17447e-12
1.3136e-12
3.086e-13
6.70716e-14
1.34875e-14
2.51026e-15
4.32724e-16
6.91488e-17
1.02783e-17
1.46933e-18
2.1351e-19
3.2399e-20
5.14496e-21
8.56419e-22
1.49618e-22
2.7456e-23
5.29561e-24
1.07391e-24
2.29031e-25
5.13688e-26
1.21147e-26
3.00337e-27
7.82402e-28
2.14067e-28
6.14727e-29
1.85176e-29
5.84649e-30
1.93295e-30
6.68587e-31
2.41715e-31
9.12493e-32
3.59317e-32
1.474e-32
6.29196e-33
2.79159e-33
1.2858e-33
6.13352e-34
3.05983e-34
1.43261e-34
1.03338e-06
1.65499e-06
1.71595e-06
1.55534e-06
1.30228e-06
1.02161e-06
7.53822e-07
5.23748e-07
3.42741e-07
2.11245e-07
1.22588e-07
6.69395e-08
3.43613e-08
1.65595e-08
7.48066e-09
3.16219e-09
1.24851e-09
4.5957e-10
1.57436e-10
5.01128e-11
1.48005e-11
4.05102e-12
1.02671e-12
2.40831e-13
5.22693e-14
1.04981e-14
1.95191e-15
3.3621e-16
5.36964e-17
7.97891e-18
1.14054e-18
1.65761e-19
2.51621e-20
3.99766e-21
6.65825e-22
1.16395e-22
2.13739e-23
4.12541e-24
8.37198e-25
1.78677e-25
4.01039e-26
9.4648e-27
2.3481e-27
6.12134e-28
1.67599e-28
4.81622e-29
1.4518e-29
4.5868e-30
1.51747e-30
5.25212e-31
1.89998e-31
7.17681e-32
2.82765e-32
1.16059e-32
4.95662e-33
2.20018e-33
1.01385e-33
4.83828e-34
2.41459e-34
1.13099e-34
5.84169e-07
1.03202e-06
1.11436e-06
1.03353e-06
8.79939e-07
7.00426e-07
5.24014e-07
3.68941e-07
2.44469e-07
1.52398e-07
8.93236e-08
4.9186e-08
2.54196e-08
1.23144e-08
5.58417e-09
2.36663e-09
9.35866e-10
3.44747e-10
1.18116e-10
3.75845e-11
1.10933e-11
3.03388e-12
7.68239e-13
1.80043e-13
3.90444e-14
7.83642e-15
1.45623e-15
2.50737e-16
4.00382e-17
5.94953e-18
8.50674e-19
1.23693e-19
1.87888e-20
2.98749e-21
4.98026e-22
8.71456e-23
1.60188e-23
3.09498e-24
6.2873e-25
1.34321e-25
3.01784e-26
7.12927e-27
1.77037e-27
4.61949e-28
1.26593e-28
3.64104e-29
1.09849e-29
3.47345e-30
1.15007e-30
3.98364e-31
1.4422e-31
5.45165e-32
2.14947e-32
8.82837e-33
3.77287e-33
1.67578e-33
7.72661e-34
3.68936e-34
1.84218e-34
8.63367e-35
3.0987e-07
5.99735e-07
6.74958e-07
6.41362e-07
5.55589e-07
4.48773e-07
3.40363e-07
2.42813e-07
1.62936e-07
1.0278e-07
6.08943e-08
3.3852e-08
1.76379e-08
8.60236e-09
3.922e-09
1.66913e-09
6.62092e-10
2.44431e-10
8.38678e-11
2.67104e-11
7.88742e-12
2.15748e-12
5.46317e-13
1.28022e-13
2.77602e-14
5.5713e-15
1.03533e-15
1.78293e-16
2.84785e-17
4.23373e-18
6.05747e-19
8.81559e-20
1.34046e-20
2.13386e-21
3.5617e-22
6.24061e-23
1.1487e-23
2.22249e-24
4.52116e-25
9.67229e-26
2.17604e-26
5.1474e-27
1.27985e-27
3.34368e-28
9.17393e-29
2.64159e-29
7.97829e-30
2.5254e-30
8.37009e-31
2.90206e-31
1.05161e-31
3.97877e-32
1.57009e-32
6.45409e-33
2.7604e-33
1.22701e-33
5.66157e-34
2.70521e-34
1.35166e-34
6.33933e-35
1.54055e-07
3.23553e-07
3.79362e-07
3.69651e-07
3.26e-07
2.67254e-07
2.05463e-07
1.48496e-07
1.00907e-07
6.44208e-08
3.85983e-08
2.16783e-08
1.13984e-08
5.60337e-09
2.57187e-09
1.10062e-09
4.38545e-10
1.62478e-10
5.59029e-11
1.78418e-11
5.27706e-12
1.44523e-12
3.66314e-13
8.59095e-14
1.86417e-14
3.74383e-15
6.96221e-16
1.19988e-16
1.91822e-17
2.85452e-18
4.08887e-19
5.95857e-20
9.07368e-21
1.4467e-21
2.41875e-22
4.24529e-23
7.82802e-24
1.51725e-24
3.09204e-25
6.62666e-26
1.49346e-26
3.5388e-27
8.81353e-28
2.30629e-28
6.33748e-29
1.82756e-29
5.52755e-30
1.75203e-30
5.81437e-31
2.01843e-31
7.32269e-32
2.77362e-32
1.09568e-32
4.50851e-33
1.93014e-33
8.58739e-34
3.9658e-34
1.89651e-34
9.48345e-35
4.45153e-35
7.16264e-08
1.61426e-07
1.9687e-07
1.96785e-07
1.76765e-07
1.47101e-07
1.14627e-07
8.39166e-08
5.77372e-08
3.73058e-08
2.26088e-08
1.2834e-08
6.81424e-09
3.37925e-09
1.56301e-09
6.73345e-10
2.69818e-10
1.00442e-10
3.46956e-11
1.11097e-11
3.29484e-12
9.04418e-13
2.29684e-13
5.39589e-14
1.1727e-14
2.35866e-15
4.39271e-16
7.58169e-17
1.21393e-17
1.80936e-18
2.59628e-19
3.7906e-20
5.78376e-21
9.24057e-22
1.54821e-22
2.72323e-23
5.03242e-24
9.77544e-25
1.99653e-25
4.28819e-26
9.6852e-27
2.29981e-27
5.73967e-28
1.50497e-28
4.1436e-29
1.19715e-29
3.62742e-30
1.15175e-30
3.82857e-31
1.33116e-31
4.83656e-32
1.83455e-32
7.25687e-33
2.98985e-33
1.28152e-33
5.70812e-34
2.63894e-34
1.26327e-34
6.32299e-35
2.97101e-35
3.10369e-08
7.41833e-08
9.38656e-08
9.62315e-08
8.80679e-08
7.44053e-08
5.87648e-08
4.35694e-08
3.03468e-08
1.98427e-08
1.21639e-08
6.98026e-09
3.74391e-09
1.87399e-09
8.7409e-10
3.7939e-10
1.53032e-10
5.72958e-11
1.98902e-11
6.39636e-12
1.90406e-12
5.24357e-13
1.33549e-13
3.14562e-14
6.85304e-15
1.38153e-15
2.5787e-16
4.46069e-17
7.1582e-18
1.06938e-18
1.53814e-19
2.25134e-20
3.44398e-21
5.51678e-22
9.26757e-23
1.63445e-23
3.02843e-24
5.89829e-25
1.20784e-25
2.60098e-26
5.88963e-27
1.40207e-27
3.50785e-28
9.22003e-29
2.54453e-29
7.36838e-30
2.23758e-30
7.11971e-31
2.37153e-31
8.26174e-32
3.00738e-32
1.14275e-32
4.528e-33
1.86853e-33
8.02113e-34
3.57786e-34
1.65633e-34
7.93899e-35
3.97843e-35
1.87167e-35
1.24746e-08
3.12665e-08
4.0915e-08
4.29928e-08
4.00861e-08
3.43851e-08
2.75226e-08
2.06624e-08
1.45661e-08
9.63647e-09
5.97479e-09
3.46621e-09
1.8784e-09
9.49321e-10
4.46744e-10
1.95479e-10
7.94257e-11
2.99317e-11
1.04512e-11
3.37824e-12
1.01024e-12
2.79352e-13
7.14136e-14
1.68785e-14
3.68899e-15
7.4597e-16
1.39657e-16
2.42297e-17
3.89972e-18
5.84328e-19
8.4306e-20
1.23788e-20
1.89975e-21
3.05299e-22
5.14526e-23
9.10346e-24
1.69213e-24
3.30606e-25
6.79112e-26
1.46689e-26
3.33161e-27
7.95458e-28
1.99591e-28
5.26087e-29
1.45588e-29
4.22718e-30
1.28701e-30
4.10539e-31
1.37079e-31
4.78657e-32
1.74627e-32
6.64974e-33
2.64025e-33
1.09166e-33
4.69489e-34
2.09786e-34
9.72798e-35
4.67009e-35
2.34379e-35
1.10432e-35
4.62362e-09
1.20306e-08
1.62236e-08
1.74531e-08
1.65752e-08
1.44343e-08
1.17076e-08
8.89813e-09
6.3473e-09
4.24774e-09
2.66334e-09
1.56193e-09
8.55256e-10
4.36495e-10
2.07304e-10
9.14812e-11
3.74604e-11
1.42173e-11
4.9962e-12
1.62438e-12
4.88329e-13
1.35683e-13
3.48401e-14
8.26853e-15
1.81427e-15
3.68259e-16
6.91979e-17
1.20492e-17
1.94636e-18
2.92707e-19
4.23897e-20
6.24809e-21
9.62596e-22
1.55293e-22
2.62726e-23
4.66611e-24
8.7059e-25
1.70723e-25
3.51964e-26
7.62952e-27
1.73885e-27
4.16582e-28
1.04873e-28
2.7732e-29
7.69863e-30
2.24214e-30
6.84668e-31
2.19026e-31
7.33356e-32
2.5676e-32
9.39143e-33
3.58507e-33
1.42681e-33
5.9128e-34
2.54844e-34
1.1411e-34
5.30182e-35
2.54999e-35
1.28205e-35
6.0516e-36
1.5699e-09
4.20482e-09
5.82209e-09
6.40302e-09
6.19071e-09
5.47201e-09
4.49676e-09
3.45918e-09
2.49621e-09
1.6894e-09
1.07096e-09
6.34822e-10
3.5121e-10
1.81021e-10
8.67768e-11
3.86295e-11
1.5947e-11
6.09782e-12
2.15766e-12
7.0595e-13
2.13461e-13
5.96299e-14
1.53883e-14
3.66935e-15
8.08763e-16
1.6488e-16
3.11146e-17
5.4409e-18
8.82617e-19
1.33301e-19
1.9389e-20
2.87063e-21
4.44245e-22
7.1991e-23
1.22339e-23
2.18237e-24
4.08949e-25
8.05372e-26
1.66729e-26
3.62895e-27
8.30373e-28
1.99707e-28
5.04652e-29
1.33937e-29
3.73142e-30
1.09048e-30
3.34105e-31
1.07225e-31
3.60136e-32
1.26468e-32
4.63916e-33
1.77587e-33
7.0866e-34
2.94424e-34
1.27209e-34
5.7093e-35
2.65861e-35
1.28142e-35
6.45572e-36
3.05359e-36
4.84938e-10
1.32794e-09
1.88127e-09
2.1116e-09
2.07696e-09
1.86278e-09
1.55056e-09
1.20698e-09
8.80858e-10
6.02732e-10
3.86218e-10
2.31352e-10
1.29306e-10
6.73046e-11
3.25676e-11
1.46267e-11
6.08857e-12
2.34626e-12
8.36201e-13
2.75425e-13
8.38002e-14
2.35456e-14
6.10951e-15
1.4644e-15
3.24383e-16
6.64528e-17
1.26004e-17
2.21388e-18
3.60844e-19
5.47599e-20
8.00414e-21
1.19101e-21
1.85249e-22
3.01722e-23
5.15318e-24
9.23842e-25
1.73967e-25
3.44256e-26
7.16049e-27
1.5657e-27
3.59873e-28
8.6929e-29
2.206e-29
5.87895e-30
1.64439e-30
4.82417e-31
1.48355e-31
4.77835e-32
1.61046e-32
5.67431e-33
2.08815e-33
8.01805e-34
3.20906e-34
1.33703e-34
5.79242e-35
2.60645e-35
1.21673e-35
5.87832e-36
2.96815e-36
1.4072e-36
1.35324e-10
3.76875e-10
5.44503e-10
6.22658e-10
6.22511e-10
5.66256e-10
4.77292e-10
3.75847e-10
2.77327e-10
1.91802e-10
1.24198e-10
7.51663e-11
4.24355e-11
2.23039e-11
1.08938e-11
4.93638e-12
2.07221e-12
8.04885e-13
2.88996e-13
9.58516e-14
2.93541e-14
8.29842e-15
2.16579e-15
5.22018e-16
1.16257e-16
2.39419e-17
4.56337e-18
8.05937e-19
1.32045e-19
2.01439e-20
2.96027e-21
4.42915e-22
6.92746e-23
1.1346e-23
1.94857e-24
3.51255e-25
6.65032e-26
1.32304e-26
2.7663e-27
6.07973e-28
1.40439e-28
3.40885e-29
8.69151e-30
2.32688e-30
6.53731e-31
1.92608e-31
5.94769e-32
1.92332e-32
6.50708e-33
2.30116e-33
8.49827e-34
3.27423e-34
1.3147e-34
5.49465e-35
2.38752e-35
1.07737e-35
5.04296e-36
2.44265e-36
1.23642e-36
5.87661e-37
3.38669e-11
9.55455e-11
1.40373e-10
1.63249e-10
1.65731e-10
1.52816e-10
1.30385e-10
1.03834e-10
7.74408e-11
5.41187e-11
3.54034e-11
2.16431e-11
1.23398e-11
6.54831e-12
3.22819e-12
1.47588e-12
6.24824e-13
2.44648e-13
8.85092e-14
2.95662e-14
9.11573e-15
2.59353e-15
6.81016e-16
1.65109e-16
3.69811e-17
7.65851e-18
1.46783e-18
2.60672e-19
4.2947e-20
6.58871e-21
9.73866e-22
1.46576e-22
2.30632e-23
3.80012e-24
6.56562e-25
1.1906e-25
2.26747e-26
4.5372e-27
9.54085e-28
2.10859e-28
4.89733e-29
1.19505e-29
3.06276e-30
8.24074e-31
2.32648e-31
6.88675e-32
2.13627e-32
6.93834e-33
2.35731e-33
8.37013e-34
3.10313e-34
1.20003e-34
4.83564e-35
2.02788e-35
8.84013e-36
4.00149e-36
1.87855e-36
9.12462e-37
4.63111e-37
2.20712e-37
7.54602e-12
2.15024e-11
3.20436e-11
3.78336e-11
3.8962e-11
3.63947e-11
3.14205e-11
2.52971e-11
1.90642e-11
1.34583e-11
8.89214e-12
5.48962e-12
3.16029e-12
1.693e-12
8.42329e-13
3.88531e-13
1.6589e-13
6.5482e-14
2.38729e-14
8.03302e-15
2.49391e-15
7.1424e-16
1.88738e-16
4.60394e-17
1.03736e-17
2.16096e-18
4.16594e-19
7.4417e-20
1.23331e-20
1.90344e-21
2.83081e-22
4.2876e-23
6.78961e-24
1.12593e-24
1.95782e-25
3.57299e-26
6.84774e-27
1.37878e-27
2.91711e-28
6.48582e-29
1.51524e-29
3.71875e-30
9.58406e-31
2.59274e-31
7.35831e-32
2.1893e-32
6.82472e-33
2.22714e-33
7.60144e-34
2.71095e-34
1.00931e-34
3.91899e-35
1.58533e-35
6.67291e-36
2.91922e-36
1.32585e-36
6.24438e-37
3.04232e-37
1.54861e-37
7.40212e-38
1.48565e-12
4.26658e-12
6.43551e-12
7.70183e-12
8.03738e-12
7.60084e-12
6.63689e-12
5.40035e-12
4.11113e-12
2.9309e-12
1.95535e-12
1.21877e-12
7.08304e-13
3.82998e-13
1.92297e-13
8.94852e-14
3.85338e-14
1.5335e-14
5.6344e-15
1.91005e-15
5.97209e-16
1.72203e-16
4.58036e-17
1.12443e-17
2.54938e-18
5.34347e-19
1.03646e-19
1.86289e-20
3.10663e-21
4.82506e-22
7.22269e-23
1.1013e-23
1.7558e-24
2.93156e-25
5.13237e-26
9.43013e-27
1.81948e-27
3.68787e-28
7.85357e-29
1.75736e-29
4.13148e-30
1.02019e-30
2.64504e-31
7.19729e-32
2.0542e-32
6.14537e-33
1.92588e-33
6.31707e-34
2.16674e-34
7.76419e-35
2.90389e-35
1.13248e-35
4.60044e-36
1.94419e-36
8.53798e-37
3.89197e-37
1.8394e-37
8.99146e-38
4.59137e-38
2.20153e-38
2.56368e-13
7.4084e-13
1.12901e-12
1.36756e-12
1.44471e-12
1.38226e-12
1.22018e-12
1.00308e-12
7.7115e-13
5.55054e-13
3.73816e-13
2.35192e-13
1.37961e-13
7.52869e-14
3.81428e-14
1.79065e-14
7.77685e-15
3.12043e-15
1.1556e-15
3.94726e-16
1.24318e-16
3.60988e-17
9.66713e-18
2.38893e-18
5.45171e-19
1.15007e-19
2.24519e-20
4.06168e-21
6.81811e-22
1.06606e-22
1.60684e-23
2.46749e-24
3.96225e-25
6.66346e-26
1.17505e-26
2.17459e-27
4.22574e-28
8.62559e-29
1.84967e-29
4.16724e-30
9.86265e-31
2.45137e-31
6.39627e-32
1.7513e-32
5.02868e-33
1.51322e-33
4.76921e-34
1.57294e-34
5.42378e-35
1.95346e-35
7.34207e-36
2.87684e-36
1.17393e-36
4.98266e-37
2.19721e-37
1.00554e-37
4.77027e-38
2.34018e-38
1.19908e-38
5.76897e-39
3.84302e-14
1.11613e-13
1.71598e-13
2.10101e-13
2.24469e-13
2.17139e-13
1.9369e-13
1.60815e-13
1.24817e-13
9.06813e-14
6.16373e-14
3.91375e-14
2.31682e-14
1.27584e-14
6.52195e-15
3.08881e-15
1.35303e-15
5.47429e-16
2.04368e-16
7.03506e-17
2.23235e-17
6.52938e-18
1.76095e-18
4.3819e-19
1.00684e-19
2.1385e-20
4.20345e-21
7.65686e-22
1.29433e-22
2.03827e-23
3.09489e-24
4.78857e-25
7.74846e-26
1.31315e-26
2.33352e-27
4.3517e-28
8.52083e-29
1.75237e-29
3.78565e-30
8.59112e-31
2.0478e-31
5.12537e-32
1.34647e-32
3.71111e-33
1.07249e-33
3.24756e-34
1.02975e-34
3.41619e-35
1.18464e-35
4.29003e-36
1.62089e-36
6.38329e-37
2.61744e-37
1.11612e-37
4.94369e-38
2.27208e-38
1.08225e-38
5.32973e-39
2.74101e-39
1.32352e-39
4.9536e-15
1.44464e-14
2.23792e-14
2.76646e-14
2.98642e-14
2.91896e-14
2.6299e-14
2.20457e-14
1.72705e-14
1.26621e-14
8.68463e-15
5.56435e-15
3.32375e-15
1.84687e-15
9.52573e-16
4.55137e-16
2.01102e-16
8.20561e-17
3.08867e-17
1.07177e-17
3.4275e-18
1.01015e-18
2.74468e-19
6.88006e-20
1.5924e-20
3.40691e-21
6.74583e-22
1.23794e-22
2.10848e-23
3.34606e-24
5.12115e-25
7.98855e-26
1.30335e-26
2.22721e-27
3.99076e-28
7.50383e-29
1.48133e-29
3.07111e-30
6.68741e-31
1.52951e-31
3.67372e-32
9.26377e-33
2.45145e-33
6.80476e-34
1.98016e-34
6.03632e-35
1.92648e-35
6.43136e-36
2.2438e-36
8.17329e-37
3.10555e-37
1.22965e-37
5.06844e-38
2.17207e-38
9.66699e-39
4.46322e-39
2.13524e-39
1.05592e-39
5.45215e-40
2.64286e-40
5.42426e-16
1.58739e-15
2.47521e-15
3.08616e-15
3.36344e-15
3.31965e-15
3.01967e-15
2.55495e-15
2.01975e-15
1.49407e-15
1.03389e-15
6.68351e-16
4.02811e-16
2.25842e-16
1.17533e-16
5.66596e-17
2.52566e-17
1.03953e-17
3.94636e-18
1.38087e-18
4.45227e-19
1.32277e-19
3.62275e-20
9.15295e-21
2.13521e-21
4.60448e-22
9.19026e-23
1.70028e-23
2.92004e-24
4.67344e-25
7.21555e-26
1.13569e-26
1.86976e-27
3.22428e-28
5.82994e-29
1.10612e-29
2.20311e-30
4.60782e-31
1.01207e-31
2.33444e-32
5.65375e-33
1.43726e-33
3.83354e-34
1.07233e-34
3.14383e-35
9.65333e-36
3.10254e-36
1.0428e-36
3.66209e-37
1.34242e-37
5.13184e-38
2.0439e-38
8.47212e-39
3.65035e-39
1.63303e-39
7.57698e-40
3.64204e-40
1.80918e-40
9.38202e-41
4.56686e-41
4.96956e-17
1.4586e-16
2.28745e-16
2.87411e-16
3.15999e-16
3.14762e-16
2.88959e-16
2.46705e-16
1.96764e-16
1.46838e-16
1.02509e-16
6.68547e-17
4.06545e-17
2.30001e-17
1.20788e-17
5.87611e-18
2.64321e-18
1.09776e-18
4.20477e-19
1.48434e-19
4.82793e-20
1.44687e-20
3.99702e-21
1.01862e-21
2.39699e-22
5.21466e-23
1.05015e-23
1.96067e-24
3.39879e-25
5.492e-26
8.56345e-27
1.36151e-27
2.26444e-28
3.94482e-29
7.20541e-30
1.38088e-30
2.77776e-31
5.86664e-32
1.30095e-32
3.02903e-33
7.40347e-34
1.89895e-34
5.1092e-35
1.44129e-35
4.26032e-36
1.31859e-36
4.2706e-37
1.44611e-37
5.11494e-38
1.88799e-38
7.26563e-39
2.91229e-39
1.2146e-39
5.2642e-40
2.36832e-40
1.1048e-40
5.33791e-41
2.66464e-41
1.38836e-41
6.78881e-42
3.7348e-18
1.09897e-17
1.73218e-17
2.19162e-17
2.4293e-17
2.44089e-17
2.26069e-17
1.94718e-17
1.56664e-17
1.17937e-17
8.30583e-18
5.46529e-18
3.35361e-18
1.91479e-18
1.01499e-18
4.98443e-19
2.26348e-19
9.49049e-20
3.66999e-20
1.30798e-20
4.29511e-21
1.29958e-21
3.62491e-22
9.32832e-23
2.21691e-23
4.87169e-24
9.91232e-25
1.87029e-25
3.27744e-26
5.35528e-27
8.44667e-28
1.35874e-28
2.28656e-29
4.03035e-30
7.4478e-31
1.44383e-31
2.93744e-32
6.27313e-33
1.40628e-33
3.30921e-34
8.17235e-35
2.11736e-35
5.75277e-36
1.63829e-36
4.88729e-37
1.52613e-37
4.98535e-38
1.70216e-38
6.06882e-39
2.25734e-39
8.75137e-40
3.53278e-40
1.48343e-40
6.47137e-41
2.92963e-41
1.37482e-41
6.6805e-42
3.35298e-42
1.75617e-42
8.63012e-43
2.24034e-19
6.60689e-19
1.04606e-18
1.33193e-18
1.4876e-18
1.5071e-18
1.40783e-18
1.22313e-18
9.92683e-19
7.53864e-19
5.3565e-19
3.55668e-19
2.20279e-19
1.26974e-19
6.79656e-20
3.3711e-20
1.54648e-20
6.55142e-21
2.5601e-21
9.22146e-22
3.06088e-22
9.36317e-23
2.64089e-23
6.87372e-24
1.6527e-24
3.67551e-25
7.57107e-26
1.44677e-26
2.56861e-27
4.254e-28
6.80332e-29
1.1099e-29
1.89427e-30
3.38589e-31
6.3439e-32
1.24665e-32
2.57027e-33
5.5609e-34
1.26253e-34
3.00784e-35
7.51765e-36
1.9705e-36
5.41437e-37
1.55879e-37
4.69928e-38
1.48238e-38
4.89e-39
1.68539e-39
6.06369e-40
2.27514e-40
8.89433e-41
3.61936e-41
1.53149e-41
6.73028e-42
3.06831e-42
1.44959e-42
7.08909e-43
3.57979e-43
1.886e-43
9.31966e-44
1.0305e-20
3.04502e-20
4.84073e-20
6.1997e-20
6.97385e-20
7.12155e-20
6.70845e-20
5.87879e-20
4.81324e-20
3.68814e-20
2.64472e-20
1.77276e-20
1.10875e-20
6.45632e-21
3.49251e-21
1.75129e-21
8.12505e-22
3.48231e-22
1.37717e-22
5.02204e-23
1.68824e-23
5.2322e-24
1.49577e-24
3.94782e-25
9.62983e-26
2.17383e-26
4.54758e-27
8.83024e-28
1.59389e-28
2.68521e-29
4.37035e-30
7.25714e-31
1.26058e-31
2.29273e-32
4.36967e-33
8.73135e-34
1.82969e-34
4.02164e-35
9.27158e-36
2.24184e-36
5.68403e-37
1.51063e-37
4.20652e-38
1.22671e-38
3.74417e-39
1.19522e-39
3.988e-40
1.38966e-40
5.05255e-41
1.91495e-41
7.55887e-42
3.10447e-42
1.32528e-42
5.87342e-43
2.69935e-43
1.28512e-43
6.33102e-44
3.21932e-44
1.70752e-44
8.49089e-45
3.4059e-22
1.00823e-21
1.60881e-21
2.07177e-21
2.34644e-21
2.41484e-21
2.29392e-21
2.02799e-21
1.67564e-21
1.29617e-21
9.38668e-22
6.35715e-22
4.01931e-22
2.36735e-22
1.2961e-22
6.58201e-23
3.09461e-23
1.34497e-23
5.39741e-24
1.99861e-24
6.8271e-25
2.1516e-25
6.25965e-26
1.68265e-26
4.1837e-27
9.63457e-28
2.05783e-28
4.0829e-29
7.53609e-30
1.29916e-30
2.16478e-31
3.68042e-32
6.54326e-33
1.21744e-33
2.3722e-34
4.84278e-35
1.03606e-35
2.3232e-36
5.45991e-37
1.34481e-37
3.47069e-38
9.38229e-39
2.65557e-39
7.86619e-40
2.43711e-40
7.89201e-41
2.6696e-41
9.42515e-42
3.46999e-42
1.33098e-42
5.31409e-43
2.20645e-43
9.51763e-44
4.26008e-44
1.97645e-44
9.49461e-45
4.71763e-45
2.41845e-45
1.29282e-45
6.47548e-46
7.22783e-24
2.1433e-23
3.43241e-23
4.44406e-23
5.06806e-23
5.25799e-23
5.0396e-23
4.4986e-23
3.75548e-23
2.93703e-23
2.15199e-23
1.47583e-23
9.45749e-24
5.65181e-24
3.14303e-24
1.62318e-24
7.77051e-25
3.44308e-25
1.41055e-25
5.33939e-26
1.86712e-26
6.03244e-27
1.80181e-27
4.97984e-28
1.27489e-28
3.02715e-29
6.67532e-30
1.36903e-30
2.61472e-31
4.66837e-32
8.06007e-33
1.41934e-33
2.61117e-34
5.02146e-35
1.00997e-35
2.1254e-36
4.68091e-37
1.07906e-37
2.6037e-38
6.57608e-39
1.7382e-39
4.80693e-40
1.39032e-40
4.20401e-41
1.32827e-41
4.38224e-42
1.5089e-42
5.41798e-43
2.02701e-43
7.89479e-44
3.19829e-44
1.34646e-44
5.88495e-45
2.66727e-45
1.25228e-45
6.08415e-46
3.0557e-46
1.58247e-46
8.54274e-47
4.31791e-47
)
;

boundaryField
{
    highVoltage
    {
        type            fixedValue;
        value           uniform 0;
    }
    topBotBoundaries
    {
        type            zeroGradient;
    }
    inletBoundary
    {
        type            fixedValue;
        value           uniform 0;
    }
    frontBack
    {
        type            empty;
    }
    region0_to_dielectric
    {
        type            zeroGradient;
    }
}


// ************************************************************************* //
