/*--------------------------------*- C++ -*----------------------------------*\
| =========                 |                                                 |
| \\      /  F ield         | OpenFOAM: The Open Source CFD Toolbox           |
|  \\    /   O peration     | Version:  2406                                  |
|   \\  /    A nd           | Website:  www.openfoam.com                      |
|    \\/     M anipulation  |                                                 |
\*---------------------------------------------------------------------------*/
FoamFile
{
    version     2.0;
    format      ascii;
    arch        "LSB;label=32;scalar=64";
    class       volScalarField;
    location    "2e-07";
    object      He2_m;
}
// * * * * * * * * * * * * * * * * * * * * * * * * * * * * * * * * * * * * * //

dimensions      [0 -3 0 0 0 0 0];

internalField   nonuniform List<scalar> 
5880
(
9.4425e-26
2.80004e-25
4.4842e-25
5.80592e-25
6.62127e-25
6.86957e-25
6.58427e-25
5.87709e-25
4.90528e-25
3.83457e-25
2.80762e-25
1.9236e-25
1.2312e-25
7.34551e-26
4.07388e-26
2.0936e-26
9.93387e-27
4.33589e-27
1.73499e-27
6.34762e-28
2.11988e-28
6.45916e-29
1.79694e-29
4.5726e-30
1.06698e-30
2.29013e-31
4.53643e-32
8.32168e-33
1.41818e-33
2.25827e-34
3.47966e-35
5.47588e-36
9.02567e-37
1.56029e-37
2.83054e-38
5.39014e-39
1.07758e-39
2.26164e-40
4.98274e-41
1.15218e-41
2.79546e-42
7.11379e-43
1.89786e-43
5.30555e-44
1.55324e-44
4.75863e-45
1.52475e-45
5.10547e-46
1.78487e-46
6.50918e-47
2.47405e-47
9.79159e-48
4.03118e-48
1.72444e-48
7.6564e-49
3.5246e-49
1.68062e-49
8.27747e-50
4.26403e-50
2.03956e-50
4.45698e-24
1.31937e-23
2.1053e-23
2.71114e-23
3.0706e-23
3.16013e-23
3.00188e-23
2.65372e-23
2.19226e-23
1.69509e-23
1.22672e-23
8.3e-24
5.24125e-24
3.08195e-24
1.68297e-24
8.50812e-25
3.96833e-25
1.70168e-25
6.68725e-26
2.40216e-26
7.87508e-27
2.35492e-27
6.42772e-28
1.60408e-28
3.66881e-29
7.7136e-30
1.49564e-30
2.68363e-31
4.47028e-32
6.95281e-33
1.04609e-33
1.60823e-34
2.59194e-35
4.38543e-36
7.79412e-37
1.45556e-37
2.85655e-38
5.89114e-39
1.27652e-39
2.9057e-40
6.94577e-41
1.74281e-41
4.58802e-42
1.26653e-42
3.66385e-43
1.10988e-43
3.51845e-44
1.16626e-44
4.03841e-45
1.45947e-45
5.49994e-46
2.15915e-46
8.82134e-47
3.74629e-47
1.65197e-47
7.55567e-48
3.58069e-48
1.75348e-48
8.98122e-49
4.276e-49
1.34965e-22
3.98808e-22
6.33989e-22
8.11968e-22
9.13356e-22
9.32702e-22
8.78595e-22
7.69901e-22
6.30255e-22
4.82752e-22
3.4595e-22
2.31675e-22
1.44722e-22
8.41356e-23
4.54005e-23
2.26715e-23
1.04433e-23
4.42288e-24
1.71705e-24
6.09568e-25
1.97593e-25
5.84519e-26
1.5789e-26
3.90039e-27
8.8314e-28
1.838e-28
3.52687e-29
6.26022e-30
1.03109e-30
1.58475e-31
2.35509e-32
3.5761e-33
5.6937e-34
9.51907e-35
1.67225e-35
3.088e-36
5.99485e-37
1.22351e-37
2.62478e-38
5.91781e-39
1.40173e-39
3.48668e-40
9.10299e-41
2.49315e-41
7.15845e-42
2.15313e-42
6.77988e-43
2.23305e-43
7.68591e-44
2.76189e-44
1.03522e-44
4.04349e-45
1.64412e-45
6.95096e-46
3.05214e-46
1.39043e-46
6.56467e-47
3.20363e-47
1.63505e-47
7.76692e-48
2.9357e-21
8.65751e-21
1.37071e-20
1.74528e-20
1.94925e-20
1.97479e-20
1.84471e-20
1.60264e-20
1.30052e-20
9.87315e-21
7.01102e-21
4.65113e-21
2.87722e-21
1.65586e-21
8.84266e-22
4.36934e-22
1.99162e-22
8.34911e-23
3.21004e-23
1.12941e-23
3.63118e-24
1.06628e-24
2.86114e-25
7.02523e-26
1.58169e-26
3.27388e-27
6.24782e-28
1.10273e-28
1.80537e-29
2.75676e-30
4.06812e-31
6.13233e-32
9.6914e-33
1.60815e-33
2.80397e-34
5.13943e-35
9.90443e-36
2.00695e-36
4.27544e-37
9.57398e-38
2.25286e-38
5.56828e-39
1.44489e-39
3.93409e-40
1.12323e-40
3.3603e-41
1.05267e-41
3.45015e-42
1.18197e-42
4.22854e-43
1.57829e-43
6.14011e-44
2.48721e-44
1.04779e-44
4.58532e-45
2.08224e-45
9.80146e-46
4.76992e-46
2.42748e-46
1.15098e-46
4.89568e-20
1.44055e-19
2.27053e-19
2.87271e-19
3.1842e-19
3.19937e-19
2.96316e-19
2.55218e-19
2.05319e-19
1.54519e-19
1.08761e-19
7.15058e-20
4.38272e-20
2.49853e-20
1.32149e-20
6.46709e-21
2.92007e-21
1.21313e-21
4.62542e-22
1.61524e-22
5.15941e-23
1.50666e-23
4.02415e-24
9.84287e-25
2.20883e-25
4.55874e-26
8.67594e-27
1.52699e-27
2.49237e-28
3.79262e-29
5.57454e-30
8.36659e-31
1.31612e-31
2.17328e-32
3.77023e-33
6.87501e-34
1.31805e-34
2.65696e-35
5.63108e-36
1.25458e-36
2.93747e-37
7.22512e-38
1.86595e-38
5.05727e-39
1.43751e-39
4.28213e-40
1.33594e-40
4.36131e-41
1.48848e-41
5.30587e-42
1.97359e-42
7.65284e-43
3.09034e-43
1.29802e-43
5.66448e-44
2.56549e-44
1.20459e-44
5.84847e-45
2.96924e-45
1.4056e-45
6.51617e-19
1.91252e-18
2.99923e-18
3.76834e-18
4.14308e-18
4.1268e-18
3.7885e-18
3.23447e-18
2.57949e-18
1.9245e-18
1.34283e-18
8.75093e-19
5.31569e-19
3.0029e-19
1.57373e-19
7.6316e-20
3.41553e-20
1.40718e-20
5.32467e-21
1.84708e-21
5.86694e-22
1.70552e-22
4.53926e-23
1.10734e-23
2.48012e-24
5.11103e-25
9.71499e-26
1.7078e-26
2.78365e-27
4.22853e-28
6.2015e-29
9.28294e-30
1.45588e-30
2.39605e-31
4.14182e-32
7.52417e-33
1.43689e-33
2.88503e-34
6.08994e-35
1.35137e-35
3.15149e-36
7.72105e-37
1.98633e-37
5.36316e-38
1.51884e-38
4.50824e-39
1.40162e-39
4.56044e-40
1.55144e-40
5.51325e-41
2.04467e-41
7.90608e-42
3.18401e-42
1.33394e-42
5.80701e-43
2.62396e-43
1.22933e-43
5.95634e-44
3.01766e-44
1.42644e-44
7.11384e-18
2.0818e-17
3.24605e-17
4.04713e-17
4.41063e-17
4.35312e-17
3.95974e-17
3.35032e-17
2.64833e-17
1.95864e-17
1.35477e-17
8.75149e-18
5.26908e-18
2.95007e-18
1.53228e-18
7.36538e-19
3.2685e-19
1.33595e-19
5.01905e-20
1.73029e-20
5.46789e-21
1.58315e-21
4.20107e-22
1.02275e-22
2.28768e-23
4.71077e-24
8.9499e-25
1.57268e-25
2.56213e-26
3.88885e-27
5.69608e-28
8.51174e-29
1.33211e-29
2.18694e-30
3.76993e-31
6.82817e-32
1.29987e-32
2.60138e-33
5.47282e-34
1.21032e-34
2.81296e-35
6.86832e-36
1.76103e-36
4.73915e-37
1.33778e-37
3.95828e-38
1.22686e-38
3.97994e-39
1.35006e-39
4.78434e-40
1.76962e-40
6.82506e-41
2.74193e-41
1.14605e-41
4.97797e-42
2.24458e-42
1.04947e-42
5.07528e-43
2.56634e-43
1.2114e-43
6.49773e-17
1.89493e-16
2.93534e-16
3.62846e-16
3.91681e-16
3.82824e-16
3.44912e-16
2.8913e-16
2.26492e-16
1.66025e-16
1.13828e-16
7.2884e-17
4.34946e-17
2.41366e-17
1.24265e-17
5.92177e-18
2.60619e-18
1.05705e-18
3.94378e-19
1.3515e-19
4.24995e-20
1.22583e-20
3.24394e-21
7.88293e-22
1.76134e-22
3.625e-23
6.88562e-24
1.20983e-24
1.97066e-25
2.98983e-26
4.37549e-27
6.52986e-28
1.02021e-28
1.67143e-29
2.87448e-30
5.19279e-31
9.85803e-32
1.96711e-32
4.12601e-33
9.09673e-34
2.10768e-34
5.13034e-35
1.31136e-35
3.5183e-36
9.90181e-37
2.92118e-37
9.02818e-38
2.9206e-38
9.88043e-39
3.49228e-39
1.28847e-39
4.95735e-40
1.98698e-40
8.28653e-41
3.59171e-41
1.61624e-41
7.54225e-42
3.64084e-42
1.83763e-42
8.66202e-43
5.04157e-16
1.46419e-15
2.25099e-15
2.75593e-15
2.94427e-15
2.84805e-15
2.54047e-15
2.10928e-15
1.63706e-15
1.18917e-15
8.08025e-16
5.12771e-16
3.03283e-16
1.66812e-16
8.51301e-17
4.02221e-17
1.75577e-17
7.06733e-18
2.61882e-18
8.92165e-19
2.79191e-19
8.02227e-20
2.11703e-20
5.13479e-21
1.14598e-21
2.3571e-22
4.47604e-23
7.8635e-24
1.28062e-24
1.94211e-25
2.83991e-26
4.23298e-27
6.60285e-28
1.07964e-28
1.85257e-29
3.33842e-30
6.32088e-31
1.25778e-31
2.63061e-32
5.78274e-33
1.33586e-33
3.24194e-34
8.26209e-35
2.21014e-35
6.20212e-36
1.82451e-36
5.62312e-37
1.81414e-37
6.12111e-38
2.15802e-38
7.94237e-39
3.04858e-39
1.21913e-39
5.0732e-40
2.19433e-40
9.85461e-41
4.58993e-41
2.2117e-41
1.11429e-41
5.24476e-42
3.36367e-15
9.71982e-15
1.48118e-14
1.79403e-14
1.89515e-14
1.81317e-14
1.60055e-14
1.31578e-14
1.01152e-14
7.27977e-15
4.90136e-15
3.08222e-15
1.80659e-15
9.84798e-16
4.98171e-16
2.33373e-16
1.01046e-16
4.0367e-17
1.48566e-17
5.03141e-18
1.56675e-18
4.48423e-19
1.17985e-19
2.85562e-20
6.36414e-21
1.30783e-21
2.4821e-22
4.3587e-23
7.09526e-24
1.07533e-24
1.57086e-25
2.33817e-26
3.64089e-27
5.94103e-28
1.01706e-28
1.82817e-29
3.45211e-30
6.85002e-31
1.42851e-31
3.13098e-32
7.21131e-33
1.74486e-33
4.43358e-34
1.18251e-34
3.30876e-35
9.70586e-36
2.98302e-36
9.59776e-37
3.22986e-37
1.13579e-37
4.16986e-38
1.59674e-38
6.3708e-39
2.64528e-39
1.14176e-39
5.11728e-40
2.37886e-40
1.14419e-40
5.75413e-41
2.70424e-41
1.94957e-14
5.59861e-14
8.44408e-14
1.01049e-13
1.05446e-13
9.97152e-14
8.70682e-14
7.08468e-14
5.39327e-14
3.8446e-14
2.56432e-14
1.59765e-14
9.27864e-15
5.01227e-15
2.51314e-15
1.16727e-15
5.01316e-16
1.98765e-16
7.26552e-17
2.44587e-17
7.57772e-18
2.15986e-18
5.66436e-19
1.36759e-19
3.04235e-20
6.2438e-21
1.18382e-21
2.07708e-22
3.37825e-23
5.11475e-24
7.46176e-25
1.10879e-25
1.72311e-26
2.80528e-27
4.79043e-28
8.58768e-29
1.61703e-29
3.1993e-30
6.65192e-31
1.45353e-31
3.33759e-32
8.0511e-33
2.03954e-33
5.42351e-34
1.51307e-34
4.42557e-35
1.35632e-35
4.3519e-36
1.46059e-36
5.12291e-37
1.87607e-37
7.16658e-38
2.85273e-38
1.18186e-38
5.09026e-39
2.27673e-39
1.0563e-39
5.07118e-40
2.54558e-40
1.19441e-40
9.90393e-14
2.82193e-13
4.20495e-13
4.96435e-13
5.1121e-13
4.77506e-13
4.12239e-13
3.31902e-13
2.50124e-13
1.7656e-13
1.16634e-13
7.1979e-14
4.14129e-14
2.21663e-14
1.10152e-14
5.07239e-15
2.16081e-15
8.50273e-16
3.08674e-16
1.03282e-16
3.18311e-17
9.03302e-18
2.36051e-18
5.68294e-19
1.2614e-19
2.58412e-20
4.89218e-21
8.57209e-22
1.39234e-22
2.10497e-23
3.06555e-24
4.54599e-25
7.04839e-26
1.14458e-26
1.94919e-27
3.48419e-28
6.54095e-29
1.29016e-29
2.6741e-30
5.82488e-31
1.33329e-31
3.20615e-32
8.0967e-33
2.14646e-33
5.97022e-34
1.74107e-34
5.32054e-35
1.70236e-35
5.69792e-36
1.99322e-36
7.28078e-37
2.7744e-37
1.10176e-37
4.55409e-38
1.95715e-38
8.73547e-39
4.04474e-39
1.93814e-39
9.7106e-40
4.54862e-40
4.44565e-13
1.25408e-12
1.84226e-12
2.14228e-12
2.17471e-12
2.00515e-12
1.71081e-12
1.36244e-12
1.01612e-12
7.10066e-13
4.64442e-13
2.83842e-13
1.61752e-13
8.5773e-14
4.22403e-14
1.92839e-14
8.14806e-15
3.18203e-15
1.14721e-15
3.81492e-16
1.16942e-16
3.30329e-17
8.59875e-18
2.0635e-18
4.56796e-19
9.33693e-20
1.76415e-20
3.0855e-21
5.00267e-22
7.54879e-23
1.09702e-23
1.62291e-24
2.50968e-25
4.06399e-26
6.90035e-27
1.22965e-27
2.30115e-28
4.52428e-29
9.34706e-30
2.02942e-30
4.63021e-31
1.10984e-31
2.79386e-32
7.38347e-33
2.04736e-33
5.95271e-34
1.81377e-34
5.7868e-35
1.93153e-35
6.73869e-36
2.45512e-36
9.33208e-37
3.69701e-37
1.52462e-37
6.53763e-38
2.91178e-38
1.34548e-38
6.43476e-39
3.21784e-39
1.50464e-39
1.77668e-12
4.94732e-12
7.14682e-12
8.17176e-12
8.16924e-12
7.43069e-12
6.26317e-12
4.93199e-12
3.63918e-12
2.51679e-12
1.62952e-12
9.8597e-13
5.5641e-13
2.92266e-13
1.42625e-13
6.45494e-14
2.70525e-14
1.0485e-14
3.75406e-15
1.24063e-15
3.78216e-16
1.06325e-16
2.75637e-17
6.59137e-18
1.45472e-18
2.9656e-19
5.58998e-20
9.75502e-21
1.57815e-21
2.37597e-22
3.44436e-23
5.08185e-24
7.83614e-25
1.2651e-25
2.14132e-26
3.80358e-27
7.09472e-28
1.39028e-28
2.86278e-29
6.19509e-30
1.4088e-30
3.36587e-31
8.44597e-32
2.22504e-32
6.15079e-33
1.78297e-33
5.41669e-34
1.72326e-34
5.73599e-35
1.9958e-35
7.25249e-36
2.74983e-36
1.08675e-36
4.4713e-37
1.91305e-37
8.50231e-38
3.92074e-38
1.87144e-38
9.34071e-39
4.35976e-39
6.36809e-12
1.74344e-11
2.46949e-11
2.77151e-11
2.72583e-11
2.44463e-11
2.03485e-11
1.58396e-11
1.15598e-11
7.90963e-12
5.06788e-12
3.0352e-12
1.69587e-12
8.82272e-13
4.26608e-13
1.91404e-13
7.95672e-14
3.06075e-14
1.08837e-14
3.5746e-15
1.08375e-15
3.03191e-16
7.82656e-17
1.86466e-17
4.10193e-18
8.33794e-19
1.56747e-19
2.7285e-20
4.40323e-21
6.61258e-22
9.56044e-23
1.40653e-23
2.16234e-24
3.4801e-25
5.87158e-26
1.03955e-26
1.93266e-27
3.77473e-28
7.74699e-29
1.67095e-29
3.78749e-30
9.01994e-31
2.25622e-31
5.92546e-32
1.63304e-32
4.71976e-33
1.42973e-33
4.53577e-34
1.50565e-34
5.225e-35
1.89385e-35
7.16299e-36
2.82415e-36
1.1593e-36
4.94918e-37
2.19497e-37
1.01013e-37
4.81226e-38
2.39736e-38
1.11691e-38
2.06204e-11
5.52125e-11
7.64323e-11
8.40473e-11
8.12539e-11
7.18177e-11
5.90169e-11
4.53994e-11
3.27609e-11
2.21717e-11
1.40544e-11
8.32969e-12
4.60721e-12
2.37373e-12
1.13725e-12
5.05848e-13
2.08597e-13
7.96507e-14
2.81329e-14
9.18393e-15
2.76934e-15
7.71045e-16
1.98196e-16
4.70434e-17
1.03144e-17
2.09031e-18
3.91874e-19
6.80339e-20
1.0951e-20
1.64029e-21
2.36505e-22
3.4694e-23
5.31772e-24
8.53193e-25
1.43496e-25
2.53245e-26
4.69304e-27
9.13665e-28
1.86915e-28
4.01879e-29
9.0807e-30
2.15589e-30
5.3763e-31
1.40776e-31
3.86842e-32
1.11485e-32
3.3678e-33
1.06553e-33
3.52777e-34
1.22111e-34
4.41513e-35
1.66592e-35
6.55313e-36
2.68407e-36
1.14341e-36
5.06065e-37
2.32434e-37
1.10523e-37
5.49586e-38
2.5558e-38
6.0747e-11
1.57993e-10
2.13003e-10
2.2911e-10
2.17568e-10
1.89457e-10
1.53666e-10
1.1679e-10
8.33091e-11
5.5751e-11
3.49542e-11
2.0497e-11
1.12214e-11
5.72536e-12
2.71795e-12
1.19866e-12
4.90422e-13
1.85924e-13
6.52447e-14
2.11755e-14
6.35237e-15
1.76055e-15
4.50715e-16
1.06597e-16
2.32968e-17
4.70756e-18
8.80153e-19
1.52412e-19
2.44711e-20
3.65615e-21
5.25771e-22
7.69141e-23
1.17553e-23
1.88051e-24
3.15334e-25
5.54837e-26
1.0251e-26
1.98971e-27
4.0583e-28
8.69973e-29
1.95999e-29
4.63986e-30
1.15379e-30
3.0127e-31
8.25607e-32
2.37299e-32
7.14973e-33
2.25634e-33
7.45182e-34
2.57319e-34
9.28211e-35
3.49443e-35
1.37157e-35
5.60591e-36
2.38325e-36
1.05273e-36
4.82602e-37
2.29061e-37
1.13702e-37
5.27806e-38
1.63948e-10
4.10666e-10
5.37226e-10
5.64415e-10
5.26211e-10
4.51354e-10
3.61267e-10
2.71215e-10
1.91193e-10
1.26485e-10
7.84198e-11
4.54908e-11
2.46491e-11
1.24548e-11
5.85931e-12
2.56266e-12
1.04059e-12
3.91817e-13
1.36662e-13
4.41157e-14
1.31711e-14
3.63507e-15
9.27178e-16
2.18569e-16
4.76288e-17
9.59881e-18
1.79024e-18
3.0928e-19
4.95441e-20
7.38518e-21
1.05947e-21
1.54598e-22
2.35667e-23
3.75997e-24
6.28787e-25
1.10335e-25
2.03295e-26
3.93519e-27
8.00463e-28
1.71133e-28
3.84526e-29
9.07893e-30
2.2518e-30
5.86484e-31
1.6032e-31
4.59671e-32
1.38165e-32
4.35007e-33
1.43338e-33
4.93857e-34
1.7776e-34
6.678e-35
2.61578e-35
1.067e-35
4.52744e-36
1.99615e-36
9.13448e-37
4.32807e-37
2.14476e-37
9.93851e-38
4.08059e-10
9.7448e-10
1.23257e-09
1.26342e-09
1.15614e-09
9.76744e-10
7.7141e-10
5.71931e-10
3.98353e-10
2.60462e-10
1.59661e-10
9.16163e-11
4.91345e-11
2.45905e-11
1.14674e-11
4.97575e-12
2.00614e-12
7.50648e-13
2.60379e-13
8.36487e-14
2.48698e-14
6.83889e-15
1.73885e-15
4.08775e-16
8.88579e-17
1.7868e-17
3.3256e-18
5.73395e-19
9.16753e-20
1.36387e-20
1.95259e-21
2.84304e-22
4.32414e-23
6.88308e-24
1.14837e-24
2.0103e-25
3.69522e-26
7.13581e-27
1.44806e-27
3.08854e-28
6.92351e-29
1.6309e-29
4.03577e-30
1.04874e-30
2.86041e-31
8.18338e-32
2.4544e-32
7.71118e-33
2.5356e-33
8.71837e-34
3.13185e-34
1.17427e-34
4.59089e-35
1.86921e-35
7.91703e-36
3.48452e-36
1.59182e-36
7.52993e-37
3.72544e-37
1.72335e-37
9.42115e-10
2.12077e-09
2.58533e-09
2.58374e-09
2.3207e-09
1.93117e-09
1.50482e-09
1.10163e-09
7.5794e-10
4.89714e-10
2.96774e-10
1.68456e-10
8.94359e-11
4.4348e-11
2.05096e-11
8.83379e-12
3.53876e-12
1.31677e-12
4.54584e-13
1.4545e-13
4.30965e-14
1.18167e-14
2.99711e-15
7.03072e-16
1.52546e-16
3.06234e-17
5.69077e-18
9.79726e-19
1.56408e-19
2.32339e-20
3.3209e-21
4.8269e-22
7.3281e-23
1.16426e-23
1.93868e-24
3.3871e-25
6.21357e-26
1.19749e-26
2.42518e-27
5.16222e-28
1.15489e-28
2.71502e-29
6.70514e-30
1.73897e-30
4.73371e-31
1.35164e-31
4.04613e-32
1.26879e-32
4.16422e-33
1.42917e-33
5.12459e-34
1.91799e-34
7.48534e-35
3.04244e-35
1.28645e-35
5.65271e-36
2.57815e-36
1.21765e-36
6.01508e-37
2.77783e-37
2.02728e-09
4.25122e-09
4.98214e-09
4.85372e-09
4.28023e-09
3.5088e-09
2.69748e-09
1.94952e-09
1.32471e-09
8.45692e-10
5.0668e-10
2.84555e-10
1.4961e-10
7.35423e-11
3.37522e-11
1.44424e-11
5.7535e-12
2.13101e-12
7.32898e-13
2.33778e-13
6.90955e-14
1.89073e-14
4.78763e-15
1.12157e-15
2.43065e-16
4.87443e-17
9.04948e-18
1.55649e-18
2.48246e-19
3.68382e-20
5.2594e-21
7.63467e-22
1.15748e-22
1.83628e-23
3.05307e-24
5.32577e-25
9.75447e-26
1.87687e-26
3.79484e-27
8.06432e-28
1.80114e-28
4.2272e-29
1.04222e-29
2.69841e-30
7.33302e-31
2.09029e-31
6.24668e-32
1.95553e-32
6.40734e-33
2.19533e-33
7.85871e-34
2.93645e-34
1.14413e-34
4.64284e-35
1.96003e-35
8.59888e-36
3.9158e-36
1.84662e-36
9.10856e-37
4.19935e-37
4.07984e-09
7.88075e-09
8.86463e-09
8.4219e-09
7.29506e-09
5.89232e-09
4.46881e-09
3.18795e-09
2.13915e-09
1.34932e-09
7.99387e-10
4.44363e-10
2.31512e-10
1.12907e-10
5.14743e-11
2.19049e-11
8.68797e-12
3.20679e-12
1.09997e-12
3.50172e-13
1.03348e-13
2.82507e-14
7.14823e-15
1.67367e-15
3.62565e-16
7.26829e-17
1.34891e-17
2.31922e-18
3.69733e-19
5.48369e-20
7.82381e-21
1.13479e-21
1.71882e-22
2.724e-23
4.52406e-24
7.88264e-25
1.44202e-25
2.77116e-26
5.59586e-27
1.18761e-27
2.64894e-28
6.20848e-29
1.52857e-29
3.95204e-30
1.07244e-30
3.05256e-31
9.1089e-32
2.8473e-32
9.3152e-33
3.18681e-33
1.13906e-33
4.24966e-34
1.65327e-34
6.6987e-35
2.82364e-35
1.2369e-35
5.62424e-36
2.64836e-36
1.30442e-36
6.0036e-37
7.69546e-09
1.35621e-08
1.46361e-08
1.35722e-08
1.15546e-08
9.19705e-09
6.88048e-09
4.84417e-09
3.20973e-09
2.00078e-09
1.17262e-09
6.45659e-10
3.33659e-10
1.61631e-10
7.32914e-11
3.10602e-11
1.22816e-11
4.52358e-12
1.54951e-12
4.92897e-13
1.45421e-13
3.97501e-14
1.00595e-14
2.35595e-15
5.10526e-16
1.02374e-16
1.9004e-17
3.26791e-18
5.20998e-19
7.72657e-20
1.10212e-20
1.59788e-21
2.41896e-22
3.83115e-23
6.35826e-24
1.10698e-24
2.02336e-25
3.88486e-26
7.83739e-27
1.66169e-27
3.70256e-28
8.66862e-29
2.1319e-29
5.50557e-30
1.49223e-30
4.24222e-31
1.26428e-31
3.94682e-32
1.28952e-32
4.40556e-33
1.57249e-33
5.85849e-34
2.27592e-34
9.20831e-35
3.87589e-35
1.69537e-35
7.69775e-36
3.6195e-36
1.78018e-36
8.17919e-37
1.36204e-08
2.17497e-08
2.25385e-08
2.04257e-08
1.71014e-08
1.34152e-08
9.89847e-09
6.87711e-09
4.50016e-09
2.77345e-09
1.60935e-09
8.78719e-10
4.51032e-10
2.17351e-10
9.81831e-11
4.15019e-11
1.6385e-11
6.03066e-12
2.06559e-12
6.57324e-13
1.9407e-13
5.30964e-14
1.34505e-14
3.15328e-15
6.8396e-16
1.37272e-16
2.55012e-17
4.38782e-18
6.9987e-19
1.03825e-19
1.48116e-20
2.14732e-21
3.25012e-22
5.14603e-23
8.53718e-24
1.48566e-24
2.7141e-25
5.20806e-26
1.05002e-26
2.22473e-27
4.95345e-28
1.15881e-28
2.84748e-29
7.34691e-30
1.98941e-30
5.64994e-31
1.68204e-31
5.24514e-32
1.71173e-32
5.841e-33
2.08226e-33
7.74778e-34
3.00593e-34
1.21456e-34
5.10523e-35
2.23001e-35
1.0111e-35
4.74753e-36
2.33169e-36
1.06944e-36
2.26294e-08
3.26287e-08
3.25334e-08
2.88574e-08
2.37727e-08
1.83778e-08
1.33718e-08
9.16809e-09
5.92743e-09
3.61503e-09
2.07964e-09
1.12785e-09
5.7603e-10
2.76649e-10
1.24717e-10
5.26702e-11
2.0794e-11
7.65853e-12
2.62619e-12
8.36955e-13
2.47517e-13
6.78367e-14
1.72141e-14
4.04222e-15
8.78096e-16
1.76472e-16
3.2822e-17
5.65303e-18
9.02404e-19
1.33955e-19
1.91182e-20
2.77235e-21
4.19658e-22
6.64452e-23
1.10221e-23
1.91775e-24
3.50263e-25
6.71917e-26
1.3542e-26
2.86803e-27
6.38279e-28
1.4924e-28
3.66505e-29
9.45024e-30
2.55713e-30
7.25665e-31
2.15856e-31
6.72505e-32
2.19259e-32
7.47423e-33
2.66163e-33
9.89235e-34
3.83345e-34
1.54703e-34
6.49454e-35
2.8332e-35
1.28289e-35
6.0155e-36
2.95042e-36
1.35086e-36
3.52896e-08
4.59614e-08
4.42288e-08
3.84548e-08
3.11786e-08
2.37478e-08
1.7037e-08
1.15318e-08
7.37356e-09
4.4571e-09
2.54695e-09
1.3749e-09
7.00213e-10
3.35831e-10
1.51368e-10
6.3972e-11
2.52916e-11
9.33272e-12
3.2074e-12
1.02464e-12
3.03765e-13
8.34537e-14
2.12258e-14
4.99489e-15
1.08715e-15
2.18859e-16
4.07664e-17
7.03021e-18
1.12344e-18
1.6691e-19
2.38374e-20
3.45831e-21
5.23668e-22
8.29314e-23
1.37587e-23
2.39406e-24
4.37263e-25
8.38772e-26
1.69032e-26
3.57937e-27
7.96427e-28
1.8617e-28
4.57053e-29
1.17805e-29
3.18627e-30
9.03743e-31
2.68672e-31
8.36512e-32
2.72535e-32
9.28304e-33
3.30295e-33
1.22646e-33
4.7481e-34
1.91415e-34
8.02695e-35
3.49769e-35
1.58189e-35
7.40835e-36
3.62902e-36
1.65875e-36
5.16512e-08
6.10287e-08
5.68888e-08
4.85404e-08
3.87297e-08
2.9055e-08
2.05566e-08
1.37504e-08
8.71153e-09
5.23153e-09
2.97718e-09
1.60372e-09
8.16276e-10
3.91734e-10
1.76829e-10
7.48931e-11
2.96867e-11
1.09864e-11
3.78735e-12
1.21368e-12
3.60912e-13
9.94445e-14
2.53622e-14
5.9832e-15
1.30518e-15
2.63273e-16
4.91238e-17
8.48391e-18
1.35743e-18
2.01882e-19
2.88558e-20
4.18903e-21
6.34633e-22
1.00545e-22
1.66862e-23
2.90423e-24
5.30558e-25
1.01792e-25
2.05163e-26
4.34492e-27
9.66827e-28
2.26006e-28
5.54836e-29
1.42997e-29
3.86709e-30
1.09663e-30
3.25926e-31
1.01443e-31
3.30366e-32
1.12475e-32
3.99969e-33
1.48425e-33
5.74208e-34
2.3131e-34
9.6918e-35
4.21934e-35
1.90643e-35
8.91914e-36
4.36449e-36
1.99188e-36
7.09496e-08
7.66852e-08
6.95048e-08
5.82298e-08
4.56959e-08
3.37604e-08
2.35805e-08
1.56226e-08
9.83609e-09
5.88704e-09
3.3463e-09
1.80326e-09
9.1921e-10
4.42139e-10
2.00152e-10
8.50479e-11
3.38312e-11
1.25663e-11
4.3481e-12
1.39847e-12
4.17321e-13
1.15367e-13
2.95125e-14
6.98148e-15
1.52669e-15
3.08619e-16
5.76924e-17
9.97966e-18
1.59891e-18
2.38066e-19
3.40593e-20
4.94811e-21
7.50094e-22
1.18899e-22
1.97414e-23
3.43743e-24
6.28215e-25
1.20573e-25
2.43104e-26
5.15018e-27
1.14638e-27
2.68058e-28
6.5825e-29
1.6969e-29
4.58983e-30
1.30177e-30
3.86935e-31
1.20437e-31
3.92211e-32
1.33518e-32
4.74725e-33
1.76125e-33
6.81163e-34
2.7429e-34
1.14874e-34
4.99841e-35
2.25707e-35
1.05525e-35
5.16005e-36
2.35214e-36
9.14818e-08
9.15213e-08
8.08951e-08
6.6505e-08
5.12935e-08
3.73555e-08
2.58311e-08
1.70176e-08
1.06914e-08
6.40016e-09
3.64381e-09
1.96845e-09
1.00649e-09
4.85819e-10
2.20771e-10
9.41919e-11
3.76264e-11
1.40353e-11
4.87664e-12
1.57477e-12
4.71718e-13
1.30865e-13
3.35853e-14
7.96801e-15
1.74692e-15
3.53934e-16
6.62925e-17
1.14864e-17
1.84291e-18
2.74722e-19
3.93421e-20
5.72019e-21
8.67726e-22
1.37628e-22
2.28638e-23
3.98324e-24
7.28347e-25
1.39865e-25
2.82154e-26
5.98075e-27
1.332e-27
3.11639e-28
7.65704e-29
1.97501e-29
5.34505e-30
1.51677e-30
4.51068e-31
1.40464e-31
4.57628e-32
1.55847e-32
5.54292e-33
2.05699e-33
7.95695e-34
3.20451e-34
1.34214e-34
5.83984e-35
2.63678e-35
1.23257e-35
6.02577e-36
2.74495e-36
1.10899e-07
1.0401e-07
8.97325e-08
7.22646e-08
5.48138e-08
3.95052e-08
2.71996e-08
1.79176e-08
1.12813e-08
6.77442e-09
3.87049e-09
2.09883e-09
1.07751e-09
5.22343e-10
2.38444e-10
1.02206e-10
4.10192e-11
1.53715e-11
5.36474e-12
1.73973e-12
5.23195e-13
1.45675e-13
3.75103e-14
8.92563e-15
1.96201e-15
3.98422e-16
7.47728e-17
1.29775e-17
2.08514e-18
3.11203e-19
4.46109e-20
6.49158e-21
9.85441e-22
1.56398e-22
2.59978e-23
4.53193e-24
8.29183e-25
1.59331e-25
3.21639e-26
6.8226e-27
1.52065e-27
3.56062e-28
8.75586e-29
2.26041e-29
6.12292e-30
1.7391e-30
5.17663e-31
1.61351e-31
5.26156e-32
1.79344e-32
6.38416e-33
2.37115e-33
9.17943e-34
3.69957e-34
1.55055e-34
6.75087e-35
3.04984e-35
1.42636e-35
6.97621e-36
3.17839e-36
1.1917e-07
1.12524e-07
9.44111e-08
7.44732e-08
5.59259e-08
4.02653e-08
2.78278e-08
1.84265e-08
1.16596e-08
7.03354e-09
4.03622e-09
2.1986e-09
1.13411e-09
5.52531e-10
2.5352e-10
1.09229e-10
4.40605e-11
1.65924e-11
5.818e-12
1.89503e-12
5.72228e-13
1.59924e-13
4.13184e-14
9.86147e-15
2.1735e-15
4.42393e-16
8.31911e-17
1.44632e-17
2.32718e-18
3.47747e-19
4.98994e-20
7.26714e-21
1.10396e-21
1.7532e-22
2.91609e-23
5.08644e-24
9.31231e-25
1.79062e-25
3.61737e-26
7.67934e-27
1.71311e-27
4.01507e-28
9.88352e-29
2.55432e-29
6.92703e-30
1.96988e-30
5.87093e-31
1.83229e-31
5.98289e-32
2.04205e-32
7.27895e-33
2.70713e-33
1.04941e-33
4.23502e-34
1.77726e-34
7.74769e-35
3.50445e-35
1.64089e-35
8.03449e-36
3.6649e-36
1.18535e-07
1.10445e-07
9.1539e-08
7.24599e-08
5.50377e-08
4.01093e-08
2.79841e-08
1.86544e-08
1.18644e-08
7.19083e-09
4.14686e-09
2.27088e-09
1.17798e-09
5.77208e-10
2.6637e-10
1.15416e-10
4.68112e-11
1.77207e-11
6.24433e-12
2.04327e-12
6.19618e-13
1.7384e-13
4.50707e-14
1.07905e-14
2.38478e-15
4.86555e-16
9.16837e-17
1.59675e-17
2.57302e-18
3.84956e-19
5.52945e-20
8.05953e-21
1.22519e-21
1.94694e-22
3.24024e-23
5.65512e-24
1.03597e-24
1.9933e-25
4.02967e-26
8.5613e-27
1.9115e-27
4.48433e-28
1.10502e-28
2.85906e-29
7.76292e-30
2.21046e-30
6.597e-31
2.06185e-31
6.74256e-32
2.30489e-32
8.22884e-33
3.06532e-33
1.1902e-33
4.81099e-34
2.02226e-34
8.83e-35
4.00039e-35
1.87606e-35
9.20011e-36
4.20407e-36
1.15817e-07
1.07155e-07
8.91239e-08
7.11667e-08
5.44469e-08
3.98447e-08
2.78726e-08
1.86336e-08
1.18991e-08
7.24943e-09
4.2057e-09
2.31774e-09
1.21002e-09
5.96684e-10
2.77068e-10
1.20772e-10
4.92663e-11
1.87521e-11
6.64175e-12
2.1837e-12
6.65106e-13
1.87345e-13
4.87463e-14
1.17077e-14
2.59473e-15
5.30679e-16
1.00208e-16
1.74832e-17
2.82148e-18
4.22657e-19
6.07721e-20
8.86527e-21
1.34861e-21
2.14435e-22
3.57073e-23
6.23522e-24
1.14285e-24
2.20022e-25
4.45076e-26
9.46251e-27
2.11436e-27
4.96452e-28
1.22452e-28
3.17161e-29
8.62148e-30
2.45799e-30
7.34556e-31
2.29907e-31
7.52952e-32
2.57791e-32
9.21845e-33
3.43967e-33
1.33781e-33
5.41701e-34
2.28097e-34
9.97704e-35
4.52797e-35
2.12717e-35
1.04496e-35
4.7847e-36
1.13935e-07
1.04606e-07
8.65123e-08
6.89251e-08
5.27312e-08
3.86843e-08
2.71936e-08
1.83005e-08
1.17732e-08
7.22656e-09
4.22286e-09
2.3434e-09
1.23164e-09
6.11317e-10
2.85672e-10
1.25292e-10
5.14126e-11
1.9679e-11
7.00678e-12
2.31495e-12
7.08234e-13
2.00301e-13
5.23063e-14
1.26031e-14
2.80108e-15
5.7429e-16
1.08672e-16
1.8994e-17
3.06994e-18
4.60456e-19
6.62751e-20
9.67605e-21
1.47294e-21
2.34341e-22
3.9042e-23
6.8208e-24
1.25078e-24
2.40919e-25
4.87608e-26
1.03729e-26
2.31932e-27
5.44984e-28
1.34535e-28
3.48781e-29
9.49079e-30
2.70888e-30
8.1052e-31
2.54015e-31
8.33066e-32
2.8564e-32
1.023e-32
3.82321e-33
1.48944e-33
6.04115e-34
2.54815e-34
1.11652e-34
5.0761e-35
2.38888e-35
1.17558e-35
5.39404e-36
1.12396e-07
1.02341e-07
8.39242e-08
6.66294e-08
5.10038e-08
3.75429e-08
2.6519e-08
1.79428e-08
1.16073e-08
7.16533e-09
4.21187e-09
2.35174e-09
1.24392e-09
6.21413e-10
2.92262e-10
1.28988e-10
5.32492e-11
2.04985e-11
7.33748e-12
2.43614e-12
7.48657e-13
2.12592e-13
5.57173e-14
1.34681e-14
3.00177e-15
6.16941e-16
1.16989e-16
2.04843e-17
3.3158e-18
4.97958e-19
7.17465e-20
1.04835e-20
1.59692e-21
2.54208e-22
4.23723e-23
7.40587e-24
1.35864e-24
2.61806e-25
5.30121e-26
1.12829e-26
2.52418e-27
5.93491e-28
1.46612e-28
3.80393e-29
1.03602e-29
2.95991e-30
8.86582e-31
2.78176e-31
9.13448e-32
3.13618e-32
1.12479e-32
4.20982e-33
1.64257e-33
6.67284e-34
2.81918e-34
1.23733e-34
5.63484e-35
2.65634e-35
1.30944e-35
6.02052e-36
1.11185e-07
1.00458e-07
8.16279e-08
6.4471e-08
4.92615e-08
3.62846e-08
2.56935e-08
1.74512e-08
1.13452e-08
7.04415e-09
4.16705e-09
2.34232e-09
1.24739e-09
6.27368e-10
2.97016e-10
1.31923e-10
5.47912e-11
2.12125e-11
7.63339e-12
2.54677e-12
7.86136e-13
2.24129e-13
5.89515e-14
1.4295e-14
3.19491e-15
6.58219e-16
1.25075e-16
2.19389e-17
3.55654e-18
5.34775e-19
7.71293e-20
1.12792e-20
1.71926e-21
2.73831e-22
4.56642e-23
7.98448e-24
1.46534e-24
2.8247e-25
5.7218e-26
1.2183e-26
2.7268e-27
6.41458e-28
1.58554e-28
4.11647e-29
1.12197e-29
3.20813e-30
9.61813e-31
3.02085e-31
9.93044e-32
3.41348e-32
1.22578e-32
4.59389e-33
1.79493e-33
7.30232e-34
3.08976e-34
1.35817e-34
6.19489e-35
2.92502e-35
1.44422e-35
6.6531e-36
1.10162e-07
9.88446e-08
7.95894e-08
6.24798e-08
4.75931e-08
3.50396e-08
2.48536e-08
1.69369e-08
1.10606e-08
6.90411e-09
4.10817e-09
2.32351e-09
1.24523e-09
6.30288e-10
3.00285e-10
1.34195e-10
5.60637e-11
2.1826e-11
7.89495e-12
2.64662e-12
8.20512e-13
2.34846e-13
6.19861e-14
1.50772e-14
3.37885e-15
6.97749e-16
1.32855e-16
2.33435e-17
3.78976e-18
5.70534e-19
8.23683e-20
1.20549e-20
1.83869e-21
2.93008e-22
4.88837e-23
8.55067e-24
1.56978e-24
3.02702e-25
6.13359e-26
1.30642e-26
2.9251e-27
6.88392e-28
1.70235e-28
4.42209e-29
1.206e-29
3.45078e-30
1.03536e-30
3.25462e-31
1.07089e-31
3.68482e-32
1.32467e-32
4.97032e-33
1.94441e-33
7.92074e-34
3.35595e-34
1.47725e-34
6.74774e-35
3.19074e-35
1.57777e-35
7.28158e-36
1.09284e-07
9.74576e-08
7.78068e-08
6.06977e-08
4.60607e-08
3.38632e-08
2.40344e-08
1.64163e-08
1.07592e-08
6.74673e-09
4.03577e-09
2.29574e-09
1.23781e-09
6.30407e-10
3.02189e-10
1.35857e-10
5.7084e-11
2.23438e-11
8.12302e-12
2.73571e-12
8.51704e-13
2.44697e-13
6.48041e-14
1.58096e-14
3.5522e-15
7.35206e-16
1.40259e-16
2.46854e-17
4.01322e-18
6.04885e-19
8.74116e-20
1.2803e-20
1.95401e-21
3.11545e-22
5.19982e-23
9.09874e-24
1.67092e-24
3.22297e-25
6.53245e-26
1.39177e-26
3.11712e-27
7.33824e-28
1.81538e-28
4.71771e-29
1.28725e-29
3.68532e-30
1.10643e-30
3.48048e-31
1.14611e-31
3.94705e-32
1.42027e-32
5.33442e-33
2.0891e-33
8.51989e-34
3.61415e-34
1.59289e-34
7.28542e-35
3.44957e-35
1.70808e-35
7.89622e-36
1.08552e-07
9.62835e-08
7.62727e-08
5.91352e-08
4.46883e-08
3.27851e-08
2.32647e-08
1.59139e-08
1.04596e-08
6.58455e-09
3.95735e-09
2.26303e-09
1.22705e-09
6.28546e-10
3.03047e-10
1.37017e-10
5.78866e-11
2.27751e-11
8.3197e-12
2.81434e-12
8.79708e-13
2.53656e-13
6.73924e-14
1.64876e-14
3.71373e-15
7.70289e-16
1.47224e-16
2.59521e-17
4.22479e-18
6.37486e-19
9.22075e-20
1.35155e-20
2.064e-21
3.29243e-22
5.49746e-23
9.62284e-24
1.76768e-24
3.4105e-25
6.91419e-26
1.47345e-26
3.30086e-27
7.77283e-28
1.92345e-28
5.00025e-29
1.36487e-29
3.90927e-30
1.17425e-30
3.69597e-31
1.21786e-31
4.19715e-32
1.51146e-32
5.68179e-33
2.22721e-33
9.09213e-34
3.86094e-34
1.70354e-34
7.80046e-35
3.69783e-35
1.83326e-35
8.48782e-36
1.07929e-07
9.52806e-08
7.49523e-08
5.77746e-08
4.34752e-08
3.18153e-08
2.25589e-08
1.54433e-08
1.01721e-08
6.42439e-09
3.87698e-09
2.22757e-09
1.21404e-09
6.25217e-10
3.03075e-10
1.37761e-10
5.85003e-11
2.31287e-11
8.48722e-12
2.88299e-12
9.04579e-13
2.61714e-13
6.97436e-14
1.71083e-14
3.8625e-15
8.02764e-16
1.53697e-16
2.71333e-17
4.42262e-18
6.6804e-19
9.67108e-20
1.41855e-20
2.16757e-21
3.45928e-22
5.77829e-23
1.01177e-23
1.85909e-24
3.58772e-25
7.27502e-26
1.55065e-26
3.47451e-27
8.18345e-28
2.02553e-28
5.26697e-29
1.4381e-29
4.12044e-30
1.23818e-30
3.89895e-31
1.28541e-31
4.43254e-32
1.59726e-32
6.00867e-33
2.35718e-33
9.63084e-34
4.0934e-34
1.80784e-34
8.28637e-35
3.93231e-35
1.95163e-35
9.04827e-36
1.074e-07
9.4425e-08
7.38215e-08
5.66004e-08
4.2417e-08
3.09582e-08
2.19254e-08
1.50137e-08
9.90444e-09
6.27194e-09
3.79832e-09
2.19149e-09
1.19989e-09
6.20947e-10
3.02501e-10
1.38177e-10
5.8956e-11
2.34141e-11
8.62816e-12
2.94222e-12
9.2641e-13
2.68876e-13
7.18532e-14
1.76693e-14
3.99775e-15
8.32425e-16
1.59632e-16
2.82197e-17
4.60503e-18
6.96275e-19
1.0088e-19
1.48068e-20
2.26371e-21
3.61432e-22
6.03946e-23
1.05782e-23
1.94422e-24
3.75281e-25
7.61124e-26
1.6226e-26
3.63632e-27
8.56601e-28
2.12059e-28
5.51526e-29
1.50623e-29
4.31678e-30
1.29757e-30
4.08742e-31
1.34809e-31
4.65086e-32
1.67681e-32
6.31161e-33
2.47762e-33
1.01301e-33
4.30887e-34
1.90455e-34
8.73726e-35
4.15006e-35
2.06167e-35
9.57007e-36
1.06952e-07
9.36985e-08
7.28593e-08
5.55966e-08
4.15054e-08
3.02123e-08
2.13675e-08
1.463e-08
9.6617e-09
6.13114e-09
3.72405e-09
2.15642e-09
1.18551e-09
6.16178e-10
3.01522e-10
1.38344e-10
5.92828e-11
2.36409e-11
8.74522e-12
2.99269e-12
9.45325e-13
2.75156e-13
7.37195e-14
1.8169e-14
4.1189e-15
8.5911e-16
1.6499e-16
2.92033e-17
4.77058e-18
7.21947e-19
1.04676e-19
1.53733e-20
2.35149e-21
3.75601e-22
6.27835e-23
1.09998e-23
2.02218e-24
3.90409e-25
7.91944e-26
1.68856e-26
3.78468e-27
8.91671e-28
2.20772e-28
5.74272e-29
1.56861e-29
4.49643e-30
1.35188e-30
4.25963e-31
1.40532e-31
4.85004e-32
1.74934e-32
6.58767e-33
2.58733e-33
1.05847e-33
4.5051e-34
1.99265e-34
9.1481e-35
4.34859e-35
2.16207e-35
1.00468e-35
1.06576e-07
9.30869e-08
7.20489e-08
5.47485e-08
4.0731e-08
2.95739e-08
2.08855e-08
1.42948e-08
9.4469e-09
6.00469e-09
3.65618e-09
2.12364e-09
1.17161e-09
6.11286e-10
3.00312e-10
1.38334e-10
5.95078e-11
2.38179e-11
8.84102e-12
3.03505e-12
9.61464e-13
2.80576e-13
7.53436e-14
1.86067e-14
4.22552e-15
8.82688e-16
1.69739e-16
3.00774e-17
4.91801e-18
7.44851e-19
1.08068e-19
1.58801e-20
2.43009e-21
3.88299e-22
6.49263e-23
1.13782e-23
2.0922e-24
4.04003e-25
8.19649e-26
1.74788e-26
3.9181e-27
9.23209e-28
2.28605e-28
5.94716e-29
1.62466e-29
4.65773e-30
1.4006e-30
4.414e-31
1.45658e-31
5.02829e-32
1.8142e-32
6.83436e-33
2.68531e-33
1.09906e-33
4.68021e-34
2.07125e-34
9.51475e-35
4.52581e-35
2.25175e-35
1.04731e-35
1.06264e-07
9.25793e-08
7.13765e-08
5.40437e-08
4.00851e-08
2.90383e-08
2.04781e-08
1.4009e-08
9.26188e-09
5.89449e-09
3.59619e-09
2.09415e-09
1.15881e-09
6.06583e-10
2.99019e-10
1.38212e-10
5.96549e-11
2.39534e-11
8.91802e-12
3.06996e-12
9.74964e-13
2.85156e-13
7.67268e-14
1.89816e-14
4.31726e-15
9.03047e-16
1.73852e-16
3.0836e-17
5.04619e-18
7.64796e-19
1.11026e-19
1.63224e-20
2.49875e-21
3.99403e-22
6.68011e-23
1.17095e-23
2.15354e-24
4.15919e-25
8.43945e-26
1.79991e-26
4.03517e-27
9.50885e-28
2.35479e-28
6.12651e-29
1.6738e-29
4.7991e-30
1.44328e-30
4.5491e-31
1.50141e-31
5.18402e-32
1.87081e-32
7.04948e-33
2.77069e-33
1.1344e-33
4.83262e-34
2.13965e-34
9.83371e-35
4.68001e-35
2.3298e-35
1.08445e-35
1.06013e-07
9.21687e-08
7.08319e-08
5.34719e-08
3.95595e-08
2.86006e-08
2.01433e-08
1.37725e-08
9.10749e-09
5.80164e-09
3.54508e-09
2.06868e-09
1.14753e-09
6.02318e-10
2.97766e-10
1.38031e-10
5.97453e-11
2.40547e-11
8.97851e-12
3.09802e-12
9.85969e-13
2.88925e-13
7.78725e-14
1.92937e-14
4.39393e-15
9.20114e-16
1.77308e-16
3.14748e-17
5.15429e-18
7.81637e-19
1.13526e-19
1.66966e-20
2.55689e-21
4.0881e-22
6.83906e-23
1.19906e-23
2.20561e-24
4.26039e-25
8.6459e-26
1.84414e-26
4.13472e-27
9.74423e-28
2.41326e-28
6.27905e-29
1.71559e-29
4.91925e-30
1.47953e-30
4.66377e-31
1.53942e-31
5.31595e-32
1.91872e-32
7.23137e-33
2.84281e-33
1.16423e-33
4.96116e-34
2.1973e-34
1.01025e-34
4.80995e-35
2.39558e-35
1.11579e-35
1.05814e-07
9.1846e-08
7.0405e-08
5.30238e-08
3.9147e-08
2.82561e-08
1.98787e-08
1.35846e-08
8.98405e-09
5.72686e-09
3.50355e-09
2.04777e-09
1.13815e-09
5.98689e-10
2.9665e-10
1.37833e-10
5.97965e-11
2.41281e-11
9.02443e-12
3.11977e-12
9.94604e-13
2.91906e-13
7.87839e-14
1.9543e-14
4.45538e-15
9.33828e-16
1.8009e-16
3.19899e-17
5.24158e-18
7.9525e-19
1.15548e-19
1.69996e-20
2.60398e-21
4.16434e-22
6.96796e-23
1.22186e-23
2.24789e-24
4.34261e-25
8.8137e-26
1.88011e-26
4.21571e-27
9.9358e-28
2.46085e-28
6.40322e-29
1.74961e-29
5.01703e-30
1.50901e-30
4.75697e-31
1.57029e-31
5.42299e-32
1.95755e-32
7.37864e-33
2.90113e-33
1.18833e-33
5.06494e-34
2.24382e-34
1.03193e-34
4.91473e-35
2.44864e-35
1.14108e-35
1.05669e-07
9.16086e-08
7.00906e-08
5.26935e-08
3.88425e-08
2.80012e-08
1.96822e-08
1.34445e-08
8.89161e-09
5.67055e-09
3.47208e-09
2.03179e-09
1.1309e-09
5.95844e-10
2.95749e-10
1.37656e-10
5.98226e-11
2.41787e-11
9.05743e-12
3.13568e-12
1.00098e-12
2.94122e-13
7.94642e-14
1.97298e-14
4.50153e-15
9.44148e-16
1.82187e-16
3.23786e-17
5.3075e-18
8.0554e-19
1.17078e-19
1.72289e-20
2.63963e-21
4.2221e-22
7.06564e-23
1.23915e-23
2.27996e-24
4.40501e-25
8.94114e-26
1.90745e-26
4.27731e-27
1.00816e-27
2.49708e-28
6.49778e-29
1.77551e-29
5.09148e-30
1.53145e-30
4.82788e-31
1.59375e-31
5.5043e-32
1.98702e-32
7.49025e-33
2.94529e-33
1.20656e-33
5.14335e-34
2.27894e-34
1.04829e-34
4.9938e-35
2.48868e-35
1.16019e-35
1.05573e-07
9.14519e-08
6.98834e-08
5.24757e-08
3.86416e-08
2.78329e-08
1.95523e-08
1.33516e-08
8.83009e-09
5.63293e-09
3.45096e-09
2.02101e-09
1.12598e-09
5.93891e-10
2.95119e-10
1.37523e-10
5.98342e-11
2.42102e-11
9.07872e-12
3.14608e-12
1.00518e-12
2.95588e-13
7.99161e-14
1.98541e-14
4.53231e-15
9.51043e-16
1.8359e-16
3.26388e-17
5.35166e-18
8.12435e-19
1.18103e-19
1.73826e-20
2.66354e-21
4.26085e-22
7.1312e-23
1.25077e-23
2.30151e-24
4.44697e-25
9.02693e-26
1.92587e-26
4.31884e-27
1.018e-27
2.52156e-28
6.5617e-29
1.79303e-29
5.14184e-30
1.54663e-30
4.87584e-31
1.60962e-31
5.5592e-32
2.0069e-32
7.56546e-33
2.97502e-33
1.21881e-33
5.19603e-34
2.30252e-34
1.05928e-34
5.04691e-35
2.5156e-35
1.17308e-35
1.05525e-07
9.13741e-08
6.97805e-08
5.23677e-08
3.85419e-08
2.77492e-08
1.94876e-08
1.33053e-08
8.79936e-09
5.6141e-09
3.44036e-09
2.01558e-09
1.12349e-09
5.92897e-10
2.94794e-10
1.37453e-10
5.98382e-11
2.42253e-11
9.08916e-12
3.15122e-12
1.00727e-12
2.96319e-13
8.01417e-14
1.99163e-14
4.54771e-15
9.54494e-16
1.84292e-16
3.27692e-17
5.37378e-18
8.1589e-19
1.18617e-19
1.74596e-20
2.67553e-21
4.28028e-22
7.16409e-23
1.2566e-23
2.31234e-24
4.46811e-25
9.0702e-26
1.93518e-26
4.33989e-27
1.02299e-27
2.53401e-28
6.5943e-29
1.80198e-29
5.1676e-30
1.5544e-30
4.90038e-31
1.61773e-31
5.58727e-32
2.01705e-32
7.60383e-33
2.99016e-33
1.22505e-33
5.22283e-34
2.31453e-34
1.06488e-34
5.07406e-35
2.52942e-35
1.17975e-35
1.05526e-07
9.13741e-08
6.97805e-08
5.23677e-08
3.85419e-08
2.77492e-08
1.94876e-08
1.33053e-08
8.79936e-09
5.6141e-09
3.44036e-09
2.01558e-09
1.12349e-09
5.92897e-10
2.94794e-10
1.37453e-10
5.98382e-11
2.42254e-11
9.08916e-12
3.15122e-12
1.00727e-12
2.96319e-13
8.01417e-14
1.99163e-14
4.54771e-15
9.54493e-16
1.84291e-16
3.2769e-17
5.37374e-18
8.15883e-19
1.18615e-19
1.74594e-20
2.67549e-21
4.28023e-22
7.16403e-23
1.2566e-23
2.31236e-24
4.4682e-25
9.07053e-26
1.93529e-26
4.34021e-27
1.02309e-27
2.53431e-28
6.59518e-29
1.80225e-29
5.16845e-30
1.55467e-30
4.90126e-31
1.61803e-31
5.58828e-32
2.01741e-32
7.60516e-33
2.99068e-33
1.22527e-33
5.22381e-34
2.315e-34
1.06513e-34
5.07547e-35
2.53027e-35
1.18029e-35
1.05573e-07
9.14519e-08
6.98834e-08
5.24758e-08
3.86416e-08
2.78329e-08
1.95523e-08
1.33516e-08
8.83009e-09
5.63293e-09
3.45096e-09
2.02101e-09
1.12598e-09
5.9389e-10
2.95119e-10
1.37523e-10
5.98342e-11
2.42102e-11
9.07873e-12
3.14608e-12
1.00518e-12
2.95589e-13
7.99162e-14
1.98541e-14
4.5323e-15
9.51039e-16
1.83587e-16
3.26384e-17
5.35153e-18
8.12413e-19
1.18099e-19
1.7382e-20
2.66343e-21
4.26072e-22
7.13104e-23
1.25077e-23
2.30157e-24
4.44728e-25
9.02795e-26
1.92619e-26
4.31981e-27
1.01828e-27
2.52242e-28
6.56431e-29
1.79383e-29
5.14434e-30
1.54743e-30
4.87844e-31
1.61049e-31
5.56223e-32
2.00799e-32
7.56958e-33
2.97665e-33
1.21951e-33
5.1992e-34
2.30408e-34
1.0601e-34
5.05158e-35
2.5184e-35
1.17483e-35
1.05669e-07
9.16084e-08
7.00905e-08
5.26934e-08
3.88424e-08
2.80012e-08
1.96822e-08
1.34445e-08
8.8916e-09
5.67055e-09
3.47208e-09
2.03179e-09
1.1309e-09
5.95844e-10
2.95749e-10
1.37656e-10
5.98227e-11
2.41787e-11
9.05743e-12
3.13568e-12
1.00098e-12
2.94122e-13
7.94642e-14
1.97297e-14
4.5015e-15
9.4414e-16
1.82183e-16
3.23779e-17
5.3073e-18
8.05506e-19
1.17071e-19
1.72279e-20
2.63948e-21
4.22193e-22
7.06548e-23
1.23917e-23
2.2801e-24
4.40556e-25
8.94292e-26
1.90799e-26
4.27891e-27
1.00863e-27
2.49848e-28
6.50199e-29
1.7768e-29
5.0955e-30
1.53274e-30
4.83214e-31
1.5952e-31
5.5094e-32
1.9889e-32
7.49753e-33
2.94827e-33
1.20786e-33
5.14944e-34
2.28199e-34
1.04992e-34
5.00298e-35
2.49414e-35
1.16354e-35
1.05815e-07
9.18462e-08
7.04051e-08
5.30238e-08
3.9147e-08
2.82561e-08
1.98787e-08
1.35846e-08
8.98405e-09
5.72686e-09
3.50355e-09
2.04777e-09
1.13815e-09
5.98689e-10
2.9665e-10
1.37834e-10
5.97966e-11
2.41281e-11
9.02444e-12
3.11978e-12
9.94605e-13
2.91907e-13
7.87836e-14
1.95429e-14
4.45533e-15
9.33815e-16
1.80085e-16
3.19889e-17
5.2413e-18
7.95208e-19
1.1554e-19
1.69986e-20
2.60382e-21
4.16422e-22
6.96794e-23
1.22193e-23
2.24815e-24
4.34349e-25
8.81633e-26
1.88088e-26
4.21794e-27
9.94224e-28
2.46274e-28
6.40887e-29
1.75133e-29
5.02243e-30
1.51076e-30
4.7628e-31
1.57231e-31
5.4303e-32
1.96033e-32
7.38975e-33
2.90585e-33
1.19046e-33
5.07514e-34
2.24901e-34
1.03472e-34
4.93042e-35
2.4579e-35
1.14663e-35
1.06013e-07
9.21688e-08
7.0832e-08
5.3472e-08
3.95596e-08
2.86007e-08
2.01433e-08
1.37725e-08
9.1075e-09
5.80165e-09
3.54508e-09
2.06868e-09
1.14753e-09
6.02318e-10
2.97766e-10
1.38031e-10
5.97454e-11
2.40547e-11
8.97851e-12
3.09802e-12
9.85968e-13
2.88925e-13
7.78719e-14
1.92935e-14
4.39384e-15
9.20093e-16
1.773e-16
3.14735e-17
5.15397e-18
7.81592e-19
1.13518e-19
1.66958e-20
2.55677e-21
4.0881e-22
6.83934e-23
1.1992e-23
2.20604e-24
4.26168e-25
8.6495e-26
1.84515e-26
4.13755e-27
9.75226e-28
2.41558e-28
6.28595e-29
1.7177e-29
4.92591e-30
1.4817e-30
4.67117e-31
1.54205e-31
5.32576e-32
1.92258e-32
7.24737e-33
2.84983e-33
1.16749e-33
4.97713e-34
2.20552e-34
1.01468e-34
4.83482e-35
2.41016e-35
1.12433e-35
1.06265e-07
9.258e-08
7.13769e-08
5.4044e-08
4.00853e-08
2.90384e-08
2.04782e-08
1.40091e-08
9.26191e-09
5.8945e-09
3.59619e-09
2.09415e-09
1.15881e-09
6.06583e-10
2.99019e-10
1.38212e-10
5.9655e-11
2.39534e-11
8.91802e-12
3.06995e-12
9.74961e-13
2.85155e-13
7.67258e-14
1.89813e-14
4.31713e-15
9.03019e-16
1.73843e-16
3.08345e-17
5.04586e-18
7.64755e-19
1.11019e-19
1.6322e-20
2.49873e-21
3.99426e-22
6.68086e-23
1.17119e-23
2.15419e-24
4.16096e-25
8.44412e-26
1.80117e-26
4.03859e-27
9.51837e-28
2.35752e-28
6.13457e-29
1.67627e-29
4.80697e-30
1.4459e-30
4.55822e-31
1.50474e-31
5.19687e-32
1.87603e-32
7.07187e-33
2.78079e-33
1.13919e-33
4.85644e-34
2.152e-34
9.90038e-35
4.71726e-35
2.35148e-35
1.09693e-35
1.06575e-07
9.30864e-08
7.20485e-08
5.47483e-08
4.0731e-08
2.95738e-08
2.08855e-08
1.42948e-08
9.4469e-09
6.0047e-09
3.65618e-09
2.12364e-09
1.17162e-09
6.11287e-10
3.00312e-10
1.38335e-10
5.95078e-11
2.38179e-11
8.84101e-12
3.03504e-12
9.61457e-13
2.80573e-13
7.53421e-14
1.86062e-14
4.22535e-15
8.82652e-16
1.69729e-16
3.00759e-17
4.91769e-18
7.44823e-19
1.08065e-19
1.58804e-20
2.43022e-21
3.88354e-22
6.49399e-23
1.13819e-23
2.09311e-24
4.04235e-25
8.20232e-26
1.74939e-26
3.92212e-27
9.24309e-28
2.28918e-28
5.95638e-29
1.6275e-29
4.66693e-30
1.40373e-30
4.42519e-31
1.4608e-31
5.04505e-32
1.82121e-32
6.86515e-33
2.69949e-33
1.10588e-33
4.71436e-34
2.08902e-34
9.61047e-35
4.57904e-35
2.28252e-35
1.06474e-35
1.06954e-07
9.37e-08
7.28603e-08
5.55972e-08
4.15058e-08
3.02125e-08
2.13677e-08
1.46301e-08
9.66175e-09
6.13116e-09
3.72406e-09
2.15642e-09
1.18551e-09
6.16179e-10
3.01522e-10
1.38344e-10
5.92828e-11
2.36408e-11
8.74518e-12
2.99267e-12
9.45313e-13
2.75152e-13
7.37175e-14
1.81684e-14
4.1187e-15
8.5907e-16
1.6498e-16
2.9202e-17
4.77035e-18
7.21943e-19
1.04678e-19
1.53747e-20
2.35182e-21
3.75694e-22
6.28046e-23
1.1005e-23
2.02337e-24
3.90699e-25
7.9265e-26
1.69035e-26
3.78933e-27
8.9293e-28
2.21128e-28
5.7533e-29
1.57192e-29
4.50733e-30
1.35567e-30
4.27353e-31
1.4107e-31
4.87194e-32
1.75869e-32
6.62942e-33
2.60678e-33
1.06789e-33
4.55239e-34
2.01723e-34
9.28014e-35
4.4216e-35
2.20399e-35
1.02811e-35
1.07398e-07
9.44235e-08
7.38205e-08
5.65999e-08
4.24167e-08
3.0958e-08
2.19253e-08
1.50136e-08
9.90444e-09
6.27195e-09
3.79833e-09
2.19149e-09
1.19989e-09
6.20948e-10
3.02501e-10
1.38177e-10
5.89559e-11
2.3414e-11
8.6281e-12
2.94219e-12
9.26393e-13
2.6887e-13
7.18505e-14
1.76686e-14
3.99753e-15
8.32386e-16
1.59623e-16
2.82189e-17
4.60495e-18
6.96304e-19
1.00888e-19
1.48094e-20
2.26427e-21
3.61569e-22
6.04239e-23
1.0585e-23
1.94572e-24
3.75633e-25
7.6196e-26
1.62467e-26
3.64167e-27
8.58047e-28
2.12471e-28
5.52762e-29
1.51016e-29
4.32998e-30
1.30227e-30
4.10503e-31
1.35503e-31
4.67956e-32
1.68921e-32
6.36743e-33
2.50373e-33
1.02567e-33
4.37239e-34
1.93746e-34
8.91313e-35
4.24671e-35
2.11679e-35
9.87434e-36
1.07929e-07
9.52807e-08
7.49524e-08
5.77746e-08
4.34751e-08
3.18152e-08
2.25588e-08
1.54432e-08
1.0172e-08
6.42436e-09
3.87697e-09
2.22757e-09
1.21403e-09
6.25216e-10
3.03075e-10
1.37761e-10
5.85001e-11
2.31285e-11
8.48712e-12
2.88294e-12
9.04556e-13
2.61706e-13
6.97406e-14
1.71075e-14
3.86229e-15
8.02732e-16
1.53691e-16
2.71334e-17
4.42275e-18
6.68115e-19
9.67272e-20
1.41897e-20
2.1684e-21
3.46114e-22
5.78209e-23
1.01261e-23
1.86091e-24
3.59187e-25
7.28476e-26
1.55305e-26
3.48069e-27
8.20029e-28
2.03038e-28
5.28178e-29
1.44289e-29
4.13686e-30
1.24412e-30
3.92155e-31
1.29442e-31
4.47008e-32
1.61356e-32
6.08213e-33
2.39152e-33
9.79689e-34
4.17635e-34
1.85059e-34
8.51346e-35
4.05628e-35
2.02186e-35
9.43166e-36
1.08557e-07
9.62882e-08
7.6276e-08
5.91376e-08
4.46899e-08
3.27861e-08
2.32653e-08
1.59142e-08
1.04597e-08
6.58458e-09
3.95735e-09
2.26302e-09
1.22704e-09
6.28543e-10
3.03046e-10
1.37016e-10
5.78861e-11
2.27748e-11
8.31955e-12
2.81428e-12
8.79679e-13
2.53646e-13
6.73892e-14
1.64869e-14
3.71355e-15
7.70274e-16
1.47223e-16
2.59536e-17
4.22521e-18
6.37617e-19
9.22336e-20
1.35213e-20
2.06511e-21
3.29478e-22
5.50214e-23
9.63285e-24
1.76982e-24
3.41533e-25
6.92547e-26
1.47623e-26
3.3081e-27
7.79282e-28
1.92931e-28
5.01845e-29
1.37086e-29
3.93008e-30
1.18187e-30
3.72515e-31
1.22954e-31
4.24589e-32
1.53259e-32
5.77678e-33
2.27141e-33
9.30474e-34
3.96652e-34
1.7576e-34
8.08565e-35
3.85245e-35
1.92026e-35
8.95793e-36
1.09278e-07
9.74527e-08
7.78037e-08
6.06961e-08
4.60601e-08
3.38634e-08
2.40348e-08
1.64167e-08
1.07595e-08
6.74695e-09
4.03589e-09
2.2958e-09
1.23783e-09
6.30414e-10
3.02191e-10
1.35856e-10
5.70835e-11
2.23435e-11
8.12285e-12
2.73563e-12
8.51672e-13
2.44687e-13
6.4801e-14
1.5809e-14
3.5521e-15
7.35216e-16
1.40265e-16
2.46886e-17
4.014e-18
6.0508e-19
8.74485e-20
1.28105e-20
1.95542e-21
3.11829e-22
5.2054e-23
9.11042e-24
1.6734e-24
3.22855e-25
6.54555e-26
1.39504e-26
3.12575e-27
7.36247e-28
1.8226e-28
4.7405e-29
1.29485e-29
3.71194e-30
1.11621e-30
3.51804e-31
1.16114e-31
4.00953e-32
1.44723e-32
5.45488e-33
2.14479e-33
8.78593e-34
3.7453e-34
1.65956e-34
7.63461e-35
3.63755e-35
1.81314e-35
8.45847e-36
1.10148e-07
9.88328e-08
7.95801e-08
6.24727e-08
4.75879e-08
3.5036e-08
2.48513e-08
1.69356e-08
1.10599e-08
6.90381e-09
4.10805e-09
2.32347e-09
1.24522e-09
6.30284e-10
3.00283e-10
1.34194e-10
5.6063e-11
2.18256e-11
7.89474e-12
2.64653e-12
8.20479e-13
2.34837e-13
6.19837e-14
1.5077e-14
3.37887e-15
6.97795e-16
1.3287e-16
2.33488e-17
3.79094e-18
5.708e-19
8.24166e-20
1.20643e-20
1.84039e-21
2.93343e-22
4.89484e-23
8.5641e-24
1.57263e-24
3.03347e-25
6.14895e-26
1.31031e-26
2.93556e-27
6.91378e-28
1.71138e-28
4.45091e-29
1.21567e-29
3.48479e-30
1.04786e-30
3.30248e-31
1.08995e-31
3.7636e-32
1.35842e-32
5.12004e-33
2.0131e-33
8.24629e-34
3.51521e-34
1.55759e-34
7.16545e-35
3.41401e-35
1.7017e-35
7.93887e-36
1.11198e-07
1.00468e-07
8.1634e-08
6.44746e-08
4.92638e-08
3.62862e-08
2.56947e-08
1.7452e-08
1.13456e-08
7.04434e-09
4.16712e-09
2.34234e-09
1.24739e-09
6.27367e-10
2.97014e-10
1.31921e-10
5.47903e-11
2.1212e-11
7.63317e-12
2.54668e-12
7.86107e-13
2.24123e-13
5.89505e-14
1.42953e-14
3.19509e-15
6.58311e-16
1.25102e-16
2.19464e-17
3.55817e-18
5.35115e-19
7.71891e-20
1.12903e-20
1.72126e-21
2.74216e-22
4.57384e-23
7.99985e-24
1.46863e-24
2.83225e-25
5.74007e-26
1.22301e-26
2.73966e-27
6.45179e-28
1.5969e-28
4.15292e-29
1.13422e-29
3.25118e-30
9.77578e-31
3.0809e-31
1.01679e-31
3.51092e-32
1.2672e-32
4.77612e-33
1.87784e-33
7.69215e-34
3.27895e-34
1.45289e-34
6.68373e-35
3.18447e-35
1.58728e-35
7.40528e-36
1.12398e-07
1.02342e-07
8.39215e-08
6.66228e-08
5.09953e-08
3.75352e-08
2.65136e-08
1.79397e-08
1.16058e-08
7.16477e-09
4.21169e-09
2.35169e-09
1.2439e-09
6.21407e-10
2.92258e-10
1.28986e-10
5.32481e-11
2.04979e-11
7.33725e-12
2.43606e-12
7.48637e-13
2.1259e-13
5.57183e-14
1.34691e-14
3.00216e-15
6.17087e-16
1.17028e-16
2.04944e-17
3.31789e-18
4.98372e-19
7.18179e-20
1.04964e-20
1.59922e-21
2.54646e-22
4.24572e-23
7.42356e-24
1.36248e-24
2.62701e-25
5.32324e-26
1.13405e-26
2.54012e-27
5.9814e-28
1.48038e-28
3.84971e-29
1.05137e-29
3.01361e-30
9.06125e-31
2.85567e-31
9.42451e-32
3.25419e-32
1.17453e-32
4.42682e-33
1.7405e-33
7.12952e-34
3.03911e-34
1.34661e-34
6.19478e-35
2.9515e-35
1.47114e-35
6.86367e-36
1.14004e-07
1.04671e-07
8.65675e-08
6.89672e-08
5.27576e-08
3.86971e-08
2.71979e-08
1.83009e-08
1.17725e-08
7.22597e-09
4.22252e-09
2.34324e-09
1.23158e-09
6.11294e-10
2.85663e-10
1.25288e-10
5.1411e-11
1.96784e-11
7.00656e-12
2.31489e-12
7.08227e-13
2.00305e-13
5.23098e-14
1.26049e-14
2.80172e-15
5.74497e-16
1.08725e-16
1.90068e-17
3.07249e-18
4.60944e-19
6.6358e-20
9.69082e-21
1.47556e-21
2.34839e-22
3.91394e-23
6.84133e-24
1.25532e-24
2.41992e-25
4.90289e-26
1.04438e-26
2.33908e-27
5.50766e-28
1.36307e-28
3.54453e-29
9.6801e-30
2.77463e-30
8.34265e-31
2.6292e-31
8.67713e-32
2.99615e-32
1.0814e-32
4.07587e-33
1.60253e-33
6.56444e-34
2.79825e-34
1.2399e-34
5.70392e-35
2.71765e-35
1.35458e-35
6.32006e-36
1.15761e-07
1.07108e-07
8.91001e-08
7.11645e-08
5.44564e-08
3.98559e-08
2.78802e-08
1.86373e-08
1.19003e-08
7.24957e-09
4.20556e-09
2.31761e-09
1.20995e-09
5.96649e-10
2.77054e-10
1.20767e-10
4.92641e-11
1.87514e-11
6.64155e-12
2.18367e-12
6.65118e-13
1.87358e-13
4.87529e-14
1.17104e-14
2.59564e-15
5.3095e-16
1.00274e-16
1.74985e-17
2.82448e-18
4.23217e-19
6.08665e-20
8.88193e-21
1.35157e-21
2.15003e-22
3.58202e-23
6.25932e-24
1.14827e-24
2.21319e-25
4.48349e-26
9.54958e-27
2.13867e-27
5.03558e-28
1.24621e-28
3.24063e-29
8.85015e-30
2.53677e-30
7.62756e-31
2.40388e-31
7.93369e-32
2.73951e-32
9.88796e-33
3.72693e-33
1.46538e-33
6.00276e-34
2.55889e-34
1.13386e-34
5.21624e-35
2.48535e-35
1.2388e-35
5.78018e-36
1.1853e-07
1.10434e-07
9.15221e-08
7.24473e-08
5.50343e-08
4.01126e-08
2.79893e-08
1.86583e-08
1.18665e-08
7.19165e-09
4.14706e-09
2.27088e-09
1.17794e-09
5.77179e-10
2.66355e-10
1.15409e-10
4.68088e-11
1.77199e-11
6.24419e-12
2.04329e-12
6.19655e-13
1.73863e-13
4.50809e-14
1.07944e-14
2.38598e-15
4.86892e-16
9.17639e-17
1.59854e-17
2.57646e-18
3.85587e-19
5.54009e-20
8.07827e-21
1.22856e-21
1.95347e-22
3.25342e-23
5.68363e-24
1.04246e-24
2.00896e-25
4.06937e-26
8.667e-27
1.94095e-27
4.56999e-28
1.131e-28
2.9411e-29
8.03239e-30
2.30246e-30
6.92333e-31
2.18203e-31
7.20184e-32
2.48691e-32
8.97662e-33
3.38357e-33
1.33043e-33
5.45017e-34
2.32342e-34
1.02957e-34
4.7366e-35
2.2569e-35
1.12496e-35
5.24936e-36
1.19169e-07
1.12522e-07
9.44036e-08
7.44632e-08
5.5919e-08
4.02636e-08
2.78296e-08
1.84291e-08
1.16616e-08
7.03462e-09
4.03666e-09
2.19872e-09
1.13412e-09
5.52519e-10
2.5351e-10
1.09224e-10
4.40585e-11
1.65919e-11
5.81799e-12
1.89512e-12
5.72297e-13
1.59959e-13
4.13327e-14
9.8665e-15
2.17499e-15
4.42795e-16
8.32846e-17
1.44835e-17
2.33106e-18
3.4845e-19
5.00184e-20
7.2882e-21
1.1078e-21
1.76073e-22
2.93153e-23
5.12015e-24
9.38964e-25
1.80932e-25
3.66474e-26
7.80498e-27
1.7479e-27
4.11555e-28
1.01857e-28
2.64889e-29
7.23482e-30
2.07399e-30
6.23682e-31
1.96582e-31
6.48871e-32
2.24082e-32
8.08893e-33
3.04918e-33
1.19902e-33
4.91213e-34
2.09416e-34
9.28024e-35
4.26965e-35
2.0345e-35
1.01415e-35
4.73265e-36
1.10898e-07
1.0401e-07
8.9729e-08
7.2258e-08
5.48073e-08
3.95015e-08
2.7199e-08
1.79187e-08
1.12826e-08
6.77539e-09
3.871e-09
2.09903e-09
1.07757e-09
5.22353e-10
2.38443e-10
1.02204e-10
4.10184e-11
1.53715e-11
5.36495e-12
1.73991e-12
5.23302e-13
1.45724e-13
3.75288e-14
8.93181e-15
1.96378e-15
3.98884e-16
7.48786e-17
1.30001e-17
2.08941e-18
3.11976e-19
4.47428e-20
6.51511e-21
9.89797e-22
1.57261e-22
2.61764e-23
4.57112e-24
8.38189e-25
1.61503e-25
3.27117e-26
6.96685e-27
1.56026e-27
3.67395e-28
9.09346e-29
2.36505e-29
6.46021e-30
1.85213e-30
5.57029e-31
1.75594e-31
5.79661e-32
2.00204e-32
7.22776e-33
2.72483e-33
1.07158e-33
4.39044e-34
1.87191e-34
8.29592e-35
3.81704e-35
1.81895e-35
9.06746e-36
4.23181e-36
9.14813e-08
9.15212e-08
8.08933e-08
6.65008e-08
5.12884e-08
3.73516e-08
2.58294e-08
1.70175e-08
1.0692e-08
6.40081e-09
3.64425e-09
1.96867e-09
1.00658e-09
4.85849e-10
2.20779e-10
9.41939e-11
3.76272e-11
1.40359e-11
4.87711e-12
1.57505e-12
4.71862e-13
1.30926e-13
3.36076e-14
7.97519e-15
1.74893e-15
3.54446e-16
6.64083e-17
1.15107e-17
1.84755e-18
2.75559e-19
3.94861e-20
5.74603e-21
8.72558e-22
1.38589e-22
2.30638e-23
4.02708e-24
7.38394e-25
1.42275e-25
2.88182e-26
6.13807e-27
1.37478e-27
3.23755e-28
8.01427e-29
2.08464e-29
5.69505e-30
1.633e-30
4.91198e-31
1.54865e-31
5.11313e-32
1.76625e-32
6.3775e-33
2.40465e-33
9.458e-34
3.87562e-34
1.65262e-34
7.32495e-35
3.37065e-35
1.60638e-35
8.00848e-36
3.73803e-36
7.09492e-08
7.66852e-08
6.95039e-08
5.82272e-08
4.56923e-08
3.37571e-08
2.35784e-08
1.56218e-08
9.83611e-09
5.88735e-09
3.34658e-09
1.80344e-09
9.19303e-10
4.42179e-10
2.00167e-10
8.50535e-11
3.38335e-11
1.25676e-11
4.34879e-12
1.39884e-12
4.17495e-13
1.15437e-13
2.95375e-14
6.98932e-15
1.52886e-15
3.09163e-16
5.78149e-17
1.00053e-17
1.60382e-18
2.38956e-19
3.42137e-20
4.9759e-21
7.55311e-22
1.19936e-22
1.99567e-23
3.48437e-24
6.38898e-25
1.23113e-25
2.494e-26
5.31284e-27
1.19016e-27
2.80329e-28
6.94066e-29
1.80574e-29
4.93411e-30
1.41509e-30
4.25737e-31
1.34253e-31
4.43347e-32
1.53178e-32
5.53195e-33
2.08624e-33
8.20716e-34
3.36369e-34
1.43458e-34
6.35961e-35
2.92692e-35
1.39512e-35
6.95619e-36
3.24744e-36
5.16509e-08
6.10287e-08
5.68884e-08
4.85389e-08
3.87272e-08
2.90525e-08
2.05548e-08
1.37494e-08
8.7112e-09
5.23157e-09
2.97732e-09
1.60385e-09
8.16356e-10
3.91774e-10
1.76847e-10
7.49005e-11
2.96898e-11
1.0988e-11
3.78817e-12
1.2141e-12
3.61102e-13
9.952e-14
2.53885e-14
5.99132e-15
1.30741e-15
2.6383e-16
4.92494e-17
8.51032e-18
1.36252e-18
2.02811e-19
2.9018e-20
4.21826e-21
6.40115e-22
1.01627e-22
1.69094e-23
2.95243e-24
5.41421e-25
1.04347e-25
2.11429e-26
4.50509e-27
1.00949e-27
2.37844e-28
5.89053e-29
1.53299e-29
4.19008e-30
1.20205e-30
3.61747e-31
1.14106e-31
3.76912e-32
1.30257e-32
4.70535e-33
1.77493e-33
6.98411e-34
2.86307e-34
1.22134e-34
5.41545e-35
2.4929e-35
1.18849e-35
5.92698e-36
2.76761e-36
3.52893e-08
4.59614e-08
4.42286e-08
3.8454e-08
3.11771e-08
2.3746e-08
1.70355e-08
1.15308e-08
7.3731e-09
4.45698e-09
2.54699e-09
1.37497e-09
7.00271e-10
3.35865e-10
1.51385e-10
6.3979e-11
2.52948e-11
9.33427e-12
3.20822e-12
1.02505e-12
3.03954e-13
8.35289e-14
2.12519e-14
5.00289e-15
1.08934e-15
2.19407e-16
4.08909e-17
7.05659e-18
1.12858e-18
1.67854e-19
2.40033e-20
3.48817e-21
5.29252e-22
8.40253e-23
1.3982e-23
2.44171e-24
4.47869e-25
8.63414e-26
1.75003e-26
3.73028e-27
8.36195e-28
1.97095e-28
4.88338e-29
1.27142e-29
3.47662e-30
9.9779e-31
3.00397e-31
9.47907e-32
3.13228e-32
1.08287e-32
3.913e-33
1.47651e-33
5.81161e-34
2.38309e-34
1.01686e-34
4.50997e-35
2.07659e-35
9.90247e-36
4.93946e-36
2.30713e-36
2.26292e-08
3.26287e-08
3.25333e-08
2.88569e-08
2.37718e-08
1.83766e-08
1.33707e-08
9.16728e-09
5.92698e-09
3.61486e-09
2.07962e-09
1.12788e-09
5.76068e-10
2.76673e-10
1.24729e-10
5.26754e-11
2.07964e-11
7.65982e-12
2.62693e-12
8.37344e-13
2.47696e-13
6.79084e-14
1.7239e-14
4.04986e-15
8.80193e-16
1.76997e-16
3.29421e-17
5.67862e-18
9.07438e-19
1.34883e-19
1.92819e-20
2.80178e-21
4.2514e-22
6.75101e-23
1.12372e-23
1.96311e-24
3.60233e-25
6.94784e-26
1.40892e-26
3.00471e-27
6.73902e-28
1.58927e-28
3.93988e-29
1.02634e-29
2.80803e-30
8.06351e-31
2.42894e-31
7.66862e-32
2.53533e-32
8.76923e-33
3.17029e-33
1.19679e-33
4.71257e-34
1.93317e-34
8.25186e-35
3.6611e-35
1.68627e-35
8.04362e-36
4.01336e-36
1.87518e-36
1.36203e-08
2.17497e-08
2.25384e-08
2.04255e-08
1.71008e-08
1.34145e-08
9.89772e-09
6.87651e-09
4.49979e-09
2.77328e-09
1.6093e-09
8.78729e-10
4.51052e-10
2.17365e-10
9.819e-11
4.15051e-11
1.63867e-11
6.0317e-12
2.06625e-12
6.57681e-13
1.94238e-13
5.31634e-14
1.34738e-14
3.16044e-15
6.85927e-16
1.37764e-16
2.56145e-17
4.412e-18
7.04645e-19
1.04706e-19
1.4967e-20
2.17516e-21
3.30172e-22
5.24548e-23
8.73628e-24
1.52717e-24
2.80429e-25
5.41247e-26
1.09836e-26
2.34407e-27
5.26112e-28
1.24163e-28
3.08025e-29
8.02978e-30
2.19846e-30
6.31747e-31
1.90429e-31
6.01626e-32
1.99035e-32
6.88865e-33
2.49195e-33
9.41269e-34
3.70851e-34
1.52211e-34
6.5005e-35
2.88545e-35
1.32961e-35
6.34495e-36
3.16701e-36
1.48038e-36
7.69541e-09
1.3562e-08
1.46361e-08
1.35721e-08
1.15543e-08
9.19661e-09
6.88e-09
4.84377e-09
3.20945e-09
2.00064e-09
1.17257e-09
6.45653e-10
3.33665e-10
1.61637e-10
7.32948e-11
3.10621e-11
1.22829e-11
4.52456e-12
1.55015e-12
4.93246e-13
1.45582e-13
3.98139e-14
1.00815e-14
2.36266e-15
5.12364e-16
1.02834e-16
1.91093e-17
3.29029e-18
5.25401e-19
7.80733e-20
1.11629e-20
1.6231e-21
2.46539e-22
3.91993e-23
6.53446e-24
1.14338e-24
2.10166e-25
4.06049e-26
8.24845e-27
1.76214e-27
3.95896e-28
9.35229e-29
2.32233e-29
6.05961e-30
1.66055e-30
4.77591e-31
1.44084e-31
4.55588e-32
1.50843e-32
5.22483e-33
1.89151e-33
7.14998e-34
2.81903e-34
1.15782e-34
4.94798e-35
2.19768e-35
1.01329e-35
4.83818e-36
2.41619e-36
1.13006e-36
4.07981e-09
7.88073e-09
8.8646e-09
8.42182e-09
7.29489e-09
5.89207e-09
4.46853e-09
3.1877e-09
2.13897e-09
1.34921e-09
7.99342e-10
4.44349e-10
2.31511e-10
1.12909e-10
5.14762e-11
2.19066e-11
8.68943e-12
3.20787e-12
1.10064e-12
3.50527e-13
1.03506e-13
2.8312e-14
7.16905e-15
1.67996e-15
3.64276e-16
7.31075e-17
1.35858e-17
2.33958e-18
3.73699e-19
5.55562e-20
7.94869e-21
1.15675e-21
1.75886e-22
2.7998e-23
4.67312e-24
8.18773e-25
1.50706e-25
2.91575e-26
5.93129e-27
1.26887e-27
2.85459e-28
6.75232e-29
1.67886e-29
4.38599e-30
1.20334e-30
3.46488e-31
1.04646e-31
3.31233e-32
1.0978e-32
3.80621e-33
1.37922e-33
5.21817e-34
2.05915e-34
8.46428e-35
3.6201e-35
1.60912e-35
7.42462e-36
3.54753e-36
1.77281e-36
8.29744e-37
2.02726e-09
4.25121e-09
4.98212e-09
4.85368e-09
4.28015e-09
3.50866e-09
2.69732e-09
1.94938e-09
1.3246e-09
8.45622e-10
5.06645e-10
2.84541e-10
1.49606e-10
7.35431e-11
3.37542e-11
1.44446e-11
5.75532e-12
2.13225e-12
7.33615e-13
2.34133e-13
6.9248e-14
1.89647e-14
4.80679e-15
1.1273e-15
2.44612e-16
4.91255e-17
9.13561e-18
1.57445e-18
2.51705e-19
3.74567e-20
5.36532e-21
7.81844e-22
1.19055e-22
1.89814e-23
3.17343e-24
5.56971e-25
1.02699e-25
1.99048e-26
4.05633e-27
8.69304e-28
1.95911e-28
4.64206e-29
1.1561e-29
3.02515e-30
8.31267e-31
2.39709e-31
7.24998e-32
2.29792e-32
7.62585e-33
2.64722e-33
9.60373e-34
3.63755e-34
1.43694e-34
5.91262e-35
2.53121e-35
1.12615e-35
5.20067e-36
2.48698e-36
1.2438e-36
5.82645e-37
9.42108e-10
2.12076e-09
2.58532e-09
2.58372e-09
2.32066e-09
1.9311e-09
1.50474e-09
1.10155e-09
7.57874e-10
4.89669e-10
2.96749e-10
1.68446e-10
8.94337e-11
4.43497e-11
2.05125e-11
8.83656e-12
3.54084e-12
1.31808e-12
4.5529e-13
1.45783e-13
4.32345e-14
1.18675e-14
3.0138e-15
7.08014e-16
1.53873e-16
3.09485e-17
5.76376e-18
9.94812e-19
1.59283e-19
2.37414e-20
3.40666e-21
4.9736e-22
7.58858e-23
1.21237e-23
2.03121e-24
3.57269e-25
6.60201e-26
1.2824e-26
2.6191e-27
5.62521e-28
1.27046e-28
3.01672e-29
7.52869e-30
1.97401e-30
5.43488e-31
1.57019e-31
4.75763e-32
1.51057e-32
5.02125e-33
1.74581e-33
6.34302e-34
2.40592e-34
9.51686e-35
3.92091e-35
1.68058e-35
7.48546e-36
3.46059e-36
1.65655e-36
8.29276e-37
3.88857e-37
4.08056e-10
9.74474e-10
1.23257e-09
1.26341e-09
1.15613e-09
9.76713e-10
7.71369e-10
5.71888e-10
3.98316e-10
2.60436e-10
1.59646e-10
9.16103e-11
4.91343e-11
2.45931e-11
1.14707e-11
4.9786e-12
2.00813e-12
7.51835e-13
2.60994e-13
8.39294e-14
2.49836e-14
6.88009e-15
1.75228e-15
4.12729e-16
8.99164e-17
1.81265e-17
3.38342e-18
5.85273e-19
9.39208e-20
1.40312e-20
2.01816e-21
2.95384e-22
4.51851e-23
7.23781e-24
1.21584e-24
2.14421e-25
3.97285e-26
7.73748e-27
1.58442e-27
3.41183e-28
7.72552e-29
1.83908e-29
4.60108e-30
1.20932e-30
3.33738e-31
9.6641e-32
2.93467e-32
9.33757e-33
3.11023e-33
1.08349e-33
3.94399e-34
1.49862e-34
5.93798e-35
2.45035e-35
1.05185e-35
4.69178e-36
2.17198e-36
1.04103e-36
5.21769e-37
2.44967e-37
1.63947e-10
4.10663e-10
5.37222e-10
5.6441e-10
5.26203e-10
4.5134e-10
3.61248e-10
2.71194e-10
1.91174e-10
1.26471e-10
7.84119e-11
4.54883e-11
2.46502e-11
1.24576e-11
5.86228e-12
2.56505e-12
1.04219e-12
3.9274e-13
1.37129e-13
4.43248e-14
1.32548e-14
3.66518e-15
9.36955e-16
2.21447e-16
4.83995e-17
9.78708e-18
1.83229e-18
3.17894e-19
5.11648e-20
7.66654e-21
1.10611e-21
1.62408e-22
2.49237e-23
4.00524e-24
6.74991e-25
1.19422e-25
2.21974e-26
4.33678e-27
8.90814e-28
1.92412e-28
4.36997e-29
1.04335e-29
2.61785e-30
6.90003e-31
1.90946e-31
5.54402e-32
1.6879e-32
5.38408e-33
1.79771e-33
6.27719e-34
2.29005e-34
8.72028e-35
3.4623e-35
1.43153e-35
6.15647e-36
2.75092e-36
1.27561e-36
6.12363e-37
3.07378e-37
1.44531e-37
6.07464e-11
1.57992e-10
2.13001e-10
2.29108e-10
2.17564e-10
1.89452e-10
1.53658e-10
1.1678e-10
8.33001e-11
5.57443e-11
3.49507e-11
2.04964e-11
1.12228e-11
5.72757e-12
2.72011e-12
1.20033e-12
4.91506e-13
1.86537e-13
6.55507e-14
2.13117e-14
6.4067e-15
1.78009e-15
4.57078e-16
1.08477e-16
2.38018e-17
4.83126e-18
9.07823e-19
1.58077e-19
2.5535e-20
3.84018e-21
5.56132e-22
8.19695e-23
1.26281e-23
2.0372e-24
3.44646e-25
6.12089e-26
1.14199e-26
2.23939e-27
4.61662e-28
1.00072e-28
2.2807e-29
5.46382e-30
1.37547e-30
3.63712e-31
1.00967e-31
2.9405e-32
8.97901e-33
2.87235e-33
9.61716e-34
3.36707e-34
1.23154e-34
4.70119e-35
1.87099e-35
7.75337e-36
3.34168e-36
1.49627e-36
6.95194e-37
3.34355e-37
1.6813e-37
7.91997e-38
2.06202e-11
5.52121e-11
7.64317e-11
8.40465e-11
8.12526e-11
7.18157e-11
5.90137e-11
4.53954e-11
3.27571e-11
2.2169e-11
1.40531e-11
8.32987e-12
4.6083e-12
2.37515e-12
1.13855e-12
5.06823e-13
2.09221e-13
8.00003e-14
2.83068e-14
9.26134e-15
2.80035e-15
7.82261e-16
2.01871e-16
4.8136e-17
1.06096e-17
2.16295e-18
4.08173e-19
7.13763e-20
1.15787e-20
1.74875e-21
2.54359e-22
3.7658e-23
5.82763e-24
9.44357e-25
1.60477e-25
2.86263e-26
5.36408e-27
1.05636e-27
2.18684e-28
4.75966e-29
1.08908e-29
2.6192e-30
6.61848e-31
1.75653e-31
4.89353e-32
1.43007e-32
4.3814e-33
1.40611e-33
4.7226e-34
1.6584e-34
6.0833e-35
2.32864e-35
9.29232e-36
3.86059e-36
1.66798e-36
7.48603e-37
3.48593e-37
1.68014e-37
8.46577e-38
3.99622e-38
6.36803e-12
1.74343e-11
2.46946e-11
2.77148e-11
2.72579e-11
2.44456e-11
2.03474e-11
1.58382e-11
1.15584e-11
7.90867e-12
5.06755e-12
3.03547e-12
1.69652e-12
8.83026e-13
4.27271e-13
1.9189e-13
7.98749e-14
3.07795e-14
1.09695e-14
3.61303e-15
1.09928e-15
3.08863e-16
8.01418e-17
1.92092e-17
4.25509e-18
8.71693e-19
1.65286e-19
2.90408e-20
4.73346e-21
7.18337e-22
1.04998e-22
1.56231e-23
2.42996e-24
3.95767e-25
6.75923e-26
1.21174e-26
2.28175e-27
4.51517e-28
9.39128e-29
2.05344e-29
4.71968e-30
1.14004e-30
2.89301e-31
7.70966e-32
2.15641e-32
6.32618e-33
1.94542e-33
6.26586e-34
2.11176e-34
7.44046e-35
2.73805e-35
1.05134e-35
4.2077e-36
1.75308e-36
7.59478e-37
3.41743e-37
1.59529e-37
7.70704e-38
3.89215e-38
1.84153e-38
1.77666e-12
4.94727e-12
7.14675e-12
8.17168e-12
8.16912e-12
7.43048e-12
6.26282e-12
4.93153e-12
3.63873e-12
2.51651e-12
1.62947e-12
9.8615e-13
5.5672e-13
2.92602e-13
1.42911e-13
6.47561e-14
2.71829e-14
1.05581e-14
3.79083e-15
1.25729e-15
3.85034e-16
1.08848e-16
2.84078e-17
6.84707e-18
1.52489e-18
3.14035e-19
5.98558e-20
1.05712e-20
1.73201e-21
2.64228e-22
3.88298e-23
5.80958e-24
9.08633e-25
1.48815e-25
2.5557e-26
4.60688e-27
8.72203e-28
1.73515e-28
3.62791e-29
7.97318e-30
1.84173e-30
4.47031e-31
1.13977e-31
3.0513e-32
8.57241e-33
2.52564e-33
7.79894e-34
2.52192e-34
8.53216e-35
3.01726e-35
1.11427e-35
4.29301e-36
1.72375e-36
7.20411e-37
3.13027e-37
1.41253e-37
6.61168e-38
3.2024e-38
1.62125e-38
7.69011e-39
4.4456e-13
1.25407e-12
1.84224e-12
2.14226e-12
2.17468e-12
2.0051e-12
1.71071e-12
1.3623e-12
1.01599e-12
7.09997e-13
4.64453e-13
2.83925e-13
1.61875e-13
8.58992e-14
4.23456e-14
1.93593e-14
8.19567e-15
3.20893e-15
1.16091e-15
3.87791e-16
1.1956e-16
3.40159e-17
8.93192e-18
2.1655e-18
4.85026e-19
1.00445e-19
1.92515e-20
3.41889e-21
5.63285e-22
8.64179e-23
1.27733e-23
1.92245e-24
3.02484e-25
4.98392e-26
8.61074e-27
1.56143e-27
2.97364e-28
5.95012e-29
1.25117e-29
2.76511e-30
6.42201e-31
1.56707e-31
4.01613e-32
1.08057e-32
3.05055e-33
9.02995e-34
2.80104e-34
9.09728e-35
3.09077e-35
1.09742e-35
4.06852e-36
1.57334e-36
6.33984e-37
2.65865e-37
1.15897e-37
5.24603e-38
2.46279e-38
1.19621e-38
6.07222e-39
2.88811e-39
9.90381e-14
2.8219e-13
4.2049e-13
4.96428e-13
5.11202e-13
4.77492e-13
4.12215e-13
3.31869e-13
2.50093e-13
1.76547e-13
1.16645e-13
7.20094e-14
4.14535e-14
2.22065e-14
1.10482e-14
5.09596e-15
2.17576e-15
8.58821e-16
3.13096e-16
1.05352e-16
3.27069e-17
9.36697e-18
2.4752e-18
6.03781e-19
1.36044e-19
2.83398e-20
5.46344e-21
9.75954e-22
1.61747e-22
2.49637e-23
3.71261e-24
5.62308e-25
8.90422e-26
1.47657e-26
2.56748e-27
4.68551e-28
8.97973e-29
1.80802e-29
3.82519e-30
8.50464e-31
1.98685e-31
4.87609e-32
1.25666e-32
3.39953e-33
9.64784e-34
2.87045e-34
8.94792e-35
2.91997e-35
9.96597e-36
3.55418e-36
1.32323e-36
5.13782e-37
2.07835e-37
8.74803e-38
3.82699e-38
1.73812e-38
8.18597e-39
3.98819e-39
2.0304e-39
9.68554e-40
1.94955e-14
5.59855e-14
8.44399e-14
1.01048e-13
1.05444e-13
9.97122e-14
8.70631e-14
7.08398e-14
5.39266e-14
3.84443e-14
2.56473e-14
1.59856e-14
9.28997e-15
5.02319e-15
2.522e-15
1.17358e-15
5.0535e-16
2.01106e-16
7.38893e-17
2.5048e-17
7.83154e-18
2.25818e-18
6.00638e-19
1.47449e-19
3.34308e-20
7.00708e-21
1.35916e-21
2.44291e-22
4.07395e-23
6.32756e-24
9.47181e-25
1.44421e-25
2.30246e-26
3.84421e-27
6.73004e-28
1.23654e-28
2.38579e-29
4.83561e-30
1.02976e-30
2.30421e-31
5.41699e-32
1.3376e-32
3.46793e-33
9.43624e-34
2.69318e-34
8.05683e-35
2.52487e-35
8.28167e-36
2.84056e-36
1.01786e-36
3.80684e-37
1.48461e-37
6.03077e-38
2.54863e-38
1.11923e-38
5.10187e-39
2.4112e-39
1.17862e-39
6.01946e-40
2.88052e-40
3.36369e-15
9.71989e-15
1.48119e-14
1.79404e-14
1.89515e-14
1.81314e-14
1.60048e-14
1.31567e-14
1.01143e-14
7.27983e-15
4.90266e-15
3.08451e-15
1.80928e-15
9.87324e-16
5.00197e-16
2.34817e-16
1.01979e-16
4.0918e-17
1.51531e-17
5.17584e-18
1.6301e-18
4.73335e-19
1.26757e-19
3.13239e-20
7.14833e-21
1.50798e-21
2.94395e-22
5.32583e-23
8.94027e-24
1.39791e-24
2.10702e-25
3.23551e-26
5.19544e-27
8.73719e-28
1.54071e-28
2.85124e-29
5.54054e-30
1.13092e-30
2.42509e-31
5.46356e-32
1.29305e-32
3.21382e-33
8.38558e-34
2.29593e-34
6.59244e-35
1.98376e-35
6.2521e-36
2.06199e-36
7.10999e-37
2.56075e-37
9.62442e-38
3.77109e-38
1.53883e-38
6.53134e-39
2.88011e-39
1.31805e-39
6.25277e-40
3.06738e-40
1.57195e-40
7.54783e-41
5.04148e-16
1.46417e-15
2.25095e-15
2.75588e-15
2.94419e-15
2.84793e-15
2.54029e-15
2.10905e-15
1.6369e-15
1.1892e-15
8.08296e-16
5.13225e-16
3.03806e-16
1.67297e-16
8.55184e-17
4.05008e-17
1.77406e-17
7.17763e-18
2.67953e-18
9.22375e-19
2.92682e-19
8.56058e-20
2.30874e-20
5.745e-21
1.32005e-21
2.80376e-22
5.51112e-23
1.0039e-23
1.69703e-24
2.67249e-25
4.0579e-26
6.27847e-27
1.01591e-27
1.72166e-28
3.05941e-29
5.7053e-30
1.11711e-30
2.29737e-31
4.96295e-32
1.12627e-32
2.68455e-33
6.71899e-34
1.76509e-34
4.86485e-35
1.4059e-35
4.25707e-36
1.34983e-36
4.47799e-37
1.55283e-37
5.62329e-38
2.12462e-38
8.36691e-39
3.43078e-39
1.46292e-39
6.47976e-40
2.97801e-40
1.41849e-40
6.98547e-41
3.59312e-41
1.73154e-41
6.49735e-17
1.89482e-16
2.93517e-16
3.62823e-16
3.91654e-16
3.82791e-16
3.44872e-16
2.89088e-16
2.26464e-16
1.6603e-16
1.13874e-16
7.29584e-17
4.35791e-17
2.42146e-17
1.2489e-17
5.96708e-18
2.6365e-18
1.07575e-18
4.04917e-19
1.40505e-19
4.49327e-20
1.32424e-20
3.59809e-21
9.01927e-22
2.08753e-22
4.46625e-23
8.84347e-24
1.62291e-24
2.7642e-25
4.38674e-26
6.71395e-27
1.0473e-27
1.70867e-28
2.91979e-29
5.23168e-30
9.83697e-31
1.94189e-31
4.02589e-32
8.76634e-33
2.00496e-33
4.81564e-34
1.21431e-34
3.21335e-35
8.91956e-36
2.59552e-36
7.91208e-37
2.5251e-37
8.42967e-38
2.94094e-38
1.07126e-38
4.07036e-39
1.61165e-39
6.64291e-40
2.84679e-40
1.26698e-40
5.84953e-41
2.79845e-41
1.38385e-41
7.1466e-42
3.4574e-42
7.11339e-18
2.08167e-17
3.24585e-17
4.04685e-17
4.41028e-17
4.3527e-17
3.95925e-17
3.34983e-17
2.64805e-17
1.9588e-17
1.35545e-17
8.76198e-18
5.28066e-18
2.96062e-18
1.54073e-18
7.42731e-19
3.31074e-19
1.36264e-19
5.17287e-20
1.81002e-20
5.8359e-21
1.73383e-21
4.74855e-22
1.19973e-22
2.79876e-23
6.03545e-24
1.20465e-24
2.22874e-25
3.82768e-26
6.12624e-27
9.45867e-28
1.48873e-28
2.45096e-29
4.22646e-30
7.64194e-31
1.44989e-31
2.88779e-32
6.03975e-33
1.32656e-33
3.05981e-34
7.41045e-35
1.88382e-35
5.02456e-36
1.40547e-36
4.12046e-37
1.2652e-37
4.06625e-38
1.3667e-38
4.79951e-39
1.75934e-39
6.72561e-40
2.67863e-40
1.11031e-40
4.78389e-41
2.14012e-41
9.9297e-42
4.77291e-42
2.37088e-42
1.22969e-42
5.97401e-43
6.51572e-19
1.91239e-18
2.99902e-18
3.76805e-18
4.14271e-18
4.12636e-18
3.78799e-18
3.234e-18
2.57927e-18
1.92477e-18
1.34367e-18
8.763e-19
5.32869e-19
3.01462e-19
1.58314e-19
7.70149e-20
3.46425e-20
1.43872e-20
5.51071e-21
1.94534e-21
6.32729e-22
1.89621e-22
5.23832e-23
1.33496e-23
3.14143e-24
6.83425e-25
1.37633e-25
2.5697e-26
4.45463e-27
7.19829e-28
1.12241e-28
1.78451e-29
2.96795e-30
5.17033e-31
9.44378e-32
1.80983e-32
3.64061e-33
7.6889e-34
1.70502e-34
3.96981e-35
9.70281e-36
2.48869e-36
6.69587e-37
1.88886e-37
5.58325e-38
1.72803e-38
5.59662e-39
1.8951e-39
6.703e-40
2.47414e-40
9.52126e-41
3.81639e-41
1.59165e-41
6.89832e-42
3.10347e-42
1.44773e-42
6.99478e-43
3.49166e-43
1.81957e-43
8.88002e-44
4.8955e-20
1.4405e-19
2.27044e-19
2.87257e-19
3.18401e-19
3.19911e-19
2.96285e-19
2.55191e-19
2.05314e-19
1.54558e-19
1.08847e-19
7.16204e-20
4.39468e-20
2.50915e-20
1.33003e-20
6.53142e-21
2.96594e-21
1.24356e-21
4.80884e-22
1.71385e-22
5.62788e-23
1.70284e-23
4.74974e-24
1.2223e-24
2.90489e-25
6.3836e-26
1.29888e-26
2.45083e-27
4.29486e-28
7.01793e-29
1.10693e-29
1.78061e-30
2.9965e-31
5.28166e-32
9.76009e-33
1.89208e-33
3.84938e-34
8.2206e-35
1.84285e-35
4.33649e-36
1.07092e-36
2.77461e-37
7.53845e-38
2.14681e-38
6.40423e-39
1.99981e-39
6.53262e-40
2.23043e-40
7.95225e-41
2.95787e-41
1.14672e-41
4.62906e-42
1.94376e-42
8.47945e-43
3.83868e-43
1.80141e-43
8.75335e-44
4.39326e-44
2.30142e-44
1.12877e-44
2.93557e-21
8.65713e-21
1.37065e-20
1.74518e-20
1.94911e-20
1.97461e-20
1.8445e-20
1.60248e-20
1.30054e-20
9.8764e-21
7.01745e-21
4.65946e-21
2.88574e-21
1.66338e-21
8.90352e-22
4.4161e-22
2.02584e-22
8.58211e-23
3.35362e-23
1.20797e-23
4.00961e-24
1.22654e-24
3.4595e-25
9.00452e-26
2.16506e-26
4.81507e-27
9.91867e-28
1.89542e-28
3.36527e-29
5.5736e-30
8.91392e-31
1.45422e-31
2.48194e-32
4.43633e-33
8.31206e-34
1.63341e-34
3.36769e-35
7.28615e-36
1.65423e-36
3.94099e-37
9.84992e-38
2.58182e-38
7.09408e-39
2.04237e-39
6.1571e-40
1.94224e-40
6.40693e-41
2.20821e-41
7.94463e-42
2.98087e-42
1.16532e-42
4.74201e-43
2.00652e-43
8.8178e-44
4.02e-44
1.8992e-44
9.28782e-45
4.68999e-45
2.47133e-45
1.21887e-45
1.34961e-22
3.98795e-22
6.33966e-22
8.11931e-22
9.13299e-22
9.32624e-22
8.78511e-22
7.6985e-22
6.30305e-22
4.82964e-22
3.46323e-22
2.3214e-22
1.45187e-22
8.45427e-23
4.57325e-23
2.29321e-23
1.06392e-23
4.55986e-24
1.80332e-24
6.57611e-25
2.21069e-25
6.85148e-26
1.95873e-26
5.16982e-27
1.2611e-27
2.84688e-28
5.95581e-29
1.15651e-29
2.08764e-30
3.51719e-31
5.72465e-32
9.50617e-33
1.65127e-33
3.00334e-34
5.72408e-35
1.14378e-35
2.39686e-36
5.26833e-37
1.21458e-37
2.93684e-38
7.44619e-39
1.97896e-39
5.51065e-40
1.60703e-40
4.90497e-41
1.56577e-41
5.2244e-42
1.8205e-42
6.61898e-43
2.50864e-43
9.9023e-44
4.06692e-44
1.73614e-44
7.6943e-45
3.53619e-45
1.68353e-45
8.29374e-46
4.21728e-46
2.23723e-46
1.11038e-46
4.45694e-24
1.31936e-23
2.10526e-23
2.71107e-23
3.07046e-23
3.15993e-23
3.00168e-23
2.65368e-23
2.19261e-23
1.69606e-23
1.22827e-23
8.31847e-24
5.25936e-24
3.09775e-24
1.69599e-24
8.6129e-25
4.04951e-25
1.76001e-25
7.06313e-26
2.61547e-26
8.93453e-27
2.81587e-27
8.19253e-28
2.20232e-28
5.47609e-29
1.26115e-29
2.69381e-30
5.34509e-31
9.86646e-32
1.70101e-32
2.83456e-33
4.81931e-34
8.56835e-35
1.59428e-35
3.10657e-36
6.34215e-37
1.35687e-37
3.04263e-38
7.15083e-39
1.76132e-39
4.5457e-40
1.22885e-40
3.47818e-41
1.0303e-41
3.19212e-42
1.0337e-42
3.49667e-43
1.23453e-43
4.54508e-44
1.74336e-44
6.96059e-45
2.89009e-45
1.24666e-45
5.58004e-46
2.58885e-46
1.24365e-46
6.17941e-47
3.16777e-47
1.69369e-47
8.46738e-48
9.44223e-26
2.79995e-25
4.48403e-25
5.80564e-25
6.62084e-25
6.86902e-25
6.58379e-25
5.87709e-25
4.90635e-25
3.83716e-25
2.8116e-25
1.92824e-25
1.2357e-25
7.38486e-26
4.10696e-26
2.12109e-26
1.01547e-26
4.49974e-27
1.84356e-27
6.97899e-28
2.44066e-28
7.88618e-29
2.35572e-29
6.51139e-30
1.66715e-30
3.95902e-31
8.73123e-32
1.79088e-32
3.42083e-33
6.10839e-34
1.05474e-34
1.85751e-35
3.41755e-36
6.57265e-37
1.32205e-37
2.78231e-38
6.12798e-39
1.41271e-39
3.40892e-40
8.61012e-41
2.27591e-41
6.29414e-42
1.82051e-42
5.50497e-43
1.73934e-43
5.73857e-44
1.97595e-44
7.09511e-45
2.6545e-45
1.03389e-45
4.18846e-46
1.76333e-46
7.70703e-47
3.49312e-47
1.64003e-47
7.96806e-48
4.00191e-48
2.07246e-48
1.119e-48
5.64546e-49
)
;

boundaryField
{
    highVoltage
    {
        type            fixedValue;
        value           uniform 0;
    }
    topBotBoundaries
    {
        type            zeroGradient;
    }
    inletBoundary
    {
        type            fixedValue;
        value           uniform 0;
    }
    frontBack
    {
        type            empty;
    }
    region0_to_dielectric
    {
        type            zeroGradient;
    }
}


// ************************************************************************* //
