/*--------------------------------*- C++ -*----------------------------------*\
| =========                 |                                                 |
| \\      /  F ield         | OpenFOAM: The Open Source CFD Toolbox           |
|  \\    /   O peration     | Version:  2406                                  |
|   \\  /    A nd           | Website:  www.openfoam.com                      |
|    \\/     M anipulation  |                                                 |
\*---------------------------------------------------------------------------*/
FoamFile
{
    version     2.0;
    format      ascii;
    arch        "LSB;label=32;scalar=64";
    class       volScalarField;
    location    "2e-07";
    object      He_m;
}
// * * * * * * * * * * * * * * * * * * * * * * * * * * * * * * * * * * * * * //

dimensions      [0 -3 0 0 0 0 0];

internalField   nonuniform List<scalar> 
5880
(
0.0725549
0.215152
0.34456
0.446119
0.508771
0.52785
0.505929
0.451591
0.376919
0.294648
0.215738
0.147811
0.0946071
0.0564442
0.0313046
0.0160878
0.00763356
0.0033319
0.00133326
0.00048779
0.000162906
4.96371e-05
1.38093e-05
3.51402e-06
8.1998e-07
1.76001e-07
3.48638e-08
6.39558e-09
1.08996e-09
1.73565e-10
2.67442e-11
4.20874e-12
6.93717e-13
1.19926e-13
2.1756e-14
4.14299e-15
8.28259e-16
1.73838e-16
3.82992e-17
8.85612e-18
2.14872e-18
5.468e-19
1.45879e-19
4.07812e-20
1.1939e-20
3.65775e-21
1.17201e-21
3.92436e-22
1.37196e-22
5.00333e-23
1.9017e-23
7.52639e-24
3.0986e-24
1.3255e-24
5.88516e-25
2.70921e-25
1.29182e-25
6.36253e-26
3.27771e-26
1.5671e-26
3.42594
10.1416
16.1827
20.8396
23.6025
24.2907
23.0742
20.3981
16.8509
13.0294
9.42924
6.37984
4.02872
2.36896
1.29363
0.653983
0.305029
0.130802
0.0514023
0.0184645
0.00605327
0.00181014
0.000494076
0.0001233
2.8201e-05
5.92923e-06
1.14967e-06
2.06286e-07
3.43625e-08
5.34459e-09
8.0413e-10
1.23625e-10
1.99244e-11
3.3711e-12
5.99138e-13
1.1189e-13
2.19585e-14
4.52856e-15
9.81274e-16
2.23363e-16
5.33927e-17
1.33971e-17
3.52684e-18
9.73586e-19
2.81642e-19
8.53169e-20
2.70464e-20
8.96507e-21
3.10433e-21
1.1219e-21
4.2278e-22
1.65974e-22
6.78094e-23
2.87976e-23
1.26986e-23
5.808e-24
2.75245e-24
1.34788e-24
6.90404e-25
3.28561e-25
103.761
306.604
487.411
624.238
702.182
717.052
675.453
591.888
484.529
371.13
265.958
178.107
111.259
64.6811
34.9026
17.4292
8.02846
3.40017
1.32001
0.468614
0.151902
0.0449355
0.0121379
0.00299846
0.000678921
0.000141298
2.71132e-05
4.81262e-06
7.92669e-07
1.21831e-07
1.81053e-08
2.7492e-09
4.37714e-10
7.31796e-11
1.28557e-11
2.37395e-12
4.60862e-13
9.40586e-14
2.01783e-14
4.54937e-15
1.07759e-15
2.6804e-16
6.99796e-17
1.91661e-17
5.50307e-18
1.65522e-18
5.21202e-19
1.71665e-19
5.90849e-20
2.12318e-20
7.95815e-21
3.10838e-21
1.26389e-21
5.34344e-22
2.34629e-22
1.06887e-22
5.04646e-23
2.46272e-23
1.25695e-23
5.96826e-24
2257.21
6656.61
10539.1
13419
14987.2
15183.5
14183.3
12322.1
9999.15
7591.02
5390.43
3576.02
2212.14
1273.1
679.86
335.932
153.123
64.1908
24.6798
8.6832
2.79175
0.81978
0.219971
0.0540113
0.0121603
0.00251701
0.000480343
8.47796e-05
1.388e-05
2.11946e-06
3.12767e-07
4.71466e-08
7.45091e-09
1.23637e-09
2.15572e-10
3.95124e-11
7.6146e-12
1.54295e-12
3.28697e-13
7.36047e-14
1.73199e-14
4.28086e-15
1.11082e-15
3.02449e-16
8.63524e-17
2.58335e-17
8.09277e-18
2.65241e-18
9.08673e-19
3.2508e-19
1.21335e-19
4.72035e-20
1.91209e-20
8.05507e-21
3.52504e-21
1.60076e-21
7.53501e-22
3.66692e-22
1.86622e-22
8.84476e-23
37644.9
110770
174589
220892
244842
246007
227843
196240
157871
118811
83627
54980.7
33698.6
19211
10160.8
4972.46
2245.2
932.754
355.638
124.191
39.6692
11.5842
3.09403
0.756781
0.169829
0.0350503
0.00667058
0.00117404
0.000191628
2.916e-05
4.28605e-06
6.43272e-07
1.01191e-07
1.67093e-08
2.89874e-09
5.28582e-10
1.01337e-10
2.04278e-11
4.32937e-12
9.64558e-13
2.25841e-13
5.55487e-14
1.43459e-14
3.88813e-15
1.10518e-15
3.29217e-16
1.02709e-16
3.35302e-17
1.14435e-17
4.07918e-18
1.5173e-18
5.88351e-19
2.37585e-19
9.97915e-20
4.35482e-20
1.97233e-20
9.26075e-21
4.49622e-21
2.28279e-21
1.08017e-21
501083
1.47069e+06
2.30634e+06
2.89775e+06
3.18589e+06
3.17335e+06
2.91319e+06
2.48715e+06
1.9835e+06
1.47983e+06
1.03256e+06
672891
408740
230901
121008
58681
26262.6
10820
4094.2
1420.23
451.111
131.138
34.9023
8.51432
1.90695
0.392984
0.0746978
0.0131311
0.00214033
0.000325129
4.76829e-05
7.13755e-06
1.1194e-06
1.84228e-07
3.18456e-08
5.78514e-09
1.10479e-09
2.2182e-10
4.68233e-11
1.03901e-11
2.42305e-12
5.93636e-13
1.52719e-13
4.12345e-14
1.16775e-14
3.46612e-15
1.07762e-15
3.50623e-16
1.1928e-16
4.23876e-17
1.572e-17
6.0784e-18
2.44794e-18
1.02556e-18
4.46454e-19
2.01735e-19
9.45128e-20
4.5793e-20
2.3201e-20
1.09622e-20
5.47067e+06
1.60094e+07
2.49625e+07
3.11226e+07
3.39176e+07
3.34751e+07
3.04499e+07
2.57633e+07
2.03651e+07
1.50614e+07
1.04177e+07
6.72959e+06
4.05172e+06
2.26848e+06
1.17825e+06
566361
251330
102727
38593.4
13304.8
4204.43
1217.33
323.031
78.6418
17.5904
3.62221
0.688175
0.120926
0.0197007
0.00299022
0.000437983
6.54481e-05
1.02428e-05
1.68156e-06
2.89872e-07
5.25017e-08
9.99465e-09
2.00018e-09
4.20799e-10
9.30593e-11
2.16283e-11
5.2809e-12
1.35401e-12
3.6438e-13
1.02858e-13
3.04338e-14
9.43284e-15
3.06002e-15
1.03801e-15
3.67846e-16
1.36057e-16
5.24744e-17
2.10813e-17
8.81131e-18
3.82727e-18
1.72573e-18
8.06873e-19
3.90204e-19
1.97316e-19
9.30988e-20
4.99706e+07
1.45728e+08
2.25739e+08
2.79039e+08
3.01212e+08
2.94398e+08
2.65241e+08
2.22343e+08
1.74172e+08
1.27672e+08
8.75332e+07
5.60469e+07
3.34467e+07
1.85606e+07
9.5557e+06
4.55367e+06
2.00407e+06
812834
303262
103924
32680.2
9426.07
2494.43
606.155
135.437
27.8741
5.29464
0.930291
0.151533
0.0229901
0.00336451
0.000502106
7.84474e-05
1.28521e-05
2.21026e-06
3.99285e-07
7.58002e-08
1.51254e-08
3.17253e-09
6.99454e-10
1.62061e-10
3.94472e-11
1.0083e-11
2.70519e-12
7.6134e-13
2.24606e-13
6.94162e-14
2.24559e-14
7.59684e-15
2.68513e-15
9.90666e-16
3.81156e-16
1.52772e-16
6.37123e-17
2.76153e-17
1.24266e-17
5.79892e-18
2.79928e-18
1.41292e-18
6.65715e-19
3.87734e+08
1.12607e+09
1.73115e+09
2.11946e+09
2.26427e+09
2.19026e+09
1.9537e+09
1.62209e+09
1.25894e+09
9.14494e+08
6.21381e+08
3.94325e+08
2.33226e+08
1.28278e+08
6.54647e+07
3.09305e+07
1.35016e+07
5.43467e+06
2.01382e+06
686054
214690
61688.9
16279.3
3948.48
881.219
181.252
34.4191
6.04673
0.984753
0.149342
0.0218379
0.00325499
0.00050773
8.30191e-05
1.42453e-05
2.56705e-06
4.86037e-07
9.67154e-08
2.02276e-08
4.44651e-09
1.02718e-09
2.49279e-10
6.35285e-11
1.6994e-11
4.76887e-12
1.40288e-12
4.32364e-13
1.39489e-13
4.7065e-14
1.65929e-14
6.10682e-15
2.34402e-15
9.37374e-16
3.9007e-16
1.68718e-16
7.57701e-17
3.52909e-17
1.70051e-17
8.56776e-18
4.03093e-18
2.58699e+09
7.47544e+09
1.13915e+10
1.37974e+10
1.45749e+10
1.39443e+10
1.2309e+10
1.01189e+10
7.77899e+09
5.5984e+09
3.76929e+09
2.3703e+09
1.38931e+09
7.57326e+08
3.831e+08
1.79466e+08
7.7705e+07
3.10423e+07
1.14247e+07
3.86912e+06
1.20482e+06
344832
90728.8
21959.3
4893.91
1005.69
190.869
33.5176
5.45613
0.826914
0.120797
0.0179801
0.00279975
0.000456847
7.82086e-05
1.40579e-05
2.65452e-06
5.26735e-07
1.09845e-07
2.40755e-08
5.54508e-09
1.34169e-09
3.40914e-10
9.09271e-11
2.5442e-11
7.46307e-12
2.29371e-12
7.37989e-13
2.48349e-13
8.73325e-14
3.20625e-14
1.22775e-14
4.89854e-15
2.03396e-15
8.77902e-16
3.93467e-16
1.8291e-16
8.79757e-17
4.42445e-17
2.07843e-17
1.49946e+10
4.30597e+10
6.49436e+10
7.7716e+10
8.10964e+10
7.66882e+10
6.69612e+10
5.44854e+10
4.14773e+10
2.95669e+10
1.97208e+10
1.22866e+10
7.13562e+09
3.8546e+09
1.93268e+09
8.97659e+08
3.85522e+08
1.52853e+08
5.58728e+07
1.8809e+07
5.82732e+06
1.66094e+06
435591
105168
23395.7
4801.47
910.355
159.727
25.9787
3.93325
0.573809
0.0852652
0.0132505
0.00215723
0.000368376
6.60374e-05
1.24345e-05
2.46017e-06
5.1151e-07
1.11771e-07
2.56647e-08
6.19093e-09
1.5683e-09
4.1704e-10
1.16347e-10
3.403e-11
1.04293e-11
3.34633e-12
1.1231e-12
3.93916e-13
1.44256e-13
5.51055e-14
2.19352e-14
9.08753e-15
3.91398e-15
1.75061e-15
8.12202e-16
3.89926e-16
1.95738e-16
9.18023e-17
7.61758e+10
2.17045e+11
3.23411e+11
3.81811e+11
3.9317e+11
3.67244e+11
3.17045e+11
2.55257e+11
1.92363e+11
1.35786e+11
8.9699e+10
5.53559e+10
3.18487e+10
1.70469e+10
8.47114e+09
3.90086e+09
1.66174e+09
6.53886e+08
2.37379e+08
7.94261e+07
2.44788e+07
6.94657e+06
1.81527e+06
437027
97003.4
19872.3
3762.16
659.206
107.073
16.1876
2.35746
0.349592
0.0542026
0.00880187
0.00149893
0.000267932
5.02993e-05
9.92113e-06
2.05633e-06
4.47921e-07
1.02527e-07
2.46543e-08
6.22609e-09
1.65055e-09
4.59086e-10
1.33881e-10
4.09125e-11
1.30903e-11
4.3814e-12
1.53268e-12
5.59849e-13
2.13334e-13
8.47182e-14
3.50179e-14
1.50491e-14
6.71696e-15
3.11011e-15
1.49028e-15
7.46696e-16
3.49612e-16
3.41947e+11
9.64586e+11
1.41695e+12
1.64768e+12
1.67259e+12
1.54217e+12
1.31578e+12
1.04783e+12
7.81481e+11
5.46097e+11
3.5719e+11
2.18294e+11
1.24398e+11
6.59647e+10
3.24852e+10
1.48303e+10
6.26626e+09
2.44712e+09
8.82254e+08
2.93382e+08
8.99326e+07
2.54034e+07
6.61271e+06
1.58689e+06
351289
71803.6
13566.8
2372.84
384.721
58.0526
8.43643
1.24806
0.193
0.0312528
0.00530646
0.000945609
0.00017696
3.47918e-05
7.18786e-06
1.56061e-06
3.56058e-07
8.53452e-08
2.14843e-08
5.67772e-09
1.57436e-09
4.57746e-10
1.39473e-10
4.44984e-11
1.48527e-11
5.18177e-12
1.88788e-12
7.17592e-13
2.84282e-13
1.17235e-13
5.02707e-14
2.23899e-14
1.0346e-14
4.94791e-15
2.4744e-15
1.15651e-15
1.36663e+12
3.80537e+12
5.497e+12
6.2852e+12
6.28315e+12
5.71505e+12
4.81705e+12
3.7932e+12
2.79888e+12
1.93565e+12
1.25324e+12
7.58292e+11
4.27922e+11
2.24774e+11
1.09688e+11
4.96427e+10
2.0805e+10
8.06355e+09
2.88708e+09
9.54107e+08
2.90866e+08
8.17693e+07
2.11977e+07
5.06905e+06
1.11874e+06
228067
42989.3
7502.03
1213.67
182.723
26.4887
3.90815
0.602627
0.0972903
0.0164674
0.00292504
0.000545597
0.000106915
2.20151e-05
4.76406e-06
1.08337e-06
2.58835e-07
6.4949e-08
1.71103e-08
4.72988e-09
1.37107e-09
4.16533e-10
1.32515e-10
4.41083e-11
1.53471e-11
5.57693e-12
2.11452e-12
8.35673e-13
3.43825e-13
1.47105e-13
6.53789e-14
3.01486e-14
1.43904e-14
7.18278e-15
3.35107e-15
4.89855e+12
1.34106e+13
1.89945e+13
2.1317e+13
2.09653e+13
1.88023e+13
1.56505e+13
1.21825e+13
8.89075e+12
6.08333e+12
3.8977e+12
2.33435e+12
1.30428e+12
6.78543e+11
3.28096e+11
1.47205e+11
6.1193e+10
2.35393e+10
8.37032e+09
2.7491e+09
8.33471e+08
2.33172e+08
6.01907e+07
1.43403e+07
3.15461e+06
641234
120547
20983.7
3386.34
508.546
73.5253
10.8169
1.66295
0.267635
0.0451547
0.00799452
0.00148628
0.000290287
5.95761e-05
1.28499e-05
2.91263e-06
6.93642e-07
1.73505e-07
4.55669e-08
1.2558e-08
3.62947e-09
1.09945e-09
3.48796e-10
1.15783e-10
4.01793e-11
1.45633e-11
5.50816e-12
2.17169e-12
8.91469e-13
3.80576e-13
1.68785e-13
7.76756e-14
3.70043e-14
1.84353e-14
8.58509e-15
1.58627e+13
4.24706e+13
5.87905e+13
6.46459e+13
6.24962e+13
5.52377e+13
4.53917e+13
3.49178e+13
2.51971e+13
1.70526e+13
1.08094e+13
6.40642e+12
3.54341e+12
1.82563e+12
8.74648e+11
3.89041e+11
1.60429e+11
6.12578e+10
2.16364e+10
7.06314e+09
2.12983e+09
5.92988e+08
1.52426e+08
3.61795e+07
7.93246e+06
1.60759e+06
301378
52322.7
8422.06
1261.5
181.889
26.6819
4.08964
0.656152
0.110355
0.0194757
0.00360914
0.000702643
0.000143744
3.09057e-05
6.98328e-06
1.65793e-06
4.13446e-07
1.08258e-07
2.97485e-08
8.57329e-09
2.58984e-09
8.19394e-10
2.71284e-10
9.39023e-11
3.39519e-11
1.28107e-11
5.03925e-12
2.064e-12
8.7926e-13
3.89151e-13
1.78736e-13
8.49884e-14
4.22629e-14
1.96453e-14
4.67336e+13
1.21535e+14
1.63841e+14
1.76226e+14
1.67344e+14
1.45721e+14
1.18191e+14
8.98273e+13
6.40756e+13
4.28796e+13
2.6884e+13
1.57646e+13
8.63049e+12
4.40342e+12
2.09038e+12
9.2189e+11
3.77181e+11
1.42993e+11
5.01789e+10
1.62858e+10
4.8855e+09
1.354e+09
3.46636e+08
8.19816e+07
1.7917e+07
3.62048e+06
676905
117217
18820.2
2811.87
404.36
59.1527
9.04061
1.44624
0.242511
0.0426701
0.00788356
0.00153018
0.000312101
6.69043e-05
1.5073e-05
3.56819e-06
8.87291e-07
2.31683e-07
6.34907e-08
1.82486e-08
5.49822e-09
1.73515e-09
5.73048e-10
1.97878e-10
7.13792e-11
2.6872e-11
1.05473e-11
4.31088e-12
1.83268e-12
8.09534e-13
3.71112e-13
1.76143e-13
8.74371e-14
4.05705e-14
1.26136e+14
3.1591e+14
4.1324e+14
4.34138e+14
4.04745e+14
3.47163e+14
2.77869e+14
2.08604e+14
1.47054e+14
9.72842e+13
6.03151e+13
3.49882e+13
1.89582e+13
9.57921e+12
4.50648e+12
1.97096e+12
8.00321e+11
3.01347e+11
1.05107e+11
3.39292e+10
1.01298e+10
2.7957e+09
7.13083e+08
1.68099e+08
3.66307e+07
7.38232e+06
1.37685e+06
237863
38103.8
5679.87
814.83
118.899
18.1246
2.8917
0.483581
0.0848548
0.0156346
0.00302638
0.000615597
0.000131609
2.95716e-05
6.98205e-06
1.73171e-06
4.51024e-07
1.2329e-07
3.53497e-08
1.06252e-08
3.34527e-09
1.10228e-09
3.7978e-10
1.36698e-10
5.1354e-11
2.01153e-11
8.2052e-12
3.48157e-12
1.53502e-12
7.02431e-13
3.32822e-13
1.64934e-13
7.63942e-14
3.13972e+14
7.49651e+14
9.48124e+14
9.71816e+14
8.89281e+14
7.51281e+14
5.93339e+14
4.39904e+14
3.06394e+14
2.00333e+14
1.22802e+14
7.04654e+13
3.77909e+13
1.89132e+13
8.81984e+12
3.82694e+12
1.54295e+12
5.77332e+11
2.00259e+11
6.43346e+10
1.91275e+10
5.25979e+09
1.33735e+09
3.14387e+08
6.83403e+07
1.37422e+07
2.5577e+06
440996
70507.2
10489.5
1501.73
218.656
33.2564
5.29366
0.883186
0.154607
0.0284188
0.00548789
0.00111364
0.000237525
5.32452e-05
1.25424e-05
3.10367e-06
8.06519e-07
2.19975e-07
6.29325e-08
1.8875e-08
5.93006e-09
1.94992e-09
6.70455e-10
2.40843e-10
9.03024e-11
3.53042e-11
1.43742e-11
6.08819e-12
2.67958e-12
1.2241e-12
5.79044e-13
2.86492e-13
1.3247e-13
7.24956e+14
1.63151e+15
1.98872e+15
1.98742e+15
1.78505e+15
1.48541e+15
1.15746e+15
8.47337e+14
5.82977e+14
3.76666e+14
2.28264e+14
1.29567e+14
6.87887e+13
3.41097e+13
1.57746e+13
6.7943e+12
2.72174e+12
1.01276e+12
3.49628e+11
1.11868e+11
3.3146e+10
9.08833e+09
2.3051e+09
5.40736e+08
1.17324e+08
2.35525e+07
4.37679e+06
753511
120294
17869.3
2554.12
371.236
56.3599
8.9542
1.49101
0.260495
0.047787
0.00920956
0.00186512
0.000397006
8.88172e-05
2.08799e-05
5.15657e-06
1.33734e-06
3.6404e-07
1.03946e-07
3.11159e-08
9.75732e-09
3.20238e-09
1.09906e-09
3.94089e-10
1.47496e-10
5.7563e-11
2.33966e-11
9.89288e-12
4.34694e-12
1.98259e-12
9.36366e-13
4.62573e-13
2.13525e-13
1.56015e+15
3.27054e+15
3.83246e+15
3.73352e+15
3.29233e+15
2.69892e+15
2.07484e+15
1.49952e+15
1.01893e+15
6.50475e+14
3.89717e+14
2.18866e+14
1.15072e+14
5.65646e+13
2.59601e+13
1.11081e+13
4.42519e+12
1.63902e+12
5.63689e+11
1.79803e+11
5.31426e+10
1.45419e+10
3.68223e+09
8.6261e+08
1.86944e+08
3.74897e+07
6.96004e+06
1.19711e+06
190929
28332.7
4045.06
587.186
89.0218
14.1227
2.34808
0.409596
0.0750196
0.0144345
0.00291849
0.000620199
0.000138518
3.25095e-05
8.01517e-06
2.0752e-06
5.63941e-07
1.60752e-07
4.80392e-08
1.50387e-08
4.92742e-09
1.68826e-09
6.04351e-10
2.25818e-10
8.79852e-11
3.5704e-11
1.50728e-11
6.61259e-12
3.01126e-12
1.42005e-12
7.00471e-13
3.22796e-13
3.14009e+15
6.06291e+15
6.81907e+15
6.47825e+15
5.61136e+15
4.53233e+15
3.43735e+15
2.45211e+15
1.64538e+15
1.03785e+15
6.1486e+14
3.41786e+14
1.78069e+14
8.68428e+13
3.95912e+13
1.6848e+13
6.68224e+12
2.46645e+12
8.46016e+11
2.69327e+11
7.94871e+10
2.17282e+10
5.49784e+09
1.28724e+09
2.78854e+08
5.59016e+07
1.03747e+07
1.78375e+06
284367
42176
6017.41
872.774
132.195
20.9503
3.47943
0.606245
0.110903
0.0213124
0.00430363
0.000913353
0.00020372
4.77469e-05
1.17556e-05
3.03932e-06
8.24756e-07
2.34755e-07
7.00509e-08
2.18967e-08
7.16368e-09
2.45075e-09
8.75964e-10
3.26808e-10
1.2714e-10
5.1514e-11
2.17141e-11
9.51187e-12
4.32508e-12
2.0366e-12
1.00314e-12
4.61487e-13
5.92355e+15
1.04338e+16
1.12588e+16
1.044e+16
8.88786e+15
7.07437e+15
5.29242e+15
3.72607e+15
2.46886e+15
1.53895e+15
9.01947e+14
4.96618e+14
2.56637e+14
1.24319e+14
5.63721e+13
2.38898e+13
9.44629e+12
3.47926e+12
1.19178e+12
3.79103e+11
1.11847e+11
3.05728e+10
7.73703e+09
1.81201e+09
3.92656e+08
7.87382e+07
1.46164e+07
2.51341e+06
400710
59426.7
8476.61
1228.95
186.044
29.4655
4.89012
0.851371
0.155614
0.0298778
0.00602756
0.00127796
0.000284752
6.66672e-05
1.63956e-05
4.23409e-06
1.1476e-06
3.26246e-07
9.72287e-08
3.03525e-08
9.91683e-09
3.38801e-09
1.20929e-09
4.50532e-10
1.75023e-10
7.08135e-11
2.98061e-11
1.30376e-11
5.91964e-12
2.78341e-12
1.36901e-12
6.28722e-13
1.04854e+16
1.6733e+16
1.73378e+16
1.5712e+16
1.31546e+16
1.0319e+16
7.61389e+15
5.28982e+15
3.46146e+15
2.13328e+15
1.23787e+15
6.75884e+14
3.46918e+14
1.67178e+14
7.5518e+13
3.19212e+13
1.26025e+13
4.63844e+12
1.58873e+12
5.05571e+11
1.49266e+11
4.08381e+10
1.03452e+10
2.42527e+09
5.2605e+08
1.05579e+08
1.96135e+07
3.37477e+06
538286
79854.5
11391.9
1651.54
249.971
39.5784
6.56595
1.14261
0.208739
0.0400544
0.00807549
0.00171099
0.000380955
8.91199e-05
2.18989e-05
5.65019e-06
1.52996e-06
4.34507e-07
1.29356e-07
4.03372e-08
1.31638e-08
4.49192e-09
1.60132e-09
5.95824e-10
2.31163e-10
9.34018e-11
3.926e-11
1.71491e-11
7.7755e-12
3.65087e-12
1.79314e-12
8.22066e-13
1.74227e+16
2.51025e+16
2.50264e+16
2.21979e+16
1.82864e+16
1.41364e+16
1.02856e+16
7.05207e+15
4.55933e+15
2.78063e+15
1.59962e+15
8.67511e+14
4.43064e+14
2.12789e+14
9.59271e+13
4.05115e+13
1.59937e+13
5.89053e+12
2.01992e+12
6.43735e+11
1.90374e+11
5.21755e+10
1.32399e+10
3.10899e+09
6.75368e+08
1.35729e+08
2.52442e+07
4.34789e+06
694062
103028
14704.3
2132.27
322.765
51.1036
8.47711
1.47493
0.269385
0.0516764
0.0104149
0.00220574
0.000490883
0.000114776
2.81866e-05
7.26779e-06
1.96657e-06
5.58073e-07
1.66003e-07
5.17184e-08
1.68618e-08
5.74793e-09
2.04687e-09
7.60748e-10
2.94801e-10
1.1897e-10
4.99441e-11
2.17877e-11
9.86555e-12
4.62596e-12
2.26897e-12
1.03839e-12
2.71725e+16
3.53594e+16
3.40231e+16
2.95807e+16
2.39833e+16
1.82672e+16
1.3105e+16
8.87024e+15
5.6717e+15
3.42835e+15
1.95907e+15
1.05754e+15
5.38584e+14
2.5831e+14
1.16427e+14
4.92045e+13
1.94531e+13
7.17825e+12
2.46696e+12
7.8809e+11
2.33637e+11
6.41872e+10
1.63255e+10
3.84172e+09
8.36156e+08
1.68331e+08
3.13546e+07
5.40713e+06
864069
128375
18334
2659.86
402.761
63.7834
10.5819
1.84127
0.336296
0.0645091
0.013
0.00275282
0.000612512
0.000143177
3.51503e-05
9.05994e-06
2.45042e-06
6.95025e-07
2.06621e-07
6.43314e-08
2.0959e-08
7.13898e-09
2.54007e-09
9.43184e-10
3.6514e-10
1.47202e-10
6.17286e-11
2.68977e-11
1.21649e-11
5.69707e-12
2.79084e-12
1.27506e-12
3.97743e+16
4.69504e+16
4.37619e+16
3.7339e+16
2.97919e+16
2.23497e+16
1.58124e+16
1.05769e+16
6.70088e+15
4.02404e+15
2.29e+15
1.23355e+15
6.27858e+14
3.01309e+14
1.36011e+14
5.76047e+13
2.28337e+13
8.45023e+12
2.91303e+12
9.33496e+11
2.77592e+11
7.64865e+10
1.9507e+10
4.60188e+09
1.00386e+09
2.02492e+08
3.77826e+07
6.52523e+06
1.04404e+06
155274
22193.8
3221.89
488.108
77.3301
12.8335
2.23365
0.408051
0.0782872
0.0157788
0.0033416
0.000743564
0.000173815
4.26706e-05
1.09974e-05
2.97401e-06
8.43362e-07
2.50653e-07
7.80142e-08
2.54064e-08
8.6497e-09
3.07589e-09
1.14143e-09
4.4158e-10
1.77882e-10
7.45316e-11
3.24473e-11
1.46606e-11
6.85887e-12
3.35643e-12
1.53113e-12
5.46393e+16
5.8994e+16
5.34668e+16
4.47927e+16
3.51507e+16
2.59692e+16
1.81384e+16
1.2017e+16
7.5659e+15
4.52826e+15
2.57392e+15
1.38703e+15
7.07034e+14
3.4008e+14
1.5395e+14
6.54156e+13
2.60215e+13
9.66544e+12
3.34434e+12
1.07563e+12
3.2098e+11
8.8733e+10
2.26992e+10
5.3697e+09
1.17423e+09
2.37369e+08
4.43731e+07
7.67567e+06
1.22977e+06
183104
26196.1
3805.72
576.912
91.447
15.1833
2.64374
0.483159
0.0927319
0.0186968
0.00396091
0.000881654
0.000206156
5.06239e-05
1.30502e-05
3.52985e-06
1.00113e-06
2.97572e-07
9.2621e-08
3.01626e-08
1.0268e-08
3.65079e-09
1.35445e-09
5.23831e-10
2.10935e-10
8.83402e-11
3.84385e-11
1.73571e-11
8.11494e-12
3.96824e-12
1.80804e-12
7.04559e+16
7.0406e+16
6.2229e+16
5.11586e+16
3.94566e+16
2.87347e+16
1.98697e+16
1.309e+16
8.22381e+15
4.92295e+15
2.80277e+15
1.5141e+15
7.74171e+14
3.73679e+14
1.6981e+14
7.24489e+13
2.89407e+13
1.07953e+13
3.75087e+12
1.21123e+12
3.62819e+11
1.00653e+11
2.58317e+10
6.12849e+09
1.34362e+09
2.72222e+08
5.09878e+07
8.83455e+06
1.41745e+06
211298
30259.3
4399.55
667.386
105.852
17.5848
3.06353
0.560171
0.10757
0.0217001
0.0045997
0.00102441
0.000239673
5.88879e-05
1.51891e-05
4.11066e-06
1.16648e-06
3.46894e-07
1.08023e-07
3.51935e-08
1.19852e-08
4.26269e-09
1.58188e-09
6.11909e-10
2.46433e-10
1.03213e-10
4.49091e-11
2.02771e-11
9.47849e-12
4.63401e-12
2.10999e-12
8.54181e+16
8.00122e+16
6.90277e+16
5.55894e+16
4.21646e+16
3.03882e+16
2.09222e+16
1.37823e+16
8.67753e+15
5.21083e+15
2.97713e+15
1.61438e+15
8.28794e+14
4.01772e+14
1.83404e+14
7.86134e+13
3.15503e+13
1.18231e+13
4.1263e+12
1.33811e+12
4.02413e+11
1.12045e+11
2.88507e+10
6.86504e+09
1.50905e+09
3.0644e+08
5.75103e+07
9.98147e+06
1.60375e+06
239357
34311.7
4992.85
757.924
120.289
19.9952
3.48553
0.637725
0.122541
0.0247369
0.00524716
0.0011695
0.000273838
6.73387e-05
1.7384e-05
4.7089e-06
1.33747e-06
3.9811e-07
1.24086e-07
4.04636e-08
1.37922e-08
4.90964e-09
1.82348e-09
7.05921e-10
2.84505e-10
1.1924e-10
5.19152e-11
2.34536e-11
1.09687e-11
5.36493e-12
2.44317e-12
9.17876e+16
8.65663e+16
7.26278e+16
5.72883e+16
4.30197e+16
3.09727e+16
2.14054e+16
1.41737e+16
8.96857e+15
5.41014e+15
3.10461e+15
1.69112e+15
8.72333e+14
4.24992e+14
1.95e+14
8.40151e+13
3.38896e+13
1.27622e+13
4.47493e+12
1.45756e+12
4.40128e+11
1.23004e+11
3.17797e+10
7.58484e+09
1.67172e+09
3.4026e+08
6.39852e+07
1.11242e+07
1.78992e+06
267465
38379.4
5589.36
849.078
134.842
22.428
3.91201
0.716211
0.137716
0.0278209
0.00590608
0.00131752
0.00030879
7.60114e-05
1.96444e-05
5.32732e-06
1.51495e-06
4.51506e-07
1.40912e-07
4.60111e-08
1.57042e-08
5.59778e-09
2.08187e-09
8.0703e-10
3.25683e-10
1.36675e-10
5.95811e-11
2.69497e-11
1.26186e-11
6.1788e-12
2.81715e-12
9.12961e+16
8.49623e+16
7.04141e+16
5.57372e+16
4.23355e+16
3.08524e+16
2.15255e+16
1.4349e+16
9.12609e+15
5.53114e+15
3.18971e+15
1.74672e+15
9.06075e+14
4.43974e+14
2.04884e+14
8.87737e+13
3.60054e+13
1.363e+13
4.80286e+12
1.57159e+12
4.76578e+11
1.33708e+11
3.46658e+10
8.29941e+09
1.83423e+09
3.74227e+08
7.05172e+07
1.22812e+07
1.979e+06
296084
42529
6198.82
942.321
149.743
24.9211
4.34939
0.796766
0.153304
0.0309919
0.00658439
0.0014701
0.00034488
8.49838e-05
2.19881e-05
5.97018e-06
1.69997e-06
5.07346e-07
1.58567e-07
5.18535e-08
1.77256e-08
6.32829e-09
2.35734e-09
9.15297e-10
3.69978e-10
1.55517e-10
6.79045e-11
3.07637e-11
1.44271e-11
7.07524e-12
3.23162e-12
8.92017e+16
8.243e+16
6.85565e+16
5.47434e+16
4.18819e+16
3.06493e+16
2.14399e+16
1.43331e+16
9.15277e+15
5.57621e+15
3.23497e+15
1.78277e+15
9.30724e+14
4.58954e+14
2.13113e+14
9.28942e+13
3.78938e+13
1.44233e+13
5.10854e+12
1.67959e+12
5.11565e+11
1.44096e+11
3.74929e+10
9.00483e+09
1.99571e+09
4.08165e+08
7.70735e+07
1.34469e+07
2.1701e+06
325081
46742
6818.54
1037.25
164.926
27.463
4.79556
0.878973
0.169219
0.0342305
0.00727751
0.00162612
0.000381811
9.41746e-05
2.43918e-05
6.63048e-06
1.89034e-06
5.64915e-07
1.76811e-07
5.79056e-08
1.98253e-08
7.08936e-09
2.64523e-09
1.02882e-09
4.16584e-10
1.75412e-10
7.67257e-11
3.4821e-11
1.63583e-11
8.03615e-12
3.67796e-12
8.77524e+16
8.04697e+16
6.65474e+16
5.30186e+16
4.05615e+16
2.97563e+16
2.09174e+16
1.40767e+16
9.05586e+15
5.55861e+15
3.24817e+15
1.8025e+15
9.47354e+14
4.70211e+14
2.19731e+14
9.63703e+13
3.95447e+13
1.51363e+13
5.38931e+12
1.78055e+12
5.44738e+11
1.54061e+11
4.02311e+10
9.69357e+09
2.15442e+09
4.41708e+08
8.35838e+07
1.4609e+07
2.3612e+06
354154
50974.6
7442.14
1132.88
180.236
30.0277
5.24593
0.961978
0.18529
0.0375016
0.00797769
0.00178375
0.000419136
0.000103467
2.68237e-05
7.29904e-06
2.08329e-06
6.23336e-07
1.95351e-07
6.40669e-08
2.1967e-08
7.86731e-09
2.94019e-09
1.14543e-09
4.64583e-10
1.9596e-10
8.58629e-11
3.90363e-11
1.83709e-11
9.04075e-12
4.14637e-12
8.65679e+16
7.87272e+16
6.45561e+16
5.12525e+16
3.92328e+16
2.88784e+16
2.03986e+16
1.38016e+16
8.92829e+15
5.51153e+15
3.23973e+15
1.80893e+15
9.568e+14
4.77977e+14
2.248e+14
9.92138e+13
4.09574e+13
1.57666e+13
5.64368e+12
1.87377e+12
5.7583e+11
1.63514e+11
4.28547e+10
1.03589e+10
2.30878e+09
4.74514e+08
8.99807e+07
1.57552e+07
2.55031e+06
382999
55182.8
8063.16
1228.23
195.516
32.5891
5.69593
1.04493
0.201355
0.0407713
0.00867754
0.00194131
0.000456442
0.000112756
2.9255e-05
7.96766e-06
2.27636e-06
6.81833e-07
2.13933e-07
7.02487e-08
2.41187e-08
8.65011e-09
3.23752e-09
1.2632e-09
5.13163e-10
2.16804e-10
9.51537e-11
4.33333e-11
2.04278e-11
1.00702e-11
4.62796e-12
8.56357e+16
7.72784e+16
6.27895e+16
4.9592e+16
3.78926e+16
2.79104e+16
1.97636e+16
1.34235e+16
8.72666e+15
5.41831e+15
3.20525e+15
1.80167e+15
9.59465e+14
4.82557e+14
2.28457e+14
1.01471e+14
4.21435e+13
1.63159e+13
5.87128e+12
1.95886e+12
6.04657e+11
1.72389e+11
4.53422e+10
1.09949e+10
2.45733e+09
5.06262e+08
9.62002e+07
1.6874e+07
2.73547e+06
411316
59323
8675.16
1322.33
210.609
35.121
6.14094
1.127
0.217248
0.0440061
0.00936984
0.00209714
0.000493333
0.00012194
3.16586e-05
8.62868e-06
2.46725e-06
7.39691e-07
2.3232e-07
7.63701e-08
2.62513e-08
9.42677e-09
3.53289e-09
1.38036e-09
5.61573e-10
2.37612e-10
1.04447e-10
4.76403e-11
2.2494e-11
1.11067e-11
5.11424e-12
8.48477e+16
7.60372e+16
6.12213e+16
4.80602e+16
3.66091e+16
2.69527e+16
1.91175e+16
1.30278e+16
8.50776e+15
5.3106e+15
3.15996e+15
1.78721e+15
9.57808e+14
4.84804e+14
2.30971e+14
1.03219e+14
4.31223e+13
1.67878e+13
6.07247e+12
2.03566e+12
6.31098e+11
1.80632e+11
4.76763e+10
1.15965e+10
2.59881e+09
5.36667e+08
1.02184e+08
1.79544e+07
2.91485e+06
438820
63352.6
9271.83
1414.19
225.359
37.5972
6.57641
1.20733
0.232808
0.0471731
0.0100476
0.00224965
0.000529429
0.000130923
3.40091e-05
9.27495e-06
2.65387e-06
7.96252e-07
2.50298e-07
8.23571e-08
2.83381e-08
1.01873e-08
3.82238e-09
1.49532e-09
6.09132e-10
2.58084e-10
1.13605e-10
5.18919e-11
2.45374e-11
1.21338e-11
5.59738e-12
8.41718e+16
7.49702e+16
5.98499e+16
4.66893e+16
3.54303e+16
2.60478e+16
1.84873e+16
1.26274e+16
8.27593e+15
5.18954e+15
3.10427e+15
1.76585e+15
9.52104e+14
4.84896e+14
2.32437e+14
1.04497e+14
4.39071e+13
1.7186e+13
6.2479e+12
2.10418e+12
6.5509e+11
1.88209e+11
4.98438e+10
1.21598e+10
2.73215e+09
5.65477e+08
1.07879e+08
1.89865e+07
3.08673e+06
465241
67231.6
9847.17
1502.88
239.615
39.9926
6.99794
1.28511
0.247879
0.0502408
0.010704
0.00239733
0.00056437
0.000139616
3.62826e-05
9.89984e-06
2.83425e-06
8.50908e-07
2.67668e-07
8.81418e-08
3.03547e-08
1.09225e-08
4.10239e-09
1.6066e-09
6.5521e-10
2.7794e-10
1.22498e-10
5.60269e-11
2.6528e-11
1.3136e-11
6.06986e-12
8.36079e+16
7.4067e+16
5.86697e+16
4.54874e+16
3.43746e+16
2.52185e+16
1.78953e+16
1.2241e+16
8.04547e+15
5.06479e+15
3.04396e+15
1.74069e+15
9.43823e+14
4.83465e+14
2.33096e+14
1.0539e+14
4.45245e+13
1.75178e+13
6.39918e+12
2.16467e+12
6.7663e+11
1.95099e+11
5.18347e+10
1.26814e+10
2.85639e+09
5.92461e+08
1.13236e+08
1.99608e+07
3.24945e+06
490316
70920.3
10395.2
1587.47
253.228
42.2818
7.40102
1.35953
0.262302
0.0531767
0.0113321
0.00253864
0.000597794
0.000147928
3.84556e-05
1.04968e-05
3.00648e-06
9.03073e-07
2.84241e-07
9.36596e-08
3.22781e-08
1.16238e-08
4.36954e-09
1.71281e-09
6.99218e-10
2.96919e-10
1.31007e-10
5.99878e-11
2.84372e-11
1.40987e-11
6.52464e-12
8.31289e+16
7.32955e+16
5.7654e+16
4.44407e+16
3.34414e+16
2.44725e+16
1.73523e+16
1.1879e+16
7.82431e+15
4.9416e+15
2.98214e+15
1.71342e+15
9.33816e+14
4.80904e+14
2.33118e+14
1.05962e+14
4.49966e+13
1.77898e+13
6.52803e+12
2.21747e+12
6.9576e+11
2.01297e+11
5.36431e+10
1.31587e+10
2.97082e+09
6.17439e+08
1.18214e+08
2.08693e+07
3.40161e+06
513817
74384
10910.6
1667.14
266.061
44.4417
7.78162
1.42984
0.275932
0.0559519
0.0119259
0.0026722
0.000629374
0.000155779
4.05068e-05
1.106e-05
3.16888e-06
9.52234e-07
2.99851e-07
9.88546e-08
3.40884e-08
1.22837e-08
4.62093e-09
1.81276e-09
7.40648e-10
3.14796e-10
1.39028e-10
6.37247e-11
3.02404e-11
1.50091e-11
6.95549e-12
8.27217e+16
7.26374e+16
5.6784e+16
4.35374e+16
3.26274e+16
2.38131e+16
1.68651e+16
1.15485e+16
7.61846e+15
4.82434e+15
2.92163e+15
1.68567e+15
9.22937e+14
4.7762e+14
2.32676e+14
1.06282e+14
4.53471e+13
1.80093e+13
6.63645e+12
2.26303e+12
7.12552e+11
2.06806e+11
5.52657e+10
1.35902e+10
3.07484e+09
6.40253e+08
1.22779e+08
2.17049e+07
3.54191e+06
535533
77590.4
11388.4
1741.08
277.985
46.4504
8.13583
1.49531
0.288629
0.0585377
0.0124793
0.00279665
0.000658796
0.00016309
4.24164e-05
1.1584e-05
3.31988e-06
9.97912e-07
3.14346e-07
1.03675e-07
3.57674e-08
1.28955e-08
4.8539e-09
1.90539e-09
7.79041e-10
3.31367e-10
1.46466e-10
6.71921e-11
3.1915e-11
1.58553e-11
7.35661e-12
8.23768e+16
7.20785e+16
5.60438e+16
4.27652e+16
3.19261e+16
2.32394e+16
1.64359e+16
1.12534e+16
7.43174e+15
4.71603e+15
2.8645e+15
1.65869e+15
9.11873e+14
4.73952e+14
2.31924e+14
1.0641e+14
4.55985e+13
1.81837e+13
6.72648e+12
2.30185e+12
7.27101e+11
2.11637e+11
5.67012e+10
1.39746e+10
3.16802e+09
6.60777e+08
1.269e+08
2.24614e+07
3.66924e+06
555279
80510.6
11824.1
1808.59
288.882
48.2878
8.46007
1.55527
0.300264
0.0609081
0.0129866
0.00291075
0.000685768
0.000169791
4.41657e-05
1.20637e-05
3.45805e-06
1.03968e-06
3.2759e-07
1.08077e-07
3.72992e-08
1.34533e-08
5.06621e-09
1.98977e-09
8.14007e-10
3.46458e-10
1.53241e-10
7.03517e-11
3.34417e-11
1.66275e-11
7.72311e-12
8.20871e+16
7.16081e+16
5.54203e+16
4.21128e+16
3.13304e+16
2.27483e+16
1.60651e+16
1.09955e+16
7.26651e+15
4.61877e+15
2.8123e+15
1.63348e+15
9.01187e+14
4.70189e+14
2.30993e+14
1.06403e+14
4.57716e+13
1.83199e+13
6.80017e+12
2.33444e+12
7.39514e+11
2.15805e+11
5.79504e+10
1.43112e+10
3.25003e+09
6.78912e+08
1.30553e+08
2.31337e+07
3.78263e+06
572896
83119.5
12213.9
1869.04
298.65
49.9358
8.7511
1.60912
0.310719
0.0630389
0.0134428
0.00301336
0.000710023
0.000175815
4.5738e-05
1.24947e-05
3.5821e-06
1.07715e-06
3.39462e-07
1.12019e-07
3.86701e-08
1.39521e-08
5.25593e-09
2.06512e-09
8.45219e-10
3.59925e-10
1.59286e-10
7.31714e-11
3.48047e-11
1.73171e-11
8.05083e-12
8.18468e+16
7.12176e+16
5.49031e+16
4.15706e+16
3.08335e+16
2.23363e+16
1.57518e+16
1.07757e+16
7.1242e+15
4.534e+15
2.76615e+15
1.61079e+15
8.91336e+14
4.66572e+14
2.29999e+14
1.06309e+14
4.58848e+13
1.84241e+13
6.8594e+12
2.36128e+12
7.49898e+11
2.19328e+11
5.90143e+10
1.45996e+10
3.32059e+09
6.94572e+08
1.33716e+08
2.37172e+07
3.88123e+06
588236
85394.3
12554.1
1921.86
307.189
51.3778
9.00591
1.6563
0.319884
0.0649075
0.013843
0.0031034
0.000731308
0.000181102
4.71173e-05
1.28727e-05
3.69082e-06
1.10997e-06
3.49852e-07
1.15466e-07
3.98677e-08
1.43874e-08
5.42136e-09
2.13077e-09
8.72397e-10
3.71646e-10
1.64546e-10
7.56243e-11
3.59905e-11
1.79174e-11
8.33634e-12
8.16533e+16
7.09017e+16
5.44842e+16
4.11308e+16
3.04293e+16
2.19996e+16
1.54942e+16
1.05938e+16
7.00544e+15
4.46259e+15
2.72684e+15
1.5912e+15
8.82666e+14
4.63292e+14
2.29035e+14
1.0617e+14
4.59543e+13
1.85021e+13
6.90593e+12
2.38287e+12
7.58363e+11
2.22227e+11
5.98955e+10
1.48397e+10
3.37957e+09
7.07699e+08
1.36375e+08
2.42085e+07
3.96437e+06
601189
87317.1
12841.9
1966.57
314.425
52.6003
9.22208
1.69635
0.327667
0.0664953
0.0141831
0.00317996
0.000749412
0.000185598
4.82905e-05
1.31941e-05
3.78323e-06
1.13785e-06
3.58671e-07
1.18389e-07
4.08823e-08
1.47559e-08
5.56124e-09
2.18623e-09
8.95336e-10
3.81531e-10
1.6898e-10
7.76915e-11
3.69898e-11
1.84233e-11
8.57719e-12
8.15007e+16
7.06535e+16
5.41558e+16
4.0786e+16
3.01119e+16
2.17346e+16
1.52907e+16
1.04492e+16
6.91049e+15
4.40506e+15
2.6949e+15
1.57512e+15
8.75447e+14
4.60501e+14
2.28177e+14
1.06018e+14
4.59937e+13
1.85585e+13
6.94126e+12
2.3996e+12
7.65005e+11
2.2452e+11
6.05965e+10
1.50314e+10
3.42683e+09
7.18247e+08
1.38515e+08
2.46047e+07
4.03151e+06
611659
88872.5
13075
2002.79
320.289
53.5918
9.39748
1.72887
0.33399
0.0677858
0.0144598
0.00324225
0.000764145
0.000189259
4.92455e-05
1.34557e-05
3.85842e-06
1.16052e-06
3.65839e-07
1.20764e-07
4.17055e-08
1.50545e-08
5.6745e-09
2.23109e-09
9.13871e-10
3.89512e-10
1.72557e-10
7.93587e-11
3.77956e-11
1.88313e-11
8.77161e-12
8.13889e+16
7.04708e+16
5.39139e+16
4.05319e+16
2.98777e+16
2.15385e+16
1.51396e+16
1.03415e+16
6.83939e+15
4.36175e+15
2.6707e+15
1.56283e+15
8.69874e+14
4.58313e+14
2.27484e+14
1.05881e+14
4.60138e+13
1.85974e+13
6.96664e+12
2.41183e+12
7.69909e+11
2.26224e+11
6.11198e+10
1.51751e+10
3.46232e+09
7.26184e+08
1.40128e+08
2.49037e+07
4.08222e+06
619574
90049
13251.3
2030.21
324.731
54.343
9.53047
1.75353
0.33879
0.068766
0.01467
0.00328962
0.000775355
0.000192045
4.99727e-05
1.36549e-05
3.91568e-06
1.17778e-06
3.71292e-07
1.22568e-07
4.23308e-08
1.52811e-08
5.76034e-09
2.26505e-09
9.27888e-10
3.95542e-10
1.75258e-10
8.06169e-11
3.84037e-11
1.91393e-11
8.91856e-12
8.13149e+16
7.03503e+16
5.37544e+16
4.03644e+16
2.97232e+16
2.14091e+16
1.50396e+16
1.027e+16
6.79207e+15
4.33282e+15
2.65445e+15
1.55454e+15
8.66087e+14
4.5681e+14
2.26999e+14
1.05779e+14
4.60227e+13
1.86217e+13
6.98302e+12
2.41984e+12
7.7314e+11
2.27352e+11
6.14674e+10
1.52707e+10
3.486e+09
7.31487e+08
1.41206e+08
2.51038e+07
4.11618e+06
624877
90837.5
13369.5
2048.6
327.711
54.8473
9.61978
1.77011
0.342017
0.0694258
0.0148117
0.00332156
0.000782922
0.000193927
5.04643e-05
1.37896e-05
3.95441e-06
1.18946e-06
3.7498e-07
1.23788e-07
4.27531e-08
1.5434e-08
5.81818e-09
2.28791e-09
9.37313e-10
3.99593e-10
1.77072e-10
8.14616e-11
3.88121e-11
1.93463e-11
9.01761e-12
8.12783e+16
7.02904e+16
5.36753e+16
4.02813e+16
2.96465e+16
2.13447e+16
1.49898e+16
1.02344e+16
6.76843e+15
4.31833e+15
2.64629e+15
1.55036e+15
8.64172e+14
4.56046e+14
2.26749e+14
1.05725e+14
4.60258e+13
1.86333e+13
6.99105e+12
2.42379e+12
7.74745e+11
2.27914e+11
6.16409e+10
1.53185e+10
3.49785e+09
7.34142e+08
1.41747e+08
2.52041e+07
4.13319e+06
627535
91232.7
13428.8
2057.82
329.205
55.1002
9.66463
1.77844
0.343643
0.0697586
0.0148833
0.00333775
0.000786765
0.000194885
5.0715e-05
1.38585e-05
3.97422e-06
1.19543e-06
3.76868e-07
1.24412e-07
4.2969e-08
1.55121e-08
5.84768e-09
2.29956e-09
9.4211e-10
4.01655e-10
1.77995e-10
8.18923e-11
3.90209e-11
1.94526e-11
9.06893e-12
8.12783e+16
7.02904e+16
5.36753e+16
4.02813e+16
2.96465e+16
2.13447e+16
1.49898e+16
1.02344e+16
6.76843e+15
4.31833e+15
2.64629e+15
1.55036e+15
8.64172e+14
4.56046e+14
2.26749e+14
1.05725e+14
4.60258e+13
1.86333e+13
6.99105e+12
2.42379e+12
7.74745e+11
2.27914e+11
6.16409e+10
1.53185e+10
3.49785e+09
7.34141e+08
1.41746e+08
2.5204e+07
4.13316e+06
627529
91231.5
13428.6
2057.79
329.202
55.0997
9.66462
1.77845
0.34365
0.0697612
0.0148841
0.003338
0.00078684
0.000194908
5.07218e-05
1.38605e-05
3.97487e-06
1.19564e-06
3.76935e-07
1.24435e-07
4.29767e-08
1.55148e-08
5.84871e-09
2.29996e-09
9.42278e-10
4.0173e-10
1.78032e-10
8.19116e-11
3.90318e-11
1.94591e-11
9.07309e-12
8.1315e+16
7.03503e+16
5.37545e+16
4.03644e+16
2.97232e+16
2.14091e+16
1.50396e+16
1.027e+16
6.79207e+15
4.33281e+15
2.65445e+15
1.55454e+15
8.66087e+14
4.5681e+14
2.26999e+14
1.05779e+14
4.60227e+13
1.86217e+13
6.98302e+12
2.41984e+12
7.73141e+11
2.27353e+11
6.14674e+10
1.52707e+10
3.48599e+09
7.31484e+08
1.41205e+08
2.51035e+07
4.11608e+06
624860
90834.2
13369
2048.52
327.701
54.8461
9.61979
1.77016
0.342041
0.0694336
0.0148142
0.00332231
0.000783145
0.000193994
5.04844e-05
1.37958e-05
3.95633e-06
1.19007e-06
3.7518e-07
1.23855e-07
4.27764e-08
1.54424e-08
5.82134e-09
2.28917e-09
9.37848e-10
3.99837e-10
1.77192e-10
8.15253e-11
3.8848e-11
1.93679e-11
9.03111e-12
8.13887e+16
7.04707e+16
5.39138e+16
4.05318e+16
2.98776e+16
2.15385e+16
1.51395e+16
1.03415e+16
6.83938e+15
4.36175e+15
2.67069e+15
1.56283e+15
8.69874e+14
4.58312e+14
2.27484e+14
1.05881e+14
4.60138e+13
1.85974e+13
6.96664e+12
2.41184e+12
7.6991e+11
2.26225e+11
6.11198e+10
1.51751e+10
3.4623e+09
7.26178e+08
1.40125e+08
2.49031e+07
4.08206e+06
619548
90043.9
13250.6
2030.1
324.718
54.3418
9.53063
1.75364
0.338833
0.0687797
0.0146742
0.00329085
0.000775719
0.000192153
5.00051e-05
1.36648e-05
3.91878e-06
1.17877e-06
3.71619e-07
1.2268e-07
4.23701e-08
1.52956e-08
5.76593e-09
2.26735e-09
9.2889e-10
3.96011e-10
1.75493e-10
8.07421e-11
3.84743e-11
1.91813e-11
8.94431e-12
8.15009e+16
7.06536e+16
5.41558e+16
4.07861e+16
3.0112e+16
2.17346e+16
1.52907e+16
1.04492e+16
6.91049e+15
4.40507e+15
2.6949e+15
1.57512e+15
8.75447e+14
4.60501e+14
2.28177e+14
1.06018e+14
4.59938e+13
1.85585e+13
6.94126e+12
2.3996e+12
7.65005e+11
2.2452e+11
6.05963e+10
1.50314e+10
3.42679e+09
7.18236e+08
1.38511e+08
2.46039e+07
4.0313e+06
611627
88866.4
13074.2
2002.67
320.279
53.5916
9.39799
1.72907
0.334058
0.0678061
0.0144657
0.00324396
0.00076464
0.000189404
4.92889e-05
1.34689e-05
3.86258e-06
1.16186e-06
3.66287e-07
1.20919e-07
4.17618e-08
1.50759e-08
5.68304e-09
2.23472e-09
9.15507e-10
3.90297e-10
1.72956e-10
7.9573e-11
3.79162e-11
1.89026e-11
8.81428e-12
8.16534e+16
7.09018e+16
5.44842e+16
4.11308e+16
3.04293e+16
2.19997e+16
1.54942e+16
1.05938e+16
7.00545e+15
4.46259e+15
2.72684e+15
1.5912e+15
8.82667e+14
4.63292e+14
2.29035e+14
1.0617e+14
4.59544e+13
1.85021e+13
6.90593e+12
2.38287e+12
7.58362e+11
2.22227e+11
5.98951e+10
1.48395e+10
3.3795e+09
7.07683e+08
1.36369e+08
2.42075e+07
3.96413e+06
601154
87310.9
12841.3
1966.48
314.425
52.6025
9.22316
1.69668
0.327766
0.066523
0.0141909
0.00318213
0.000750029
0.000185777
4.83436e-05
1.32103e-05
3.78834e-06
1.13952e-06
3.5924e-07
1.18592e-07
4.09578e-08
1.47855e-08
5.57355e-09
2.19164e-09
8.97843e-10
3.82759e-10
1.69612e-10
7.80324e-11
3.7181e-11
1.85354e-11
8.6429e-12
8.18475e+16
7.12181e+16
5.49034e+16
4.15708e+16
3.08337e+16
2.23364e+16
1.57518e+16
1.07757e+16
7.12422e+15
4.53401e+15
2.76616e+15
1.6108e+15
8.91337e+14
4.66573e+14
2.29999e+14
1.06309e+14
4.58848e+13
1.84241e+13
6.8594e+12
2.36128e+12
7.49896e+11
2.19327e+11
5.90135e+10
1.45994e+10
3.3205e+09
6.9455e+08
1.3371e+08
2.37161e+07
3.88097e+06
588205
85389.2
12553.8
1921.84
307.207
51.3836
9.00778
1.6568
0.32002
0.0649434
0.0138526
0.00310603
0.000732041
0.000181311
4.71793e-05
1.28917e-05
3.69687e-06
1.11198e-06
3.50553e-07
1.15723e-07
3.99666e-08
1.44276e-08
5.43858e-09
2.13855e-09
8.76084e-10
3.73477e-10
1.65496e-10
7.61371e-11
3.6277e-11
1.80842e-11
8.43228e-12
8.20865e+16
7.16076e+16
5.54201e+16
4.21127e+16
3.13304e+16
2.27482e+16
1.60651e+16
1.09955e+16
7.26652e+15
4.61878e+15
2.8123e+15
1.63348e+15
9.01189e+14
4.7019e+14
2.30993e+14
1.06403e+14
4.57716e+13
1.83199e+13
6.80016e+12
2.33443e+12
7.39509e+11
2.15803e+11
5.79492e+10
1.43109e+10
3.2499e+09
6.78885e+08
1.30546e+08
2.31326e+07
3.78239e+06
572874
83116.8
12214.2
1869.15
298.691
49.9464
8.75395
1.60982
0.310897
0.0630837
0.0134544
0.00301645
0.000710869
0.000176055
4.58089e-05
1.25166e-05
3.58918e-06
1.07956e-06
3.40322e-07
1.12343e-07
3.8799e-08
1.4006e-08
5.2796e-09
2.07602e-09
8.50462e-10
3.62551e-10
1.60652e-10
7.39075e-11
3.5214e-11
1.75538e-11
8.18483e-12
8.23783e+16
7.20797e+16
5.60446e+16
4.27657e+16
3.19264e+16
2.32395e+16
1.6436e+16
1.12534e+16
7.43178e+15
4.71605e+15
2.86451e+15
1.65869e+15
9.11875e+14
4.73953e+14
2.31924e+14
1.0641e+14
4.55985e+13
1.81837e+13
6.72646e+12
2.30183e+12
7.27092e+11
2.11633e+11
5.66996e+10
1.39742e+10
3.16787e+09
6.60747e+08
1.26893e+08
2.24604e+07
3.66906e+06
555275
80511.6
11825.2
1808.84
288.954
48.304
8.46405
1.55619
0.300487
0.0609624
0.0130003
0.00291432
0.000686736
0.000170065
4.42471e-05
1.20892e-05
3.46643e-06
1.04259e-06
3.28659e-07
1.08491e-07
3.74676e-08
1.35252e-08
5.09832e-09
2.00472e-09
8.21248e-10
3.50095e-10
1.55132e-10
7.13672e-11
3.40033e-11
1.69499e-11
7.90319e-12
8.27202e+16
7.26362e+16
5.67833e+16
4.3537e+16
3.26271e+16
2.3813e+16
1.6865e+16
1.15485e+16
7.61846e+15
4.82434e+15
2.92164e+15
1.68567e+15
9.22939e+14
4.77621e+14
2.32677e+14
1.06282e+14
4.53471e+13
1.80093e+13
6.6364e+12
2.26301e+12
7.12538e+11
2.06801e+11
5.52636e+10
1.35897e+10
3.07467e+09
6.40223e+08
1.22772e+08
2.17043e+07
3.54185e+06
535556
77596.6
11390.4
1741.51
278.091
46.473
8.14103
1.49646
0.288899
0.058602
0.0124952
0.00280076
0.000659908
0.000163406
4.25114e-05
1.16142e-05
3.33004e-06
1.00152e-06
3.157e-07
1.04209e-07
3.59882e-08
1.29909e-08
4.89683e-09
1.92547e-09
7.88779e-10
3.36252e-10
1.48997e-10
6.85447e-11
3.26583e-11
1.62793e-11
7.59054e-12
8.3129e+16
7.32956e+16
5.7654e+16
4.44407e+16
3.34413e+16
2.44724e+16
1.73522e+16
1.18789e+16
7.82426e+15
4.94157e+15
2.98213e+15
1.71342e+15
9.33814e+14
4.80904e+14
2.33118e+14
1.05962e+14
4.49964e+13
1.77896e+13
6.52795e+12
2.21743e+12
6.95742e+11
2.01291e+11
5.36408e+10
1.31582e+10
2.97065e+09
6.17414e+08
1.1821e+08
2.08694e+07
3.40171e+06
513874
74396.6
10913.8
1667.78
266.203
44.471
7.78806
1.43124
0.276251
0.0560268
0.0119444
0.00267695
0.000630669
0.000156152
4.06207e-05
1.10968e-05
3.18151e-06
9.56802e-07
3.01589e-07
9.95477e-08
3.43772e-08
1.2409e-08
4.67742e-09
1.83917e-09
7.53418e-10
3.21176e-10
1.42316e-10
6.54711e-11
3.11939e-11
1.55492e-11
7.25025e-12
8.36124e+16
7.40707e+16
5.86723e+16
4.54892e+16
3.43758e+16
2.52192e+16
1.78957e+16
1.22412e+16
8.04555e+15
5.06481e+15
3.04396e+15
1.74069e+15
9.43819e+14
4.83462e+14
2.33095e+14
1.05389e+14
4.45241e+13
1.75176e+13
6.39906e+12
2.16462e+12
6.76608e+11
1.95092e+11
5.18322e+10
1.26808e+10
2.85625e+09
5.92449e+08
1.13235e+08
1.99619e+07
3.24977e+06
490416
70940.4
10399.6
1588.33
253.409
42.3178
7.40872
1.36118
0.262673
0.0532635
0.0113536
0.00254422
0.000599332
0.000148379
3.85955e-05
1.05428e-05
3.02249e-06
9.08927e-07
2.86485e-07
9.45583e-08
3.2653e-08
1.17863e-08
4.44259e-09
1.7468e-09
7.1557e-10
3.05039e-10
1.35165e-10
6.21811e-11
2.96264e-11
1.47678e-11
6.88608e-12
8.41672e+16
7.49664e+16
5.98475e+16
4.66881e+16
3.54298e+16
2.60479e+16
1.84876e+16
1.26278e+16
8.2762e+15
5.18971e+15
3.10436e+15
1.7659e+15
9.5212e+14
4.84901e+14
2.32438e+14
1.04497e+14
4.39068e+13
1.71858e+13
6.24776e+12
2.10412e+12
6.55065e+11
1.88201e+11
4.98415e+10
1.21594e+10
2.73207e+09
5.65484e+08
1.07883e+08
1.89889e+07
3.08732e+06
465391
67260
9852.99
1503.96
239.834
40.0355
7.00691
1.28702
0.248308
0.0503415
0.0107291
0.00240397
0.000566234
0.000140172
3.64579e-05
9.95825e-06
2.85472e-06
8.58432e-07
2.70557e-07
8.92975e-08
3.08353e-08
1.11298e-08
4.19504e-09
1.64943e-09
6.75671e-10
2.88027e-10
1.27626e-10
5.87125e-11
2.79737e-11
1.3944e-11
6.50214e-12
8.48372e+16
7.60281e+16
6.12142e+16
4.80548e+16
3.66051e+16
2.69499e+16
1.91157e+16
1.30268e+16
8.50724e+15
5.31036e+15
3.15987e+15
1.78718e+15
9.578e+14
4.84801e+14
2.3097e+14
1.03218e+14
4.31218e+13
1.67875e+13
6.07231e+12
2.03559e+12
6.31073e+11
1.80625e+11
4.76745e+10
1.15964e+10
2.59883e+09
5.36702e+08
1.02196e+08
1.79584e+07
2.91575e+06
439024
63389.7
9279.04
1415.5
225.616
37.647
6.58673
1.20952
0.233304
0.0472912
0.0100775
0.0022577
0.000531726
0.000131618
3.42307e-05
9.34933e-06
2.68003e-06
8.05864e-07
2.53979e-07
8.38229e-08
2.8944e-08
1.04469e-08
3.93753e-09
1.54815e-09
6.34171e-10
2.70332e-10
1.19784e-10
5.51045e-11
2.62546e-11
1.3087e-11
6.10272e-12
8.5645e+16
7.7286e+16
6.27943e+16
4.95948e+16
3.78943e+16
2.79116e+16
1.97645e+16
1.34241e+16
8.72698e+15
5.41845e+15
3.2053e+15
1.80169e+15
9.59468e+14
4.82556e+14
2.28456e+14
1.0147e+14
4.21428e+13
1.63155e+13
5.87111e+12
1.95879e+12
6.04635e+11
1.72384e+11
4.53415e+10
1.09951e+10
2.45747e+09
5.06333e+08
9.62207e+07
1.68798e+07
2.73672e+06
411578
59369
8683.76
1323.86
210.905
35.1781
6.15276
1.12953
0.217828
0.0441466
0.00940604
0.00210703
0.000496195
0.000122814
3.19389e-05
8.72294e-06
2.50037e-06
7.51816e-07
2.36938e-07
7.81968e-08
2.70007e-08
9.74531e-09
3.67304e-09
1.44414e-09
5.91554e-10
2.52163e-10
1.11732e-10
5.13999e-11
2.44894e-11
1.2207e-11
5.69253e-12
8.65691e+16
7.87279e+16
6.4554e+16
5.12474e+16
3.92263e+16
2.88724e+16
2.03944e+16
1.37993e+16
8.92719e+15
5.5111e+15
3.23959e+15
1.80888e+15
9.56788e+14
4.77972e+14
2.24797e+14
9.92123e+13
4.09566e+13
1.57662e+13
5.6435e+12
1.87371e+12
5.75815e+11
1.63513e+11
4.28554e+10
1.03596e+10
2.30908e+09
4.74626e+08
9.00108e+07
1.5763e+07
2.55191e+06
383317
55237.8
8073.13
1230
195.853
32.6544
5.70953
1.04789
0.202043
0.0409407
0.00872185
0.00195357
0.000460018
0.000113852
2.9607e-05
8.08576e-06
2.31766e-06
6.96864e-07
2.19617e-07
7.24794e-08
2.50263e-08
9.03264e-09
3.40441e-09
1.33851e-09
5.48286e-10
2.33718e-10
1.03559e-10
4.76397e-11
2.26978e-11
1.13138e-11
5.27619e-12
8.78057e+16
8.05191e+16
6.65899e+16
5.3051e+16
4.05819e+16
2.97661e+16
2.09207e+16
1.4077e+16
9.05538e+15
5.55816e+15
3.24791e+15
1.80239e+15
9.47308e+14
4.70193e+14
2.19724e+14
9.63675e+13
3.95435e+13
1.51358e+13
5.38914e+12
1.78051e+12
5.44733e+11
1.54064e+11
4.02338e+10
9.69496e+09
2.15491e+09
4.41867e+08
8.36243e+07
1.46188e+07
2.36316e+06
354529
51038.4
7453.5
1134.89
180.619
30.1027
5.26173
0.965471
0.186116
0.0377079
0.00803223
0.00179895
0.000423583
0.00010483
2.726e-05
7.44464e-06
2.13387e-06
6.41599e-07
2.022e-07
6.67316e-08
2.30418e-08
8.31646e-09
3.13451e-09
1.23241e-09
5.04829e-10
2.15195e-10
9.53521e-11
4.38648e-11
2.08994e-11
1.04174e-11
4.85831e-12
8.91582e+16
8.23936e+16
6.85382e+16
5.47417e+16
4.18892e+16
3.06579e+16
2.14458e+16
1.43359e+16
9.15368e+15
5.57632e+15
3.23487e+15
1.78267e+15
9.30668e+14
4.58928e+14
2.13102e+14
9.28898e+13
3.78921e+13
1.44228e+13
5.10839e+12
1.67957e+12
5.11575e+11
1.44106e+11
3.7498e+10
9.00698e+09
1.99641e+09
4.08374e+08
7.71247e+07
1.34587e+07
2.17241e+06
325512
46814.6
6831.36
1039.52
165.363
27.5498
4.8141
0.88314
0.170216
0.0344822
0.00734447
0.00164482
0.000387276
9.58427e-05
2.49227e-05
6.80635e-06
1.95093e-06
5.86604e-07
1.84872e-07
6.10141e-08
2.10681e-08
7.60428e-09
2.86616e-09
1.12693e-09
4.61633e-10
1.96787e-10
8.71976e-11
4.01144e-11
1.91129e-11
9.52703e-12
4.44329e-12
9.12923e+16
8.49542e+16
7.04011e+16
5.57274e+16
4.23329e+16
3.08549e+16
2.15295e+16
1.4352e+16
9.12771e+15
5.53177e+15
3.18987e+15
1.74672e+15
9.06044e+14
4.43951e+14
2.04872e+14
8.87686e+13
3.60036e+13
1.36294e+13
4.80275e+12
1.5716e+12
4.76606e+11
1.33726e+11
3.46737e+10
8.30238e+09
1.83515e+09
3.74486e+08
7.05789e+07
1.22949e+07
1.98165e+06
296569
42610.7
6213.24
944.913
150.245
25.0225
4.37132
0.801759
0.154509
0.0312972
0.00666568
0.00149275
0.000351468
8.6982e-05
2.26191e-05
6.17744e-06
1.77073e-06
5.32444e-07
1.6781e-07
5.53858e-08
1.91255e-08
6.90341e-09
2.6021e-09
1.02315e-09
4.19137e-10
1.78679e-10
7.91767e-11
3.64257e-11
1.73561e-11
8.65155e-12
4.03525e-12
9.17872e+16
8.65651e+16
7.26221e+16
5.72806e+16
4.30144e+16
3.09714e+16
2.14067e+16
1.41757e+16
8.9701e+15
5.41098e+15
3.10495e+15
1.69122e+15
8.72344e+14
4.24984e+14
1.94992e+14
8.40111e+13
3.38881e+13
1.27618e+13
4.47493e+12
1.45763e+12
4.4018e+11
1.23032e+11
3.17907e+10
7.58871e+09
1.67287e+09
3.40569e+08
6.40571e+07
1.11398e+07
1.7929e+06
268006
38470.8
5605.56
852.033
135.421
22.5468
3.93794
0.722159
0.139154
0.0281852
0.00600271
0.00134428
0.000316518
7.83356e-05
2.03718e-05
5.56405e-06
1.59502e-06
4.79647e-07
1.51182e-07
4.99014e-08
1.7233e-08
6.22074e-09
2.34494e-09
9.22089e-10
3.7776e-10
1.61048e-10
7.13678e-11
3.28348e-11
1.56458e-11
7.79932e-12
3.63804e-12
8.54178e+16
8.00119e+16
6.9025e+16
5.55843e+16
4.21596e+16
3.03854e+16
2.09218e+16
1.37831e+16
8.67858e+15
5.21158e+15
2.97752e+15
1.61454e+15
8.28841e+14
4.0178e+14
1.83403e+14
7.86119e+13
3.15497e+13
1.18231e+13
4.12646e+12
1.33825e+12
4.02495e+11
1.12083e+11
2.88649e+10
6.8698e+09
1.51042e+09
3.06796e+08
5.75917e+07
9.99879e+06
1.60704e+06
239952
34413.2
5010.95
761.274
120.952
20.1326
3.51567
0.644652
0.124212
0.0251582
0.00535811
0.00119997
0.000282556
6.99353e-05
1.81888e-05
4.96832e-06
1.4244e-06
4.28387e-07
1.35041e-07
4.45788e-08
1.53966e-08
5.55846e-09
2.09551e-09
8.24085e-10
3.37639e-10
1.43955e-10
6.3798e-11
2.93541e-11
1.39881e-11
6.97332e-12
3.25304e-12
7.04556e+16
7.0406e+16
6.22276e+16
5.11553e+16
3.94527e+16
2.87317e+16
1.98683e+16
1.30899e+16
8.22429e+15
4.92345e+15
2.8031e+15
1.51427e+15
7.7424e+14
3.73701e+14
1.69816e+14
7.24505e+13
2.89413e+13
1.07958e+13
3.75123e+12
1.21145e+12
3.6293e+11
1.00701e+11
2.58489e+10
6.13402e+09
1.34516e+09
2.72616e+08
5.10768e+07
8.85329e+06
1.42101e+06
211942
30370.1
4419.42
671.102
106.591
17.7386
3.09725
0.567899
0.109423
0.0221638
0.0047207
0.00105732
0.000248992
6.16355e-05
1.60323e-05
4.37986e-06
1.25587e-06
3.77758e-07
1.19099e-07
3.93224e-08
1.35833e-08
4.90457e-09
1.84927e-09
7.27354e-10
2.98048e-10
1.27091e-10
5.63309e-11
2.59212e-11
1.23534e-11
6.1589e-12
2.87346e-12
5.4639e+16
5.8994e+16
5.34661e+16
4.47907e+16
3.51479e+16
2.59667e+16
1.81368e+16
1.20164e+16
7.56591e+15
4.5285e+15
2.57414e+15
1.38717e+15
7.07105e+14
3.40111e+14
1.53962e+14
6.54199e+13
2.60233e+13
9.66638e+12
3.34487e+12
1.07591e+12
3.21113e+11
8.87875e+10
2.27184e+10
5.37574e+09
1.1759e+09
2.37787e+08
4.44673e+07
7.69542e+06
1.23355e+06
183789
26314.8
3827.09
580.925
92.2444
15.3489
2.67984
0.491376
0.0946856
0.0191811
0.00408602
0.000915326
0.000215594
5.33786e-05
1.38873e-05
3.79464e-06
1.08829e-06
3.27415e-07
1.03248e-07
3.40955e-08
1.178e-08
4.25429e-09
1.60439e-09
6.31159e-10
2.58678e-10
1.10323e-10
4.89071e-11
2.25087e-11
1.07288e-11
5.34964e-12
2.49633e-12
3.97741e+16
4.69504e+16
4.37615e+16
3.73378e+16
2.979e+16
2.23477e+16
1.58109e+16
1.05761e+16
6.70063e+15
4.02407e+15
2.29011e+15
1.23365e+15
6.27919e+14
3.01341e+14
1.36025e+14
5.76104e+13
2.28361e+13
8.45142e+12
2.91366e+12
9.33816e+11
2.77738e+11
7.65446e+10
1.95272e+10
4.60813e+09
1.00557e+09
2.0292e+08
3.78792e+07
6.54554e+06
1.04796e+06
155988
22318.6
3244.36
492.324
78.1629
13.0052
2.27072
0.416405
0.0802526
0.0162608
0.00346479
0.000776375
0.000182919
4.53023e-05
1.17897e-05
3.22243e-06
9.24449e-07
2.78203e-07
8.77529e-08
2.89863e-08
1.00173e-08
3.6186e-09
1.36498e-09
5.37101e-10
2.20179e-10
9.39244e-11
4.16463e-11
1.9171e-11
9.13968e-12
4.55812e-12
2.12748e-12
2.71724e+16
3.53594e+16
3.40229e+16
2.958e+16
2.39821e+16
1.82658e+16
1.31039e+16
8.86948e+15
5.67135e+15
3.42826e+15
1.9591e+15
1.0576e+15
5.38629e+14
2.58336e+14
1.16439e+14
4.921e+13
1.94555e+13
7.17944e+12
2.46759e+12
7.88412e+11
2.33783e+11
6.4245e+10
1.63455e+10
3.84788e+09
8.37843e+08
1.68752e+08
3.14504e+07
5.42742e+06
868026
129102
18461.6
2682.83
407.056
64.6248
10.7536
1.87792
0.344454
0.0664044
0.0134593
0.00286889
0.000643099
0.00015158
3.75565e-05
9.77804e-06
2.67373e-06
7.67356e-07
2.31021e-07
7.28987e-08
2.40886e-08
8.3277e-09
3.00925e-09
1.13549e-09
4.46931e-10
1.83267e-10
7.81995e-11
3.46828e-11
1.59694e-11
7.61517e-12
3.79867e-12
1.7735e-12
1.74225e+16
2.51025e+16
2.50263e+16
2.21976e+16
1.82857e+16
1.41355e+16
1.02848e+16
7.05145e+15
4.55898e+15
2.7805e+15
1.5996e+15
8.67539e+14
4.43093e+14
2.12807e+14
9.59362e+13
4.05155e+13
1.59956e+13
5.89152e+12
2.02048e+12
6.44034e+11
1.90512e+11
5.22306e+10
1.3259e+10
3.11486e+09
6.76981e+08
1.36133e+08
2.53367e+07
4.36757e+06
697935
103742
14830.2
2154.9
326.981
51.9227
8.6426
1.50982
0.277053
0.0534351
0.0108358
0.00231086
0.000518281
0.000122226
3.03003e-05
7.89323e-06
2.15954e-06
6.20128e-07
1.86798e-07
5.89753e-08
1.94978e-08
6.74389e-09
2.43807e-09
9.2037e-10
3.62411e-10
1.48666e-10
6.34589e-11
2.81547e-11
1.29678e-11
6.18568e-12
3.08644e-12
1.44146e-12
1.04853e+16
1.67329e+16
1.73377e+16
1.57118e+16
1.31542e+16
1.03185e+16
7.61331e+15
5.28936e+15
3.46118e+15
2.13315e+15
1.23784e+15
6.75892e+14
3.46933e+14
1.67189e+14
7.55234e+13
3.19236e+13
1.26038e+13
4.63924e+12
1.58923e+12
5.05846e+11
1.49394e+11
4.08896e+10
1.03631e+10
2.43077e+09
5.27563e+08
1.05958e+08
1.97007e+07
3.39337e+06
541959
80532
11511.5
1672.95
253.939
40.3434
6.71909
1.17454
0.215676
0.0416266
0.00844727
0.00180278
0.000404618
9.54897e-05
2.36891e-05
6.17539e-06
1.69074e-06
4.85846e-07
1.46449e-07
4.62677e-08
1.53066e-08
5.29763e-09
1.9164e-09
7.23866e-10
2.85195e-10
1.17054e-10
4.99904e-11
2.21897e-11
1.02249e-11
4.87936e-12
2.43556e-12
1.13797e-12
5.92351e+15
1.04338e+16
1.12588e+16
1.04399e+16
8.88762e+15
7.07402e+15
5.29205e+15
3.72576e+15
2.46865e+15
1.53885e+15
9.01909e+14
4.96614e+14
2.56642e+14
1.24324e+14
5.63747e+13
2.38913e+13
9.44732e+12
3.48001e+12
1.19227e+12
3.79371e+11
1.11971e+11
3.06219e+10
7.75395e+09
1.81718e+09
3.9407e+08
7.90914e+07
1.46973e+07
2.53062e+06
404096
60047.9
8585.63
1248.35
189.615
30.1483
5.02565
0.879367
0.161637
0.0312286
0.00634372
0.00135522
0.000304472
7.19253e-05
1.78602e-05
4.66019e-06
1.27705e-06
3.67291e-07
1.10808e-07
3.50366e-08
1.16004e-08
4.01808e-09
1.45463e-09
5.49854e-10
2.16791e-10
8.90395e-11
3.8051e-11
1.69006e-11
7.79236e-12
3.72062e-12
1.85814e-12
8.6868e-13
3.14007e+15
6.06289e+15
6.81905e+15
6.47819e+15
5.61123e+15
4.53214e+15
3.43713e+15
2.45191e+15
1.64524e+15
1.03777e+15
6.14825e+14
3.41776e+14
1.78068e+14
8.6844e+13
3.95927e+13
1.68493e+13
6.68336e+12
2.46728e+12
8.46536e+11
2.69599e+11
7.96091e+10
2.17754e+10
5.51385e+09
1.29208e+09
2.80171e+08
5.62281e+07
1.0449e+07
1.79941e+06
287418
42729.2
6113.47
889.672
135.275
21.5333
3.59407
0.62971
0.115906
0.0224245
0.00456162
0.000975851
0.000219537
5.19296e-05
1.29114e-05
3.37307e-06
9.2543e-07
2.66465e-07
8.04774e-08
2.54731e-08
8.44251e-09
2.9271e-09
1.06066e-09
4.01291e-10
1.58353e-10
6.50921e-11
2.78393e-11
1.23744e-11
5.70964e-12
2.72808e-12
1.36335e-12
6.37824e-13
1.56014e+15
3.27053e+15
3.83244e+15
3.73349e+15
3.29226e+15
2.69881e+15
2.07472e+15
1.49941e+15
1.01884e+15
6.50421e+14
3.89689e+14
2.18855e+14
1.15069e+14
5.65652e+13
2.59617e+13
1.11098e+13
4.42659e+12
1.63997e+12
5.6424e+11
1.80077e+11
5.32598e+10
1.4586e+10
3.69697e+09
8.67016e+08
1.88134e+08
3.77829e+07
7.02629e+06
1.21092e+06
193589
28808.4
4126.53
601.321
91.5653
14.5985
2.44065
0.428358
0.0789836
0.0153083
0.00311961
0.000668554
0.000150668
3.57002e-05
8.89102e-06
2.3265e-06
6.39283e-07
1.84347e-07
5.57552e-08
1.76719e-08
5.86453e-09
2.03579e-09
7.38552e-10
2.79736e-10
1.10504e-10
4.54691e-11
1.94654e-11
8.66023e-12
3.99938e-12
1.91251e-12
9.56527e-13
4.47877e-13
7.24951e+14
1.63151e+15
1.98871e+15
1.9874e+15
1.78502e+15
1.48536e+15
1.1574e+15
8.47274e+14
5.82926e+14
3.76631e+14
2.28245e+14
1.29559e+14
6.8787e+13
3.41109e+13
1.57768e+13
6.79644e+12
2.72334e+12
1.01376e+12
3.50171e+11
1.12123e+11
3.32521e+10
9.12736e+09
2.31793e+09
5.44537e+08
1.18345e+08
2.38026e+07
4.43293e+06
765114
122505
18259.7
2620.08
382.52
58.3634
9.32424
1.56218
0.274769
0.0507745
0.00986259
0.00201427
0.000432614
9.77062e-05
2.32003e-05
5.78994e-06
1.5181e-06
4.17966e-07
1.20754e-07
3.65879e-08
1.16168e-08
3.86149e-09
1.34257e-09
4.87793e-10
1.8502e-10
7.31863e-11
3.01524e-11
1.29238e-11
5.75639e-12
2.66122e-12
1.27389e-12
6.37738e-13
2.98912e-13
3.1397e+14
7.49647e+14
9.48119e+14
9.71808e+14
8.89266e+14
7.51257e+14
5.93308e+14
4.39871e+14
3.06365e+14
2.00313e+14
1.2279e+14
7.04608e+13
3.77907e+13
1.89152e+13
8.82238e+12
3.82914e+12
1.54449e+12
5.78245e+11
2.00733e+11
6.45506e+10
1.9215e+10
5.29149e+09
1.34767e+09
3.17429e+08
6.91544e+07
1.39411e+07
2.60218e+06
450132
72234.3
10791.4
1552.17
227.178
34.7513
5.56649
0.935074
0.164906
0.030554
0.00595063
0.00121852
0.00026239
5.94134e-05
1.41434e-05
3.53844e-06
9.30017e-07
2.56658e-07
7.43202e-08
2.25685e-08
7.18085e-09
2.39184e-09
8.3323e-10
3.033e-10
1.15246e-10
4.56638e-11
1.88434e-11
8.08885e-12
3.60801e-12
1.67026e-12
8.00549e-13
4.01254e-13
1.88303e-13
1.26135e+14
3.15908e+14
4.13237e+14
4.34135e+14
4.04738e+14
3.47153e+14
2.77855e+14
2.08588e+14
1.4704e+14
9.72733e+13
6.03091e+13
3.49863e+13
1.8959e+13
9.58133e+12
4.50876e+12
1.9728e+12
8.01552e+11
3.02057e+11
1.05466e+11
3.409e+10
1.01942e+10
2.81886e+09
7.20603e+08
1.70312e+08
3.72235e+07
7.52713e+06
1.4092e+06
244489
39350.3
5896.28
850.701
124.906
19.1683
3.08034
0.519117
0.091844
0.0170712
0.00333524
0.000685085
0.000147975
3.36072e-05
8.02383e-06
2.01323e-06
5.30637e-07
1.46843e-07
4.26351e-08
1.29804e-08
4.14048e-09
1.38247e-09
4.82726e-10
1.76108e-10
6.70599e-11
2.66253e-11
1.10085e-11
4.73435e-12
2.11546e-12
9.80945e-13
4.70904e-13
2.3638e-13
1.11099e-13
4.67332e+13
1.21534e+14
1.6384e+14
1.76224e+14
1.67342e+14
1.45716e+14
1.18184e+14
8.98198e+13
6.40687e+13
4.28744e+13
2.68813e+13
1.57641e+13
8.63157e+12
4.40512e+12
2.09205e+12
9.23171e+11
3.78015e+11
1.43464e+11
5.04143e+10
1.63905e+10
4.92729e+09
1.36904e+09
3.5153e+08
8.34274e+07
1.83055e+07
3.71562e+06
698188
121574
19638.5
2953.42
427.712
63.041
9.71192
1.56675
0.265055
0.0470734
0.00878254
0.00172221
0.000355041
7.69599e-05
1.75395e-05
4.20188e-06
1.05778e-06
2.79705e-07
7.76464e-08
2.26131e-08
6.90503e-09
2.20888e-09
7.39572e-10
2.58931e-10
9.47064e-11
3.61523e-11
1.43879e-11
5.96234e-12
2.56974e-12
1.15062e-12
5.34599e-13
2.57115e-13
1.29294e-13
6.08793e-14
1.58625e+13
4.24703e+13
5.87901e+13
6.46453e+13
6.24953e+13
5.52361e+13
4.53893e+13
3.49148e+13
2.51942e+13
1.70505e+13
1.08084e+13
6.40656e+12
3.54425e+12
1.82672e+12
8.75652e+11
3.89792e+11
1.60909e+11
6.15268e+10
2.17702e+10
7.12267e+09
2.15367e+09
6.01615e+08
1.55253e+08
3.70199e+07
8.15954e+06
1.66346e+06
313914
54893.4
8904.84
1344.92
195.621
28.9616
4.48182
0.726268
0.123415
0.0220151
0.00412524
0.000812389
0.000168177
3.66035e-05
8.37536e-06
2.01424e-06
5.08978e-07
1.35081e-07
3.76321e-08
1.09975e-08
3.36935e-09
1.08131e-09
3.6317e-10
1.27531e-10
4.67806e-11
1.79072e-11
7.14575e-12
2.96877e-12
1.28266e-12
5.75667e-13
2.68063e-13
1.29199e-13
6.51025e-14
3.0718e-14
4.89851e+12
1.34104e+13
1.89944e+13
2.13168e+13
2.0965e+13
1.88018e+13
1.56496e+13
1.21814e+13
8.88967e+12
6.08259e+12
3.89745e+12
2.33457e+12
1.30478e+12
6.79123e+11
3.28606e+11
1.47578e+11
6.14297e+10
2.36716e+10
8.4363e+09
2.77865e+09
8.45413e+08
2.37535e+08
6.16338e+07
1.4773e+07
3.27241e+06
670382
127115
22334.1
3640.32
552.446
80.7497
12.0151
1.86877
0.304364
0.0519816
0.0093188
0.00175475
0.000347232
7.22219e-05
1.57915e-05
3.62955e-06
8.76711e-07
2.22478e-07
5.92883e-08
1.6583e-08
4.86487e-09
1.49604e-09
4.81845e-10
1.62394e-10
5.72168e-11
2.10554e-11
8.08469e-12
3.23567e-12
1.3481e-12
5.84026e-13
2.62794e-13
1.22675e-13
5.92652e-14
2.99308e-14
1.41552e-14
1.36661e+12
3.80533e+12
5.49695e+12
6.28513e+12
6.28306e+12
5.71489e+12
4.81678e+12
3.79285e+12
2.79854e+12
1.93543e+12
1.25321e+12
7.5843e+11
4.28161e+11
2.25032e+11
1.09908e+11
4.98017e+10
2.09053e+10
8.1198e+09
2.91536e+09
9.66922e+08
2.9611e+08
8.37093e+07
2.18469e+07
5.26571e+06
1.17271e+06
241507
46031.9
8129.77
1332
203.205
29.8622
4.46784
0.698778
0.114444
0.0196543
0.00354284
0.000670749
0.000133437
2.78994e-05
6.13152e-06
1.41632e-06
3.43772e-07
8.7649e-08
2.34647e-08
6.5922e-09
1.94221e-09
5.99735e-10
1.93934e-10
6.56114e-11
2.32023e-11
8.56855e-12
3.30125e-12
1.32553e-12
5.5398e-13
2.4071e-13
1.08619e-13
5.0842e-14
2.46254e-14
1.24673e-14
5.9111e-15
3.41944e+11
9.64575e+11
1.41694e+12
1.64766e+12
1.67257e+12
1.54212e+12
1.3157e+12
1.04773e+12
7.81384e+11
5.46043e+11
3.57199e+11
2.18358e+11
1.24492e+11
6.60617e+10
3.25662e+10
1.48883e+10
6.30287e+09
2.46781e+09
8.92787e+08
2.98227e+08
9.19463e+07
2.61594e+07
6.86895e+06
1.66534e+06
373001
77245.9
14805
2629.25
433.187
66.4588
9.82316
1.47844
0.23262
0.0383278
0.00662187
0.00120077
0.000228678
4.57572e-05
9.62163e-06
2.12639e-06
4.93855e-07
1.20508e-07
3.08839e-08
8.30953e-09
2.34585e-09
6.94393e-10
2.15396e-10
6.99566e-11
2.37674e-11
8.43895e-12
3.12859e-12
1.20985e-12
4.87515e-13
2.04442e-13
8.91209e-14
4.03401e-14
1.89379e-14
9.19838e-15
4.66945e-15
2.21996e-15
7.61749e+10
2.17042e+11
3.23408e+11
3.81806e+11
3.93163e+11
3.67233e+11
3.17027e+11
2.55232e+11
1.92339e+11
1.35776e+11
8.97068e+10
5.53792e+10
3.18799e+10
1.70779e+10
8.49657e+09
3.91899e+09
1.67324e+09
6.60461e+08
2.4078e+08
8.10187e+07
2.51524e+07
7.20341e+06
1.90348e+06
464320
104620
21793.9
4201.51
750.531
124.387
19.1978
2.8551
0.432428
0.0684752
0.011355
0.00197442
0.00036032
6.90547e-05
1.39037e-05
2.94157e-06
6.54004e-07
1.52788e-07
3.74967e-08
9.66353e-09
2.61418e-09
7.41901e-10
2.20731e-10
6.88073e-11
2.24538e-11
7.66354e-12
2.73305e-12
1.01752e-12
3.9508e-13
1.59817e-13
6.72688e-14
2.94279e-14
1.33654e-14
6.29464e-15
3.06672e-15
1.56133e-15
7.44477e-16
1.49945e+10
4.30592e+10
6.49429e+10
7.77151e+10
8.1095e+10
7.66859e+10
6.69572e+10
5.44801e+10
4.14725e+10
2.95656e+10
1.9724e+10
1.22936e+10
7.14433e+09
3.863e+09
1.93949e+09
9.02511e+08
3.88625e+08
1.54654e+08
5.68219e+07
1.92622e+07
6.02253e+06
1.73656e+06
461895
113390
25708.5
5388.49
1045.2
187.862
31.3291
4.86598
0.728395
0.111061
0.0177061
0.00295621
0.00051754
9.50899e-05
1.83466e-05
3.71854e-06
7.91871e-07
1.7719e-07
4.16556e-08
1.02859e-08
2.66675e-09
7.25622e-10
2.07098e-10
6.19544e-11
1.94154e-11
6.3683e-12
2.18427e-12
7.82688e-13
2.92729e-13
1.14159e-13
4.63737e-14
1.95977e-14
8.60629e-15
3.92306e-15
1.85408e-15
9.06292e-16
4.62877e-16
2.21408e-16
2.58701e+09
7.47549e+09
1.13915e+10
1.37975e+10
1.45749e+10
1.39441e+10
1.23085e+10
1.01181e+10
7.77831e+09
5.59844e+09
3.77029e+09
2.37206e+09
1.39138e+09
7.59269e+08
3.84658e+08
1.80576e+08
7.84227e+07
3.1466e+07
1.16527e+07
3.98021e+06
1.25354e+06
363991
97474.8
24087.8
5497.01
1159.63
226.388
40.9553
6.87503
1.07499
0.16203
0.0248809
0.00399525
0.000671881
0.000118478
2.19256e-05
4.26057e-06
8.6965e-07
1.86484e-07
4.20133e-08
9.94312e-09
2.47132e-09
6.44821e-10
1.76548e-10
5.06932e-11
1.52542e-11
4.80757e-12
1.58557e-12
5.46722e-13
1.96908e-13
7.40065e-14
2.89975e-14
1.18327e-14
5.0222e-15
2.21463e-15
1.0135e-15
4.80797e-16
2.3586e-16
1.20876e-16
5.8015e-17
3.87727e+08
1.12605e+09
1.73112e+09
2.11942e+09
2.26421e+09
2.19016e+09
1.95356e+09
1.62192e+09
1.25881e+09
9.14516e+08
6.21589e+08
3.94674e+08
2.33628e+08
1.28651e+08
6.57633e+07
3.11448e+07
1.36423e+07
5.51949e+06
2.06051e+06
709288
225066
65828.8
17753.7
4417.76
1015.09
215.602
42.3792
7.71977
1.30499
0.20551
0.0312046
0.00482802
0.000781213
0.000132391
2.3526e-05
4.3872e-06
8.59017e-07
1.7666e-07
3.81632e-08
8.66054e-09
2.0643e-09
5.1666e-10
1.35727e-10
3.74082e-11
1.08106e-11
3.27345e-12
1.03794e-12
3.44331e-13
1.19403e-13
4.32395e-14
1.63369e-14
6.43359e-15
2.63803e-15
1.12488e-15
4.98246e-16
2.28987e-16
1.09071e-16
5.37127e-17
2.76292e-17
1.3309e-17
4.99677e+07
1.4572e+08
2.25726e+08
2.79022e+08
3.01191e+08
2.94373e+08
2.6521e+08
2.22311e+08
1.74151e+08
1.27677e+08
8.7568e+07
5.61042e+07
3.35117e+07
1.86205e+07
9.60374e+06
4.58852e+06
2.02738e+06
827218
311366
108043
34551.4
10182.9
2766.77
693.542
160.522
34.3436
6.80026
1.24795
0.212557
0.0337326
0.00516281
0.000805338
0.00013139
2.2452e-05
4.02293e-06
7.56418e-07
1.49322e-07
3.09571e-08
6.74085e-09
1.54171e-09
3.70295e-10
9.33732e-11
2.47087e-11
6.85857e-12
1.99578e-12
6.08385e-13
1.94162e-13
6.4818e-14
2.26136e-14
8.23717e-15
3.12978e-15
1.23923e-15
5.10786e-16
2.18894e-16
9.74197e-17
4.49778e-17
2.15176e-17
1.06406e-17
5.49528e-18
2.6574e-18
5.47033e+06
1.60084e+07
2.49609e+07
3.11205e+07
3.3915e+07
3.34719e+07
3.04461e+07
2.57596e+07
2.03629e+07
1.50626e+07
1.0423e+07
6.73765e+06
4.06062e+06
2.27659e+06
1.18475e+06
571123
254578
104779
39776.4
13917.9
4487.44
1333.21
365.133
92.2516
21.5206
4.64088
0.926303
0.171377
0.0294327
0.00471075
0.000727323
0.000114475
1.88465e-05
3.2499e-06
5.87619e-07
1.11487e-07
2.22052e-08
4.64417e-09
1.02003e-09
2.35278e-10
5.69809e-11
1.44851e-11
3.8635e-12
1.08069e-12
3.1683e-13
9.72834e-14
3.1266e-14
1.05088e-14
3.6904e-15
1.35278e-15
5.17138e-16
2.05962e-16
8.5372e-17
3.67835e-17
1.64554e-17
7.63497e-18
3.66989e-18
1.82296e-18
9.45541e-19
4.59164e-19
501049
1.47059e+06
2.30618e+06
2.89753e+06
3.18561e+06
3.17301e+06
2.9128e+06
2.48679e+06
1.98332e+06
1.48004e+06
1.0332e+06
673819
409740
231802
121731
59218.5
26637.3
11062.6
4237.26
1495.79
486.512
145.801
40.278
10.2647
2.41548
0.525494
0.105828
0.0197589
0.00342526
0.000553494
8.63051e-05
1.37216e-05
2.28212e-06
3.97558e-07
7.26151e-08
1.39161e-08
2.79932e-09
5.91211e-10
1.31101e-10
3.05243e-11
7.46059e-12
1.91358e-12
5.1485e-13
1.45236e-13
4.29298e-14
1.32869e-14
4.30324e-15
1.45714e-15
5.15392e-16
1.90236e-16
7.32085e-17
2.9344e-17
1.22381e-17
5.30406e-18
2.38623e-18
1.11315e-18
5.37821e-19
2.68468e-19
1.39909e-19
6.8251e-20
37643.5
110766
174582
220881
244827
245987
227819
196220
157868
118840
83692.4
55068.9
33790.5
19292.7
10226.4
5021.93
2280.47
956.155
369.742
131.774
43.2716
13.0928
3.65197
0.939803
0.223351
0.0490824
0.00998692
0.00188441
0.000330228
5.39607e-05
8.51117e-06
1.36911e-06
2.304e-07
4.06106e-08
7.5045e-09
1.45481e-09
2.95976e-10
6.32077e-11
1.41695e-11
3.33429e-12
8.23422e-13
2.13337e-13
5.79623e-14
1.65065e-14
4.92412e-15
1.53762e-15
5.02283e-16
1.71494e-16
6.11433e-17
2.27425e-17
8.81686e-18
3.55919e-18
1.49451e-18
6.51965e-19
2.95147e-19
1.38506e-19
6.73023e-20
3.37785e-20
1.76956e-20
8.67552e-21
2257.12
6656.32
10538.6
13418.3
14986.2
15182.1
14181.7
12320.9
9999.3
7593.52
5395.38
3582.43
2218.7
1278.88
684.54
339.528
155.754
65.9824
25.7838
9.28728
3.08273
0.943007
0.265979
0.0692302
0.0166459
0.00370204
0.000762595
0.00014573
2.58742e-05
4.28533e-06
6.85362e-07
1.11811e-07
1.90828e-08
3.41095e-09
6.39087e-10
1.25588e-10
2.58931e-11
5.60209e-12
1.27188e-12
3.0301e-13
7.57329e-14
1.98508e-14
5.4544e-15
1.57031e-15
4.73398e-16
1.49332e-16
4.92606e-17
1.69781e-17
6.10833e-18
2.29188e-18
8.95972e-19
3.64595e-19
1.54274e-19
6.77966e-20
3.09081e-20
1.46022e-20
7.14102e-21
3.60592e-21
1.90017e-21
9.3678e-22
103.758
306.594
487.393
624.21
702.138
716.992
675.388
591.849
484.567
371.293
266.246
178.463
111.616
64.9942
35.1579
17.6295
8.17913
3.50549
1.38634
0.505553
0.169952
0.0526725
0.0150583
0.00397447
0.000969516
0.000218866
4.5788e-05
8.89131e-06
1.605e-06
2.70408e-07
4.40125e-08
7.30859e-09
1.26954e-09
2.30906e-10
4.40086e-11
8.79379e-12
1.84279e-12
4.05049e-13
9.33816e-14
2.25795e-14
5.72492e-15
1.52151e-15
4.23681e-16
1.23555e-16
3.77114e-17
1.20383e-17
4.01674e-18
1.39967e-18
5.08895e-19
1.92875e-19
7.61331e-20
3.12682e-20
1.33482e-20
5.9157e-21
2.71877e-21
1.29437e-21
6.37657e-22
3.24241e-22
1.72014e-22
8.53386e-23
3.42591
10.1415
16.1824
20.839
23.6015
24.2891
23.0727
20.3977
16.8537
13.0369
9.44114
6.39404
4.04264
2.3811
1.30364
0.662038
0.31127
0.135285
0.0542919
0.0201043
0.00686775
0.0021645
0.000629749
0.000169291
4.20948e-05
9.69456e-06
2.07079e-06
4.10893e-07
7.58474e-08
1.30766e-08
2.1791e-09
3.70493e-10
6.58712e-11
1.22565e-11
2.38828e-12
4.87577e-13
1.04315e-13
2.33916e-14
5.49755e-15
1.35411e-15
3.49475e-16
9.44749e-17
2.67406e-17
7.92107e-18
2.45414e-18
7.94722e-19
2.68829e-19
9.49123e-20
3.49433e-20
1.34032e-20
5.35143e-21
2.22196e-21
9.58456e-22
4.29005e-22
1.99036e-22
9.56145e-23
4.75087e-23
2.43544e-23
1.30219e-23
6.50749e-24
0.0725529
0.215145
0.344547
0.446098
0.508738
0.527808
0.505892
0.451591
0.377001
0.294846
0.216044
0.148167
0.0949529
0.0567465
0.0315589
0.0162991
0.00780324
0.00345783
0.0014167
0.000536316
0.000187561
6.06051e-05
1.81041e-05
5.0042e-06
1.28129e-06
3.04276e-07
6.71068e-08
1.37648e-08
2.62933e-09
4.69517e-10
8.10741e-11
1.42782e-11
2.62703e-12
5.0524e-13
1.01627e-13
2.13882e-14
4.71075e-15
1.086e-15
2.62059e-16
6.61903e-17
1.74962e-17
4.83869e-18
1.39955e-18
4.23205e-19
1.33716e-19
4.41168e-20
1.51907e-20
5.45459e-21
2.04074e-21
7.94837e-22
3.22004e-22
1.35563e-22
5.9251e-23
2.68549e-23
1.26085e-23
6.12581e-24
3.07666e-24
1.5933e-24
8.60316e-25
4.33863e-25
)
;

boundaryField
{
    highVoltage
    {
        type            fixedValue;
        value           uniform 0;
    }
    topBotBoundaries
    {
        type            zeroGradient;
    }
    inletBoundary
    {
        type            fixedValue;
        value           uniform 0;
    }
    frontBack
    {
        type            empty;
    }
    region0_to_dielectric
    {
        type            zeroGradient;
    }
}


// ************************************************************************* //
