/*--------------------------------*- C++ -*----------------------------------*\
| =========                 |                                                 |
| \\      /  F ield         | OpenFOAM: The Open Source CFD Toolbox           |
|  \\    /   O peration     | Version:  2406                                  |
|   \\  /    A nd           | Website:  www.openfoam.com                      |
|    \\/     M anipulation  |                                                 |
\*---------------------------------------------------------------------------*/
FoamFile
{
    version     2.0;
    format      ascii;
    arch        "LSB;label=32;scalar=64";
    class       volScalarField;
    location    "2e-07";
    object      Hem;
}
// * * * * * * * * * * * * * * * * * * * * * * * * * * * * * * * * * * * * * //

dimensions      [0 -3 0 0 0 0 0];

internalField   nonuniform List<scalar> 
5880
(
7.24824e-07
2.14936e-06
3.44215e-06
4.45674e-06
5.08262e-06
5.27323e-06
5.05423e-06
4.51139e-06
3.76542e-06
2.94353e-06
2.15523e-06
1.47663e-06
9.45125e-07
5.63877e-07
3.12734e-07
1.60718e-07
7.62593e-08
3.32856e-08
1.33193e-08
4.87302e-09
1.62743e-09
4.95875e-10
1.37954e-10
3.51051e-11
8.1916e-12
1.75825e-12
3.4829e-13
6.38919e-14
1.08887e-14
1.73392e-15
2.67175e-16
4.20453e-17
6.93023e-18
1.19806e-18
2.17343e-19
4.13885e-20
8.27432e-21
1.73664e-21
3.8261e-22
8.84727e-23
2.14657e-23
5.46254e-24
1.45733e-24
4.07405e-25
1.19271e-25
3.65409e-26
1.17084e-26
3.92043e-27
1.37059e-27
4.99833e-28
1.8998e-28
7.51886e-29
3.0955e-29
1.32418e-29
5.87928e-30
2.70651e-30
1.29053e-30
6.35617e-31
3.27443e-31
1.56553e-31
3.42251e-05
0.000101314
0.000161665
0.000208187
0.000235789
0.000242664
0.000230512
0.000203777
0.000168341
0.000130164
9.41981e-05
6.37347e-05
4.02469e-05
2.36659e-05
1.29233e-05
6.5333e-06
3.04724e-06
1.30671e-06
5.13509e-07
1.8446e-07
6.04722e-08
1.80833e-08
4.93582e-09
1.23177e-09
2.81728e-10
5.9233e-11
1.14852e-11
2.0608e-12
3.43281e-13
5.33925e-14
8.03327e-15
1.23502e-15
1.99044e-16
3.36773e-17
5.9854e-18
1.11778e-18
2.19366e-19
4.52404e-20
9.80293e-21
2.2314e-21
5.33393e-22
1.33837e-22
3.52332e-23
9.72613e-24
2.81361e-24
8.52317e-25
2.70194e-25
8.95611e-26
3.10123e-26
1.12078e-26
4.22357e-27
1.65808e-27
6.77416e-28
2.87688e-28
1.26859e-28
5.80219e-29
2.7497e-29
1.34654e-29
6.89714e-30
3.28233e-30
0.00103658
0.00306297
0.00486923
0.00623615
0.0070148
0.00716335
0.00674778
0.00591296
0.00484044
0.00370759
0.00265693
0.00177929
0.00111147
0.000646165
0.000348677
0.000174118
8.02044e-05
3.39677e-05
1.31869e-05
4.68146e-06
1.51751e-06
4.48906e-07
1.21258e-07
2.99546e-08
6.78243e-09
1.41156e-09
2.70861e-10
4.80781e-11
7.91877e-12
1.21709e-12
1.80872e-13
2.74645e-14
4.37276e-15
7.31064e-16
1.28429e-16
2.37158e-17
4.60402e-18
9.39646e-19
2.01581e-19
4.54482e-20
1.07651e-20
2.67772e-21
6.99097e-22
1.9147e-22
5.49757e-23
1.65357e-23
5.20681e-24
1.71493e-24
5.90259e-25
2.12106e-25
7.9502e-26
3.10528e-26
1.26263e-26
5.3381e-27
2.34394e-27
1.0678e-27
5.04142e-28
2.46026e-28
1.2557e-28
5.9623e-29
0.0225496
0.0664996
0.105286
0.134056
0.149722
0.151684
0.141691
0.123098
0.0998916
0.0758343
0.0538505
0.0357244
0.0220993
0.0127182
0.00679181
0.00335596
0.0015297
0.000641267
0.000246551
8.67452e-05
2.78896e-05
8.18961e-06
2.19751e-06
5.39573e-07
1.21482e-07
2.5145e-08
4.79863e-09
8.46949e-10
1.38661e-10
2.11734e-11
3.12454e-12
4.70994e-13
7.44346e-14
1.23513e-14
2.15357e-15
3.94729e-16
7.60699e-17
1.54141e-17
3.28368e-18
7.35312e-19
1.73026e-19
4.27658e-20
1.10971e-20
3.02147e-21
8.62661e-22
2.58077e-22
8.08468e-23
2.64976e-23
9.07765e-24
3.24755e-24
1.21213e-24
4.71563e-25
1.91018e-25
8.04702e-26
3.52152e-26
1.59916e-26
7.52747e-27
3.66325e-27
1.86435e-27
8.83592e-28
0.376073
1.10659
1.74415
2.20671
2.44597
2.45761
2.27615
1.96044
1.57714
1.18692
0.835434
0.549258
0.336649
0.191918
0.101506
0.0496749
0.0224295
0.00931822
0.00355282
0.00124067
0.000396295
0.000115727
3.09094e-05
7.56025e-06
1.69659e-06
3.50152e-07
6.66391e-08
1.17287e-08
1.91437e-09
2.91308e-10
4.28177e-11
6.42629e-12
1.01089e-12
1.66926e-13
2.89584e-14
5.28053e-15
1.01236e-15
2.04073e-16
4.32505e-17
9.63594e-18
2.25616e-18
5.54931e-19
1.43316e-19
3.88425e-20
1.10408e-20
3.28888e-21
1.02606e-21
3.34967e-22
1.14321e-22
4.07511e-23
1.51579e-23
5.87763e-24
2.37347e-24
9.96918e-25
4.35047e-25
1.97036e-25
9.25149e-26
4.49173e-26
2.28051e-26
1.0791e-26
5.00582
14.6922
23.0404
28.9485
31.8271
31.7018
29.1028
24.8467
19.8151
14.7835
10.3153
6.72218
4.08332
2.30671
1.20887
0.586224
0.262364
0.108092
0.0409011
0.0141881
0.00450661
0.00131007
0.000348674
8.50581e-05
1.90504e-05
3.92591e-06
7.46231e-07
1.3118e-07
2.13819e-08
3.24804e-09
4.76352e-10
7.13042e-11
1.11829e-11
1.84044e-12
3.18137e-13
5.77936e-14
1.10368e-14
2.21599e-15
4.67765e-16
1.03797e-16
2.42063e-17
5.93043e-18
1.52566e-18
4.11933e-19
1.16659e-19
3.46266e-20
1.07654e-20
3.50272e-21
1.19161e-21
4.23452e-22
1.57043e-22
6.07233e-23
2.44549e-23
1.02453e-23
4.46008e-24
2.01533e-24
9.44183e-25
4.57473e-25
2.31778e-25
1.09513e-25
54.6521
159.934
249.376
310.915
338.837
334.416
304.194
257.376
203.447
150.463
104.073
67.2286
40.4767
22.6621
11.7708
5.65794
2.51079
1.02624
0.385548
0.132915
0.0420023
0.0121611
0.00322708
0.000785632
0.000175729
3.61859e-05
6.87487e-06
1.20806e-06
1.9681e-07
2.98723e-08
4.37545e-09
6.53827e-10
1.02325e-10
1.67988e-11
2.89582e-12
5.24493e-13
9.98466e-14
1.99818e-14
4.20379e-15
9.29663e-16
2.16067e-16
5.27562e-17
1.35266e-17
3.64016e-18
1.02755e-18
3.04034e-19
9.42341e-20
3.05696e-20
1.03697e-20
3.67478e-21
1.35921e-21
5.2422e-22
2.10602e-22
8.80251e-23
3.82345e-23
1.724e-23
8.06066e-24
3.89814e-24
1.97119e-24
9.30057e-25
499.207
1455.83
2255.13
2787.61
3009.11
2941.04
2649.76
2221.2
1739.98
1275.45
874.457
559.909
334.132
185.42
95.4614
45.4912
20.0207
8.12022
3.02959
1.0382
0.326475
0.0941664
0.0249193
0.00605549
0.00135302
0.000278463
5.28935e-05
9.29362e-06
1.51381e-06
2.29671e-07
3.36114e-08
5.01604e-09
7.83689e-10
1.28393e-10
2.20805e-11
3.98886e-12
7.57244e-13
1.51103e-13
3.16936e-14
6.98755e-15
1.61899e-15
3.94078e-16
1.00729e-16
2.70249e-17
7.60579e-18
2.24381e-18
6.93468e-19
2.24335e-19
7.58925e-20
2.68244e-20
9.89676e-21
3.80775e-21
1.52619e-21
6.36486e-22
2.75877e-22
1.24142e-22
5.79313e-23
2.79648e-23
1.41151e-23
6.6505e-24
3873.47
11249.4
17294.2
21173.4
22620.1
21880.7
19517.5
16204.7
12576.8
9135.8
6207.6
3939.31
2329.93
1281.5
653.992
308.996
134.881
54.2923
20.1181
6.85369
2.14476
0.616272
0.162631
0.0394453
0.00880338
0.00181071
0.000343847
6.04069e-05
9.83769e-06
1.49193e-06
2.1816e-07
3.25173e-08
5.07222e-09
8.29362e-10
1.4231e-10
2.56449e-11
4.85551e-12
9.66187e-13
2.02073e-13
4.44206e-14
1.02615e-14
2.4903e-15
6.34651e-16
1.69771e-16
4.7641e-17
1.40147e-17
4.31931e-18
1.3935e-18
4.7018e-19
1.65763e-19
6.10072e-20
2.34167e-20
9.36437e-21
3.8968e-21
1.68549e-21
7.56944e-22
3.52557e-22
1.69881e-22
8.5592e-23
4.0269e-23
25844.1
74679.7
113801
137836
145603
139303
122967
101088
77712.1
55928
37655.3
23679.3
13879.2
7565.69
3827.17
1792.86
776.273
310.113
114.133
38.6526
12.0362
3.44488
0.906381
0.219373
0.0488902
0.0100469
0.00190678
0.000334841
5.45067e-05
8.26087e-06
1.20676e-06
1.79621e-07
2.79695e-08
4.5639e-09
7.81304e-10
1.40438e-10
2.65187e-11
5.26208e-12
1.09736e-12
2.40515e-13
5.53954e-14
1.34035e-14
3.40573e-15
9.08362e-16
2.54166e-16
7.45561e-17
2.29141e-17
7.37252e-18
2.48101e-18
8.72452e-19
3.20304e-19
1.22652e-19
4.89364e-20
2.03193e-20
8.77024e-21
3.93073e-21
1.82727e-21
8.78878e-22
4.42003e-22
2.07635e-22
149796
430167
648787
776383
810153
766116
668943
544310
414358
295374
197011
122743
71284.9
38507.5
19307.4
8967.62
3851.37
1527.01
558.17
187.902
58.215
16.5928
4.35155
1.05062
0.233723
0.0479667
0.00909445
0.00159567
0.000259527
3.92932e-05
5.73236e-06
8.518e-07
1.32373e-07
2.15507e-08
3.68007e-09
6.59714e-10
1.24221e-10
2.45771e-11
5.10999e-12
1.1166e-12
2.5639e-13
6.18475e-14
1.56674e-14
4.16623e-15
1.1623e-15
3.3996e-16
1.04188e-16
3.34298e-17
1.12197e-17
3.93522e-18
1.44112e-18
5.50504e-19
2.19133e-19
9.07845e-20
3.91007e-20
1.74886e-20
8.1139e-21
3.89537e-21
1.95543e-21
9.17105e-22
760997
2.16828e+06
3.23088e+06
3.8143e+06
3.92777e+06
3.66877e+06
3.16728e+06
2.55002e+06
1.9217e+06
1.35651e+06
896093
553006
318168
170299
84626.7
38969.6
16600.8
6532.33
2371.42
793.467
244.543
69.3963
18.1346
4.3659
0.969064
0.198524
0.0375839
0.00658547
0.00106966
0.000161714
2.3551e-05
3.49243e-06
5.41485e-07
8.79307e-08
1.49743e-08
2.67664e-09
5.0249e-10
9.91121e-11
2.05428e-11
4.47473e-12
1.02424e-12
2.46297e-13
6.21987e-14
1.6489e-14
4.58627e-15
1.33747e-15
4.08716e-16
1.30772e-16
4.37702e-17
1.53114e-17
5.59289e-18
2.13121e-18
8.46335e-19
3.49829e-19
1.50341e-19
6.71024e-20
3.107e-20
1.48879e-20
7.4595e-21
3.49263e-21
3.41606e+06
9.63621e+06
1.41554e+07
1.64603e+07
1.67092e+07
1.54062e+07
1.31446e+07
1.04679e+07
7.807e+06
5.45551e+06
3.56833e+06
2.18076e+06
1.24273e+06
658987
324527
148155
62599.9
24446.8
8813.72
2930.89
898.427
253.78
66.061
15.8531
3.50938
0.717319
0.135533
0.0237047
0.00384336
0.000579946
8.428e-05
1.24681e-05
1.92807e-06
3.12215e-07
5.30116e-08
9.44664e-09
1.76783e-09
3.4757e-10
7.18067e-11
1.55905e-11
3.55702e-12
8.52599e-13
2.14628e-13
5.67205e-14
1.57279e-14
4.57288e-15
1.39333e-15
4.44539e-16
1.48378e-16
5.17659e-17
1.88599e-17
7.16875e-18
2.83998e-18
1.17118e-18
5.02205e-19
2.23675e-19
1.03356e-19
4.94297e-20
2.47193e-20
1.15535e-20
1.36526e+07
3.80156e+07
5.49151e+07
6.27892e+07
6.27687e+07
5.70934e+07
4.81223e+07
3.78941e+07
2.79609e+07
1.93371e+07
1.25199e+07
7.57534e+06
4.27495e+06
2.24549e+06
1.09578e+06
495930
207842
80554.9
28841.9
9531.54
2905.76
816.875
211.765
50.6399
11.1762
2.27839
0.429463
0.0749453
0.0121246
0.0018254
0.000264622
3.90424e-05
6.02025e-06
9.71931e-07
1.64509e-07
2.92212e-08
5.45052e-09
1.06808e-09
2.19931e-10
4.7593e-11
1.08229e-11
2.58576e-12
6.48841e-13
1.70932e-13
4.72515e-14
1.3697e-14
4.16116e-15
1.32382e-15
4.40642e-16
1.53318e-16
5.57136e-17
2.11241e-17
8.34837e-18
3.43481e-18
1.46958e-18
6.53136e-19
3.01185e-19
1.4376e-19
7.1756e-20
3.34772e-20
4.89366e+07
1.33971e+08
1.89756e+08
2.12957e+08
2.09444e+08
1.87835e+08
1.56348e+08
1.21703e+08
8.88186e+07
6.07725e+07
3.8938e+07
2.33202e+07
1.30297e+07
6.77865e+06
3.27768e+06
1.47058e+06
611319
235158
83619.6
27463.5
8326.38
2329.39
601.306
143.259
31.5146
6.40593
1.20427
0.209627
0.0338295
0.00508038
0.000734518
0.000108061
1.66128e-05
2.67367e-06
4.51096e-07
7.98653e-08
1.48479e-08
2.89996e-09
5.95166e-10
1.28371e-10
2.90972e-11
6.92949e-12
1.73331e-12
4.55214e-13
1.25455e-13
3.62584e-14
1.09835e-14
3.48447e-15
1.15667e-15
4.01391e-16
1.45488e-16
5.50266e-17
2.16952e-17
8.90578e-18
3.80196e-18
1.68617e-18
7.7598e-19
3.69673e-19
1.84169e-19
8.57651e-20
1.58468e+08
4.24281e+08
5.87318e+08
6.45813e+08
6.24337e+08
5.51825e+08
4.53464e+08
3.48829e+08
2.51719e+08
1.70355e+08
1.07985e+08
6.40001e+07
3.53987e+07
1.8238e+07
8.73774e+06
3.88653e+06
1.60269e+06
611966
216148
70560.8
21277
5923.95
1522.74
361.434
79.2453
16.0598
3.01076
0.522704
0.0841364
0.0126024
0.00181707
0.000266553
4.08556e-05
6.55496e-06
1.10245e-06
1.94563e-07
3.60554e-08
7.01941e-09
1.436e-09
3.08748e-10
6.9763e-11
1.65627e-11
4.13033e-12
1.0815e-12
2.97188e-13
8.56473e-14
2.58726e-14
8.18575e-15
2.71013e-15
9.38084e-16
3.39179e-16
1.27979e-16
5.03421e-17
2.06194e-17
8.78381e-18
3.88762e-18
1.78557e-18
8.49034e-19
4.22207e-19
1.96256e-19
4.66869e+08
1.21413e+09
1.63678e+09
1.76049e+09
1.67177e+09
1.45575e+09
1.18073e+09
8.97375e+08
6.40116e+08
4.28367e+08
2.68571e+08
1.57488e+08
8.62187e+07
4.39902e+07
2.08829e+07
9.20969e+06
3.76804e+06
1.4285e+06
501288
162695
48806.2
13526.5
3462.89
818.996
178.991
36.1686
6.76229
1.17099
0.188014
0.0280906
0.00403955
0.000590936
9.03157e-05
1.44479e-05
2.42269e-06
4.26275e-07
7.87568e-08
1.52865e-08
3.11789e-09
6.68374e-10
1.50579e-10
3.56463e-11
8.86404e-12
2.31452e-12
6.34272e-13
1.82304e-13
5.49273e-14
1.73341e-14
5.72475e-15
1.97681e-15
7.13078e-16
2.68451e-16
1.05367e-16
4.30657e-17
1.83085e-17
8.08724e-18
3.70741e-18
1.75966e-18
8.73497e-19
4.05299e-19
1.2601e+09
3.15594e+09
4.12827e+09
4.33705e+09
4.0434e+09
3.46816e+09
2.77592e+09
2.08396e+09
1.46908e+09
9.71869e+08
6.02549e+08
3.49533e+08
1.89392e+08
9.56963e+07
4.50197e+07
1.96899e+07
7.99521e+06
3.01046e+06
1.05002e+06
338953
101197
27929.1
7123.7
1679.3
365.941
73.7494
13.7547
2.37626
0.380657
0.0567419
0.00814016
0.0011878
0.000181065
2.88881e-05
4.83098e-06
8.477e-07
1.5619e-07
3.02335e-08
6.14981e-09
1.31478e-09
2.95421e-10
6.97507e-11
1.72998e-11
4.50573e-12
1.23167e-12
3.53144e-13
1.06145e-13
3.34193e-14
1.10118e-14
3.794e-15
1.36561e-15
5.13026e-16
2.00952e-16
8.197e-17
3.47809e-17
1.53349e-17
7.01729e-18
3.32489e-18
1.64769e-18
7.63179e-19
3.13658e+09
7.48902e+09
9.47176e+09
9.70845e+09
8.88392e+09
7.5053e+09
5.92746e+09
4.39465e+09
3.06088e+09
2.00133e+09
1.22679e+09
7.0395e+08
3.77531e+08
1.88943e+08
8.81102e+07
3.82312e+07
1.54141e+07
5.76755e+06
2.00059e+06
642703
191083
52545.4
13360.1
3140.73
682.72
137.285
25.5515
4.40555
0.704367
0.10479
0.0150023
0.00218437
0.000332232
5.28837e-05
8.82303e-06
1.54452e-06
2.83904e-07
5.4824e-08
1.11253e-08
2.37288e-09
5.3192e-10
1.25298e-10
3.10057e-11
8.05713e-12
2.19755e-12
6.28696e-13
1.88561e-13
5.92414e-14
1.94797e-14
6.69785e-15
2.40602e-15
9.02121e-16
3.52689e-16
1.43599e-16
6.08211e-17
2.67691e-17
1.22288e-17
5.78465e-18
2.86206e-18
1.32337e-18
7.24232e+09
1.62988e+10
1.98673e+10
1.98543e+10
1.78327e+10
1.48393e+10
1.15631e+10
8.4649e+09
5.82395e+09
3.76289e+09
2.28036e+09
1.29438e+09
6.872e+08
3.40756e+08
1.57588e+08
6.78751e+07
2.71902e+07
1.01174e+07
3.49279e+06
1.11756e+06
331129
90792.5
23027.9
5401.96
1172.07
235.29
43.7241
7.52758
1.20174
0.178514
0.0255157
0.00370865
0.000563036
8.94525e-05
1.48952e-05
2.60235e-06
4.77392e-07
9.20035e-08
1.86326e-08
3.96609e-09
8.87284e-10
2.0859e-10
5.15141e-11
1.336e-11
3.63677e-12
1.03842e-12
3.10848e-13
9.74757e-14
3.19918e-14
1.09796e-14
3.93695e-15
1.47349e-15
5.75055e-16
2.33732e-16
9.88299e-17
4.3426e-17
1.98061e-17
9.3543e-18
4.6211e-18
2.13312e-18
1.55859e+10
3.26728e+10
3.82863e+10
3.72979e+10
3.28904e+10
2.69622e+10
2.07277e+10
1.49802e+10
1.01791e+10
6.49825e+09
3.89327e+09
2.18647e+09
1.14957e+09
5.6508e+08
2.59341e+08
1.1097e+08
4.42077e+07
1.63738e+07
5.63125e+06
1.79624e+06
530894
145273
36785.5
8617.48
1867.57
374.522
69.5309
11.9592
1.90738
0.283044
0.0404101
0.00586599
0.000889328
0.000141086
2.34574e-05
4.09187e-06
7.49447e-07
1.44201e-07
2.91558e-08
6.19579e-09
1.3838e-09
3.2477e-10
8.00716e-11
2.07313e-11
5.63377e-12
1.60591e-12
4.79912e-13
1.50236e-13
4.92249e-14
1.68658e-14
6.03747e-15
2.25592e-15
8.78973e-16
3.56683e-16
1.50577e-16
6.60598e-17
3.00826e-17
1.41863e-17
6.99771e-18
3.22473e-18
3.13695e+10
6.05685e+10
6.81225e+10
6.47177e+10
5.60576e+10
4.5278e+10
3.43392e+10
2.44966e+10
1.64374e+10
1.03682e+10
6.14245e+09
3.41444e+09
1.77891e+09
8.6756e+08
3.95516e+08
1.68311e+08
6.67556e+07
2.46398e+07
8.45171e+06
2.69058e+06
794077
217065
54923.4
12859.6
2785.76
558.457
103.643
17.8196
2.84083
0.421338
0.060114
0.00871902
0.00132063
0.000209294
3.47595e-05
6.05639e-06
1.10793e-06
2.12911e-07
4.29933e-08
9.12441e-09
2.03517e-09
4.76992e-10
1.17438e-10
3.03628e-11
8.23932e-12
2.3452e-12
6.99809e-13
2.18749e-13
7.15652e-14
2.4483e-14
8.75088e-15
3.26481e-15
1.27013e-15
5.14625e-16
2.16924e-16
9.50236e-17
4.32075e-17
2.03456e-17
1.00213e-17
4.61026e-18
5.91763e+10
1.04234e+11
1.12476e+11
1.04296e+11
8.87898e+10
7.06729e+10
5.28713e+10
3.72235e+10
2.46639e+10
1.53742e+10
9.01046e+09
4.96122e+09
2.5638e+09
1.24195e+09
5.63158e+08
2.38659e+08
9.43685e+07
3.47578e+07
1.19059e+07
3.78724e+06
1.11735e+06
305423
77293
18102
3922.63
786.595
146.018
25.109
4.00309
0.593673
0.0846814
0.0122773
0.00185858
0.000294361
4.88523e-05
8.5052e-06
1.55459e-06
2.98479e-07
6.02154e-08
1.27668e-08
2.84467e-09
6.66005e-10
1.63792e-10
4.22985e-11
1.14645e-11
3.2592e-12
9.71315e-13
3.03222e-13
9.90691e-14
3.38462e-14
1.20808e-14
4.50081e-15
1.74848e-15
7.07427e-16
2.97763e-16
1.30246e-16
5.91372e-17
2.78063e-17
1.36765e-17
6.28093e-18
1.04749e+11
1.67162e+11
1.73204e+11
1.56963e+11
1.31414e+11
1.03087e+11
7.60628e+10
5.28454e+10
3.45801e+10
2.13115e+10
1.23663e+10
6.75209e+09
3.46572e+09
1.67011e+09
7.54425e+08
3.18893e+08
1.25899e+08
4.6338e+07
1.58714e+07
5.05066e+06
1.49117e+06
407972
103348
24228.5
5255.25
1054.73
195.939
33.714
5.37748
0.797747
0.113806
0.0164989
0.00249721
0.000395389
6.55939e-05
1.14147e-05
2.0853e-06
4.00144e-07
8.06742e-08
1.70928e-08
3.80574e-09
8.90308e-10
2.1877e-10
5.64455e-11
1.52843e-11
4.34073e-12
1.29227e-12
4.02969e-13
1.31507e-13
4.48743e-14
1.59972e-14
5.95228e-15
2.30932e-15
9.33084e-16
3.92208e-16
1.71319e-16
7.76773e-17
3.64722e-17
1.79135e-17
8.21244e-18
1.74052e+11
2.50774e+11
2.50014e+11
2.21758e+11
1.82682e+11
1.41223e+11
1.02753e+11
7.04502e+10
4.55477e+10
2.77785e+10
1.59802e+10
8.66644e+09
4.42621e+09
2.12576e+09
9.58312e+08
4.0471e+08
1.59778e+08
5.88464e+07
2.0179e+07
6.43092e+06
1.90184e+06
521233
132267
31058.8
6746.93
1355.94
252.19
43.4354
6.93368
1.02925
0.146896
0.0213014
0.00322443
0.000510525
8.46864e-05
1.47346e-05
2.69116e-06
5.16247e-07
1.04045e-07
2.20354e-08
4.90393e-09
1.14661e-09
2.81584e-10
7.26052e-11
1.96461e-11
5.57515e-12
1.65837e-12
5.16668e-13
1.6845e-13
5.74219e-14
2.04483e-14
7.59987e-15
2.94507e-15
1.18851e-15
4.98942e-16
2.17659e-16
9.85569e-17
4.62133e-17
2.2667e-17
1.03735e-17
2.71454e+11
3.53241e+11
3.39891e+11
2.95512e+11
2.39593e+11
1.82489e+11
1.30919e+11
8.86137e+10
5.66603e+10
3.42492e+10
1.95711e+10
1.05648e+10
5.38045e+09
2.58052e+09
1.1631e+09
4.91554e+08
1.94337e+08
7.17108e+07
2.46449e+07
7.87303e+06
2.33404e+06
641231
163092
38378.8
8353.21
1681.63
313.232
54.0173
8.63205
1.28247
0.183157
0.026572
0.00402359
0.000637197
0.000105713
1.83943e-05
3.3596e-06
6.44447e-07
1.2987e-07
2.75007e-08
6.119e-09
1.43034e-09
3.51152e-10
9.05088e-11
2.44797e-11
6.9433e-12
2.06415e-12
6.42671e-13
2.0938e-13
7.13185e-14
2.53753e-14
9.42241e-15
3.64775e-15
1.47055e-15
6.16669e-16
2.68709e-16
1.21527e-16
5.69137e-17
2.78805e-17
1.27378e-17
3.97345e+11
4.69034e+11
4.37181e+11
3.73017e+11
2.97621e+11
2.23273e+11
1.57966e+11
1.05663e+11
6.69418e+10
4.02002e+10
2.28771e+10
1.23231e+10
6.2723e+09
3.01008e+09
1.35875e+09
5.75471e+08
2.28108e+08
8.44178e+07
2.91012e+07
9.32563e+06
2.77315e+06
764101
194875
45972.8
10028.5
2022.89
377.448
65.1871
10.43
1.55119
0.221717
0.0321867
0.0048762
0.000772528
0.000128207
2.23141e-05
4.07643e-06
7.8209e-07
1.57631e-07
3.33826e-08
7.42821e-09
1.73641e-09
4.26279e-10
1.09864e-10
2.97104e-11
8.42519e-12
2.50402e-12
7.79362e-13
2.5381e-13
8.64106e-14
3.07281e-14
1.14029e-14
4.41139e-15
1.77704e-15
7.44572e-16
3.24149e-16
1.4646e-16
6.85202e-17
3.35308e-17
1.5296e-17
5.45847e+11
5.8935e+11
5.34133e+11
4.47479e+11
3.51155e+11
2.59433e+11
1.81203e+11
1.20049e+11
7.55834e+10
4.52374e+10
2.57135e+10
1.38564e+10
7.06327e+09
3.3974e+09
1.53796e+09
6.53502e+08
2.59955e+08
9.65578e+07
3.34099e+07
1.07455e+07
3.20659e+06
886443
226765
53643.3
11730.6
2371.32
443.287
76.68
12.2855
1.82921
0.261699
0.0380191
0.00576335
0.000913556
0.000151681
2.6411e-05
4.82676e-06
9.26392e-07
1.86781e-07
3.95695e-08
8.80773e-09
2.0595e-09
5.05733e-10
1.30372e-10
3.52632e-11
1.00013e-11
2.97275e-12
9.25285e-13
3.01325e-13
1.02578e-13
3.64714e-14
1.3531e-14
5.23307e-15
2.10724e-15
8.8252e-16
3.84001e-16
1.73398e-16
8.10682e-17
3.96428e-17
1.80624e-17
7.03855e+11
7.03356e+11
6.21668e+11
5.11074e+11
3.94172e+11
2.87059e+11
1.98498e+11
1.30769e+11
8.2156e+10
4.91803e+10
2.79997e+10
1.51258e+10
7.73397e+09
3.73305e+09
1.6964e+09
7.23765e+08
2.89117e+08
1.07845e+08
3.74712e+07
1.21002e+07
3.62456e+06
1.00553e+06
258059
61223.7
13422.7
2719.5
509.368
88.2572
14.1603
2.11087
0.302291
0.0439515
0.00666719
0.00105746
0.000175672
3.06046e-05
5.59611e-06
1.07462e-06
2.16784e-07
4.5951e-08
1.02339e-08
2.39434e-09
5.8829e-10
1.51739e-10
4.10655e-11
1.16532e-11
3.46547e-12
1.07915e-12
3.51583e-13
1.19732e-13
4.25842e-14
1.5803e-14
6.11298e-15
2.46187e-15
1.0311e-15
4.48642e-16
2.02569e-16
9.46902e-17
4.62937e-17
2.10788e-17
8.53328e+11
7.99322e+11
6.89587e+11
5.55339e+11
4.21225e+11
3.03579e+11
2.09013e+11
1.37685e+11
8.66886e+10
5.20562e+10
2.97416e+10
1.61277e+10
8.27966e+09
4.0137e+09
1.83221e+09
7.85348e+08
3.15188e+08
1.18113e+08
4.12218e+07
1.33677e+07
4.02011e+06
1.11933e+06
288218
68581.8
15075.4
3061.34
574.528
99.715
16.0215
2.39118
0.342774
0.0498786
0.00757167
0.00120168
0.000199752
3.48205e-05
6.37087e-06
1.22418e-06
2.47122e-07
5.24192e-08
1.16833e-08
2.73565e-09
6.72714e-10
1.73667e-10
4.70419e-11
1.33613e-11
3.97712e-12
1.23962e-12
4.04232e-13
1.37784e-13
4.90473e-14
1.82166e-14
7.05216e-15
2.8422e-15
1.19121e-15
5.18633e-16
2.34302e-16
1.09578e-16
5.35957e-17
2.44072e-17
9.16958e+11
8.64798e+11
7.25552e+11
5.7231e+11
4.29767e+11
3.09417e+11
2.1384e+11
1.41595e+11
8.9596e+10
5.40474e+10
3.1015e+10
1.68943e+10
8.71461e+09
4.24567e+09
1.94805e+09
8.39311e+08
3.38557e+08
1.27494e+08
4.47046e+07
1.4561e+07
4.39688e+06
1.22881e+06
317479
75772.6
16700.5
3399.2
639.213
111.13
17.8813
2.67198
0.38341
0.0558377
0.00848229
0.00134707
0.000224056
3.9081e-05
7.15496e-06
1.37578e-06
2.77931e-07
5.90018e-08
1.3162e-08
3.08481e-09
7.59354e-10
1.96248e-10
5.32199e-11
1.51344e-11
4.51055e-12
1.40771e-12
4.59651e-13
1.56885e-13
5.59218e-14
2.07979e-14
8.06223e-15
3.25358e-15
1.36539e-15
5.95216e-16
2.69228e-16
1.2606e-16
6.17262e-17
2.81433e-17
9.12048e+11
8.48774e+11
7.03437e+11
5.56814e+11
4.22932e+11
3.08216e+11
2.1504e+11
1.43347e+11
9.11697e+10
5.52561e+10
3.18653e+10
1.74498e+10
9.05169e+09
4.4353e+09
2.04679e+09
8.8685e+08
3.59695e+08
1.36164e+08
4.79806e+07
1.57002e+07
4.76102e+06
1.33574e+06
346311
82911.1
18323.9
3738.53
704.468
122.689
19.7702
2.95788
0.424864
0.0619262
0.0094138
0.00149593
0.000248962
4.34504e-05
7.95969e-06
1.53151e-06
3.09609e-07
6.57781e-08
1.46864e-08
3.44535e-09
8.48989e-10
2.19662e-10
5.96422e-11
1.69827e-11
5.06839e-12
1.58409e-12
5.18016e-13
1.77078e-13
6.32197e-14
2.35498e-14
9.14382e-15
3.69608e-15
1.55361e-15
6.78366e-16
3.07329e-16
1.44127e-16
7.06816e-17
3.22839e-17
8.91125e+11
8.23476e+11
6.8488e+11
5.46887e+11
4.184e+11
3.06187e+11
2.14185e+11
1.43188e+11
9.14362e+10
5.57064e+10
3.23174e+10
1.78098e+10
9.29794e+09
4.58496e+09
2.129e+09
9.28014e+08
3.78559e+08
1.44089e+08
5.10343e+07
1.67792e+07
5.11054e+06
1.43952e+06
374554
89958.3
19937.1
4077.57
769.965
134.335
21.6793
3.24756
0.466952
0.0681173
0.0103621
0.00164761
0.000274355
4.79077e-05
8.78094e-06
1.69049e-06
3.41963e-07
7.27023e-08
1.62449e-08
3.81429e-09
9.40804e-10
2.43675e-10
6.62385e-11
1.88846e-11
5.64351e-12
1.76634e-12
5.78478e-13
1.98055e-13
7.08228e-14
2.64259e-14
1.02779e-14
4.16168e-15
1.75237e-15
7.6649e-16
3.47862e-16
1.63419e-16
8.02812e-17
3.67428e-17
8.76647e+11
8.03893e+11
6.64809e+11
5.29656e+11
4.0521e+11
2.97265e+11
2.08965e+11
1.40626e+11
9.04681e+10
5.55305e+10
3.24493e+10
1.8007e+10
9.46407e+09
4.69741e+09
2.19511e+09
9.6274e+08
3.95052e+08
1.51212e+08
5.38392e+07
1.77877e+07
5.44193e+06
1.53907e+06
401909
96838.8
21522.7
4412.67
835.003
145.944
23.5884
3.538
0.509237
0.074347
0.0113175
0.00180056
0.000299977
5.24069e-05
9.61017e-06
1.85105e-06
3.74641e-07
7.96972e-08
1.78197e-08
4.18717e-09
1.03364e-09
2.67969e-10
7.29175e-11
2.08121e-11
6.22713e-12
1.95156e-12
6.40029e-13
2.1945e-13
7.85944e-14
2.93725e-14
1.14428e-14
4.64119e-15
1.95764e-15
8.57771e-16
3.89973e-16
1.83525e-16
9.03171e-17
4.14223e-17
8.64814e+11
7.86485e+11
6.44916e+11
5.12012e+11
3.91936e+11
2.88495e+11
2.03782e+11
1.37879e+11
8.91936e+10
5.50602e+10
3.23649e+10
1.80712e+10
9.55844e+09
4.77499e+09
2.24575e+09
9.91146e+08
4.09165e+08
1.57509e+08
5.63804e+07
1.87189e+07
5.75255e+06
1.63351e+06
428118
103485
23064.7
4740.39
898.907
157.395
25.4776
3.82616
0.551277
0.080551
0.0122701
0.00195321
0.000325566
5.69023e-05
1.04389e-05
2.01153e-06
4.07306e-07
8.66886e-08
1.93937e-08
4.55986e-09
1.12643e-09
2.92257e-10
7.95969e-11
2.27408e-11
6.81152e-12
2.13719e-12
7.01785e-13
2.40946e-13
8.64146e-14
3.23428e-14
1.26194e-14
5.1265e-15
2.16587e-15
9.50586e-16
4.32899e-16
2.04073e-16
1.00601e-16
4.62334e-17
8.55501e+11
7.72012e+11
6.27268e+11
4.95424e+11
3.78547e+11
2.78825e+11
1.97438e+11
1.34101e+11
8.71794e+10
5.41289e+10
3.20205e+10
1.79987e+10
9.58506e+09
4.82075e+09
2.28229e+09
1.0137e+09
4.21014e+08
1.62995e+08
5.86542e+07
1.9569e+07
6.04053e+06
1.72216e+06
452969
109839
24548.8
5057.56
961.041
168.571
27.3274
4.10905
0.592637
0.0866649
0.0132101
0.00210398
0.000350859
6.1348e-05
1.12587e-05
2.17031e-06
4.39621e-07
9.36048e-08
2.09504e-08
4.92839e-09
1.21818e-09
3.16269e-10
8.62005e-11
2.46479e-11
7.38952e-12
2.32088e-12
7.62938e-13
2.62251e-13
9.41735e-14
3.52936e-14
1.37898e-14
5.61012e-15
2.37374e-15
1.04342e-15
4.75927e-16
2.24715e-16
1.10956e-16
5.10913e-17
8.47629e+11
7.59612e+11
6.11601e+11
4.80122e+11
3.65725e+11
2.69257e+11
1.90984e+11
1.30148e+11
8.49926e+10
5.30529e+10
3.15681e+10
1.78542e+10
9.56851e+09
4.84319e+09
2.30741e+09
1.03116e+09
4.30792e+08
1.6771e+08
6.0664e+07
2.03363e+07
6.30467e+06
1.80451e+06
476287
115849
25962.1
5361.3
1020.82
179.365
29.1193
4.38381
0.632892
0.0926256
0.0141277
0.00225133
0.000375596
6.56983e-05
1.20612e-05
2.32575e-06
4.71259e-07
1.00375e-07
2.2474e-08
5.289e-09
1.30793e-09
3.39751e-10
9.26568e-11
2.65122e-11
7.95456e-12
2.50048e-12
8.22748e-13
2.83098e-13
1.01771e-13
3.81856e-14
1.49383e-14
6.08524e-15
2.57826e-15
1.13491e-15
5.184e-16
2.45129e-16
1.21217e-16
5.59178e-17
8.40877e+11
7.48953e+11
5.97901e+11
4.66427e+11
3.53948e+11
2.60218e+11
1.84688e+11
1.26148e+11
8.26766e+10
5.18435e+10
3.10117e+10
1.76409e+10
9.51153e+09
4.84411e+09
2.32204e+09
1.04392e+09
4.38632e+08
1.71689e+08
6.24165e+07
2.10208e+07
6.54435e+06
1.88021e+06
497940
121477
27294.2
5649.11
1077.71
189.675
30.8364
4.64776
0.671644
0.0983732
0.0150138
0.00239376
0.000399527
6.99094e-05
1.28383e-05
2.47631e-06
5.01905e-07
1.06933e-07
2.39494e-08
5.63806e-09
1.39477e-09
3.62464e-10
9.88994e-11
2.83142e-11
8.50058e-12
2.67401e-12
8.80537e-13
3.03244e-13
1.09116e-13
4.09829e-14
1.60499e-14
6.54555e-15
2.77662e-15
1.22376e-15
5.59709e-16
2.65014e-16
1.31229e-16
6.06379e-17
8.35244e+11
7.3993e+11
5.86111e+11
4.54419e+11
3.43402e+11
2.51933e+11
1.78774e+11
1.22288e+11
8.03743e+10
5.05973e+10
3.04091e+10
1.73895e+10
9.42879e+09
4.82981e+09
2.32863e+09
1.05285e+09
4.448e+08
1.75003e+08
6.39278e+07
2.16251e+07
6.75954e+06
1.94904e+06
517829
126687
28535.3
5918.69
1131.23
199.408
32.462
4.89826
0.708494
0.103848
0.0158589
0.00252975
0.000422395
7.39363e-05
1.35818e-05
2.62039e-06
5.31236e-07
1.13208e-07
2.53611e-08
5.97196e-09
1.4778e-09
3.84171e-10
1.04863e-10
3.00347e-11
9.0217e-12
2.83957e-12
9.3566e-13
3.22459e-13
1.16122e-13
4.36518e-14
1.7111e-14
6.98519e-15
2.96622e-15
1.30876e-15
5.99278e-16
2.84088e-16
1.40846e-16
6.51812e-17
8.30458e+11
7.32223e+11
5.75964e+11
4.43963e+11
3.34079e+11
2.4448e+11
1.7335e+11
1.18671e+11
7.81649e+10
4.93666e+10
2.97916e+10
1.71171e+10
9.32883e+09
4.80424e+09
2.32885e+09
1.05856e+09
4.49516e+08
1.7772e+08
6.52151e+07
2.21526e+07
6.95064e+06
2.01096e+06
535895
131456
29678.5
6168.21
1180.96
208.484
33.9821
5.13303
0.743097
0.108997
0.0166547
0.00265795
0.000443973
7.77385e-05
1.42841e-05
2.75656e-06
5.58959e-07
1.1914e-07
2.66952e-08
6.28745e-09
1.55623e-09
4.04664e-10
1.10489e-10
3.16571e-11
9.51282e-12
2.99552e-12
9.87558e-13
3.40544e-13
1.22714e-13
4.61631e-14
1.81095e-14
7.39907e-15
3.14482e-15
1.38889e-15
6.3661e-16
3.02102e-16
1.49941e-16
6.94853e-17
8.2639e+11
7.25648e+11
5.67272e+11
4.34939e+11
3.25948e+11
2.37893e+11
1.68482e+11
1.1537e+11
7.61084e+10
4.81952e+10
2.91871e+10
1.68398e+10
9.22014e+09
4.77143e+09
2.32444e+09
1.06175e+09
4.53018e+08
1.79913e+08
6.62981e+07
2.26077e+07
7.1184e+06
2.066e+06
552104
135766
30717.7
6396.13
1226.57
216.832
35.3837
5.34998
0.775128
0.11377
0.0173934
0.00277707
0.00046404
8.1277e-05
1.49381e-05
2.8834e-06
5.84792e-07
1.24668e-07
2.79385e-08
6.58138e-09
1.62927e-09
4.2374e-10
1.15724e-10
3.31656e-11
9.96915e-12
3.14032e-12
1.03572e-12
3.57317e-13
1.28826e-13
4.84905e-14
1.90349e-14
7.78262e-15
3.31036e-15
1.4632e-15
6.7125e-16
3.18831e-16
1.58395e-16
7.34926e-17
8.22945e+11
7.20065e+11
5.59878e+11
4.27225e+11
3.18942e+11
2.32161e+11
1.64195e+11
1.12421e+11
7.42431e+10
4.71132e+10
2.86164e+10
1.65703e+10
9.10961e+09
4.73478e+09
2.31692e+09
1.06304e+09
4.55529e+08
1.81656e+08
6.71976e+07
2.29955e+07
7.26374e+06
2.11425e+06
566446
139607
31648.6
6601.17
1267.74
224.39
36.6557
5.54724
0.804301
0.118123
0.0180678
0.00288594
0.000482395
8.45161e-05
1.55371e-05
2.99964e-06
6.08472e-07
1.29736e-07
2.90784e-08
6.85083e-09
1.69621e-09
4.41215e-10
1.20517e-10
3.45459e-11
1.03864e-11
3.27262e-12
1.07969e-12
3.72619e-13
1.34398e-13
5.06115e-14
1.98778e-14
8.13193e-15
3.46112e-15
1.53088e-15
7.02814e-16
3.34083e-16
1.66109e-16
7.71539e-17
8.20051e+11
7.15365e+11
5.5365e+11
4.20707e+11
3.12991e+11
2.27255e+11
1.6049e+11
1.09845e+11
7.25925e+10
4.61416e+10
2.80949e+10
1.63184e+10
9.00287e+09
4.69719e+09
2.30762e+09
1.06297e+09
4.57258e+08
1.83016e+08
6.79338e+07
2.3321e+07
7.38775e+06
2.15589e+06
578925
142969
32467.8
6782.34
1304.23
231.106
37.7885
5.72323
0.830365
0.122017
0.0186718
0.00298351
0.000498859
8.74235e-05
1.60751e-05
3.10409e-06
6.29759e-07
1.34293e-07
3.01035e-08
7.09314e-09
1.7564e-09
4.56923e-10
1.24823e-10
3.57852e-11
1.07607e-11
3.39123e-12
1.11907e-12
3.86315e-13
1.39381e-13
5.25067e-14
2.06305e-14
8.44374e-15
3.59565e-15
1.59127e-15
7.30982e-16
3.47699e-16
1.72998e-16
8.04278e-17
8.1765e+11
7.11464e+11
5.48482e+11
4.1529e+11
3.08027e+11
2.2314e+11
1.5736e+11
1.07649e+11
7.11708e+10
4.52947e+10
2.76339e+10
1.60918e+10
8.90445e+09
4.66106e+09
2.29769e+09
1.06203e+09
4.58389e+08
1.84057e+08
6.85255e+07
2.35892e+07
7.49149e+06
2.19109e+06
589553
145850
33172.8
6938.77
1335.83
236.935
38.7735
5.87648
0.85309
0.125416
0.0191994
0.00306882
0.000513265
8.99691e-05
1.65465e-05
3.19564e-06
6.48426e-07
1.38291e-07
3.1003e-08
7.30577e-09
1.80921e-09
4.70703e-10
1.28598e-10
3.68713e-11
1.10886e-11
3.49503e-12
1.15351e-12
3.98279e-13
1.4373e-13
5.41595e-14
2.12864e-14
8.71525e-15
3.71274e-15
1.64382e-15
7.55487e-16
3.59545e-16
1.78995e-16
8.32801e-17
8.15717e+11
7.08309e+11
5.44297e+11
4.10896e+11
3.03988e+11
2.19776e+11
1.54787e+11
1.05832e+11
6.99844e+10
4.45813e+10
2.72412e+10
1.58961e+10
8.81784e+09
4.62829e+09
2.28806e+09
1.06063e+09
4.59084e+08
1.84836e+08
6.89903e+07
2.38049e+07
7.57605e+06
2.22005e+06
598356
148248
33761.9
7069.91
1362.38
241.843
39.6041
6.00588
0.872298
0.128291
0.019646
0.0031411
0.000525478
9.21286e-05
1.69466e-05
3.2734e-06
6.64288e-07
1.4169e-07
3.17678e-08
7.48663e-09
1.85413e-09
4.82422e-10
1.31809e-10
3.77945e-11
1.13671e-11
3.58312e-12
1.18271e-12
4.08415e-13
1.47411e-13
5.55569e-14
2.18405e-14
8.94441e-15
3.8115e-15
1.68811e-15
7.76139e-16
3.69528e-16
1.84049e-16
8.56862e-17
8.14193e+11
7.05829e+11
5.41016e+11
4.07453e+11
3.00818e+11
2.17129e+11
1.52754e+11
1.04388e+11
6.90358e+10
4.40066e+10
2.69221e+10
1.57354e+10
8.74572e+09
4.6004e+09
2.27949e+09
1.05912e+09
4.59478e+08
1.854e+08
6.93432e+07
2.3972e+07
7.6424e+06
2.24296e+06
605359
150164
34234.1
7175.29
1383.76
245.801
40.2748
6.11048
0.887837
0.130619
0.0200079
0.00319969
0.000535382
9.38809e-05
1.72714e-05
3.33656e-06
6.77181e-07
1.44453e-07
3.23901e-08
7.63381e-09
1.8907e-09
4.91963e-10
1.34422e-10
3.85457e-11
1.15936e-11
3.65473e-12
1.20643e-12
4.16639e-13
1.50395e-13
5.66883e-14
2.22886e-14
9.12957e-15
3.89123e-15
1.72385e-15
7.92794e-16
3.77578e-16
1.88125e-16
8.76284e-17
8.13075e+11
7.04004e+11
5.386e+11
4.04914e+11
2.98478e+11
2.1517e+11
1.51244e+11
1.03312e+11
6.83255e+10
4.35739e+10
2.66803e+10
1.56127e+10
8.69005e+09
4.57854e+09
2.27257e+09
1.05776e+09
4.59678e+08
1.85788e+08
6.95967e+07
2.40942e+07
7.6914e+06
2.25998e+06
610587
151599
34588.6
7254.59
1399.88
248.788
40.7814
6.18955
0.89959
0.13238
0.0202818
0.00324406
0.000542887
9.52094e-05
1.75178e-05
3.38451e-06
6.86973e-07
1.46554e-07
3.28633e-08
7.7458e-09
1.91853e-09
4.99227e-10
1.36412e-10
3.91176e-11
1.1766e-11
3.70921e-12
1.22446e-12
4.22885e-13
1.52658e-13
5.75458e-14
2.26279e-14
9.26961e-15
3.95147e-15
1.75083e-15
8.05364e-16
3.83653e-16
1.91202e-16
8.90964e-17
8.12336e+11
7.02799e+11
5.37007e+11
4.03241e+11
2.96935e+11
2.13877e+11
1.50246e+11
1.02598e+11
6.78528e+10
4.32849e+10
2.6518e+10
1.55298e+10
8.65222e+09
4.56353e+09
2.26772e+09
1.05674e+09
4.59767e+08
1.86031e+08
6.97604e+07
2.41742e+07
7.72368e+06
2.27125e+06
614060
152555
34825.2
7307.56
1410.65
250.787
41.1206
6.24253
0.907467
0.133562
0.0204656
0.00327384
0.000547924
9.61016e-05
1.76834e-05
3.41676e-06
6.93564e-07
1.47969e-07
3.31824e-08
7.8214e-09
1.93734e-09
5.04138e-10
1.37758e-10
3.95046e-11
1.18827e-11
3.74605e-12
1.23664e-12
4.27103e-13
1.54186e-13
5.81236e-14
2.28562e-14
9.36376e-15
3.99194e-15
1.76895e-15
8.13802e-16
3.87733e-16
1.9327e-16
9.0086e-17
8.1197e+11
7.02202e+11
5.36216e+11
4.0241e+11
2.96168e+11
2.13234e+11
1.49748e+11
1.02242e+11
6.76167e+10
4.31401e+10
2.64365e+10
1.54881e+10
8.63309e+09
4.5559e+09
2.26523e+09
1.0562e+09
4.59798e+08
1.86147e+08
6.98406e+07
2.42137e+07
7.73971e+06
2.27686e+06
615793
153032
34943.5
7334.09
1416.05
251.789
41.2906
6.26908
0.911415
0.134154
0.0205576
0.00328876
0.000550452
9.65497e-05
1.77666e-05
3.43299e-06
6.96889e-07
1.48684e-07
3.33441e-08
7.85979e-09
1.94691e-09
5.06643e-10
1.38446e-10
3.97025e-11
1.19424e-11
3.76491e-12
1.24288e-12
4.2926e-13
1.54966e-13
5.84184e-14
2.29726e-14
9.41169e-15
4.01253e-15
1.77817e-15
8.18105e-16
3.89819e-16
1.94331e-16
9.05986e-17
8.1197e+11
7.02202e+11
5.36216e+11
4.0241e+11
2.96168e+11
2.13234e+11
1.49748e+11
1.02242e+11
6.76167e+10
4.31401e+10
2.64365e+10
1.54881e+10
8.63309e+09
4.5559e+09
2.26523e+09
1.0562e+09
4.59798e+08
1.86147e+08
6.98406e+07
2.42137e+07
7.73971e+06
2.27687e+06
615793
153032
34943.5
7334.08
1416.04
251.788
41.2903
6.26902
0.911404
0.134152
0.0205573
0.00328873
0.000550447
9.65496e-05
1.77667e-05
3.43307e-06
6.96914e-07
1.48692e-07
3.33466e-08
7.86054e-09
1.94713e-09
5.06711e-10
1.38467e-10
3.9709e-11
1.19444e-11
3.76558e-12
1.24311e-12
4.29337e-13
1.54993e-13
5.84286e-14
2.29766e-14
9.41336e-15
4.01328e-15
1.77854e-15
8.18297e-16
3.89927e-16
1.94397e-16
9.06402e-17
8.12337e+11
7.028e+11
5.37007e+11
4.03241e+11
2.96935e+11
2.13877e+11
1.50246e+11
1.02598e+11
6.78528e+10
4.32848e+10
2.6518e+10
1.55298e+10
8.65222e+09
4.56353e+09
2.26772e+09
1.05674e+09
4.59767e+08
1.86031e+08
6.97604e+07
2.41742e+07
7.72368e+06
2.27125e+06
614060
152555
34825.1
7307.53
1410.64
250.784
41.1196
6.24236
0.907434
0.133557
0.0204647
0.00327373
0.000547912
9.61018e-05
1.76839e-05
3.41699e-06
6.93642e-07
1.47994e-07
3.31899e-08
7.82362e-09
1.938e-09
5.04339e-10
1.3782e-10
3.95238e-11
1.18888e-11
3.74805e-12
1.23732e-12
4.27336e-13
1.54269e-13
5.81552e-14
2.28688e-14
9.3691e-15
3.99438e-15
1.77015e-15
8.14438e-16
3.88092e-16
1.93485e-16
9.02208e-17
8.13073e+11
7.04002e+11
5.38599e+11
4.04913e+11
2.98478e+11
2.1517e+11
1.51244e+11
1.03311e+11
6.83255e+10
4.35739e+10
2.66802e+10
1.56127e+10
8.69004e+09
4.57854e+09
2.27257e+09
1.05776e+09
4.59679e+08
1.85788e+08
6.95968e+07
2.40943e+07
7.6914e+06
2.25998e+06
610587
151599
34588.4
7254.52
1399.85
248.782
40.7798
6.18928
0.899539
0.132373
0.0202807
0.00324394
0.000542875
9.52111e-05
1.75189e-05
3.38494e-06
6.87109e-07
1.46595e-07
3.28756e-08
7.74943e-09
1.91961e-09
4.99551e-10
1.36511e-10
3.91486e-11
1.1776e-11
3.71248e-12
1.22557e-12
4.23277e-13
1.52803e-13
5.76017e-14
2.26508e-14
9.27961e-15
3.95615e-15
1.75317e-15
8.06614e-16
3.84358e-16
1.91621e-16
8.93537e-17
8.14194e+11
7.0583e+11
5.41017e+11
4.07453e+11
3.00819e+11
2.17129e+11
1.52754e+11
1.04388e+11
6.90358e+10
4.40066e+10
2.69221e+10
1.57354e+10
8.74572e+09
4.6004e+09
2.27949e+09
1.05912e+09
4.59478e+08
1.854e+08
6.93433e+07
2.3972e+07
7.64241e+06
2.24296e+06
605358
150163
34233.6
7175.19
1383.72
245.793
40.2727
6.11016
0.887776
0.130611
0.0200067
0.00319959
0.00053538
9.3886e-05
1.72734e-05
3.33724e-06
6.77383e-07
1.44513e-07
3.24072e-08
7.63876e-09
1.89215e-09
4.92396e-10
1.34555e-10
3.85872e-11
1.1607e-11
3.65921e-12
1.20798e-12
4.172e-13
1.50608e-13
5.67736e-14
2.23248e-14
9.14592e-15
3.89907e-15
1.72783e-15
7.94935e-16
3.78783e-16
1.88837e-16
8.80547e-17
8.15718e+11
7.08309e+11
5.44298e+11
4.10897e+11
3.03989e+11
2.19777e+11
1.54788e+11
1.05832e+11
6.99845e+10
4.45813e+10
2.72412e+10
1.58961e+10
8.81784e+09
4.62829e+09
2.28806e+09
1.06063e+09
4.59084e+08
1.84836e+08
6.89903e+07
2.38049e+07
7.57604e+06
2.22005e+06
598352
148247
33761.2
7069.75
1362.33
241.833
39.6016
6.00554
0.872236
0.128285
0.0196452
0.00314111
0.000525499
9.21394e-05
1.69499e-05
3.27439e-06
6.64565e-07
1.41767e-07
3.17895e-08
7.49279e-09
1.85592e-09
4.82953e-10
1.31971e-10
3.78456e-11
1.13838e-11
3.58881e-12
1.18473e-12
4.09169e-13
1.47707e-13
5.56798e-14
2.18945e-14
8.96946e-15
3.82377e-15
1.69443e-15
7.79544e-16
3.71439e-16
1.85169e-16
8.63426e-17
8.17657e+11
7.11469e+11
5.48486e+11
4.15293e+11
3.08029e+11
2.23141e+11
1.57361e+11
1.0765e+11
7.1171e+10
4.52948e+10
2.76339e+10
1.60919e+10
8.90446e+09
4.66106e+09
2.29769e+09
1.06203e+09
4.5839e+08
1.84057e+08
6.85255e+07
2.35892e+07
7.49146e+06
2.19108e+06
589545
145848
33171.8
6938.55
1335.76
236.924
38.7709
5.87617
0.853039
0.125413
0.0191992
0.003069
0.000513322
8.99878e-05
1.65515e-05
3.197e-06
6.48785e-07
1.38388e-07
3.10292e-08
7.31309e-09
1.8113e-09
4.71322e-10
1.28788e-10
3.69318e-11
1.11087e-11
3.50203e-12
1.15607e-12
3.99266e-13
1.44132e-13
5.43315e-14
2.13641e-14
8.75208e-15
3.73104e-15
1.65331e-15
7.6061e-16
3.62407e-16
1.80661e-16
8.42385e-17
8.20045e+11
7.1536e+11
5.53647e+11
4.20706e+11
3.12991e+11
2.27255e+11
1.6049e+11
1.09845e+11
7.25926e+10
4.61416e+10
2.80949e+10
1.63185e+10
9.00288e+09
4.6972e+09
2.30762e+09
1.06297e+09
4.57259e+08
1.83016e+08
6.79337e+07
2.33209e+07
7.3877e+06
2.15587e+06
578913
142966
32466.6
6782.06
1304.15
231.094
37.7861
5.72301
0.830338
0.122019
0.0186728
0.00298393
0.000498964
8.7452e-05
1.60821e-05
3.10586e-06
6.30207e-07
1.3441e-07
3.01343e-08
7.10159e-09
1.75879e-09
4.57632e-10
1.25041e-10
3.58559e-11
1.07848e-11
3.39982e-12
1.12231e-12
3.87602e-13
1.3992e-13
5.27432e-14
2.07394e-14
8.49612e-15
3.62189e-15
1.60492e-15
7.38337e-16
3.51788e-16
1.75362e-16
8.17665e-17
8.2296e+11
7.20076e+11
5.59886e+11
4.27229e+11
3.18945e+11
2.32163e+11
1.64196e+11
1.12422e+11
7.42435e+10
4.71134e+10
2.86165e+10
1.65704e+10
9.10964e+09
4.73479e+09
2.31692e+09
1.06304e+09
4.5553e+08
1.81655e+08
6.71974e+07
2.29953e+07
7.26365e+06
2.11422e+06
566429
139602
31647
6600.86
1267.66
224.38
36.654
5.5472
0.804312
0.118133
0.0180704
0.00288665
0.000482557
8.45559e-05
1.55463e-05
3.00187e-06
6.09014e-07
1.29873e-07
2.91141e-08
6.8605e-09
1.69895e-09
4.42029e-10
1.20771e-10
3.46296e-11
1.04155e-11
3.28331e-12
1.08382e-12
3.74302e-13
1.35117e-13
5.09322e-14
2.00271e-14
8.20427e-15
3.49745e-15
1.54977e-15
7.12959e-16
3.39693e-16
1.6933e-16
7.89529e-17
8.26375e+11
7.25636e+11
5.67265e+11
4.34935e+11
3.25945e+11
2.37892e+11
1.68481e+11
1.15369e+11
7.61084e+10
4.81952e+10
2.91872e+10
1.68399e+10
9.22016e+09
4.77143e+09
2.32444e+09
1.06175e+09
4.53017e+08
1.79913e+08
6.62977e+07
2.26074e+07
7.11826e+06
2.06594e+06
552084
135761
30716
6395.83
1226.5
216.826
35.3831
5.3502
0.77519
0.11379
0.0173977
0.00277813
0.000464266
8.13289e-05
1.49497e-05
2.88611e-06
5.85434e-07
1.24827e-07
2.79796e-08
6.59248e-09
1.63243e-09
4.24689e-10
1.16026e-10
3.32671e-11
1.00052e-11
3.15385e-12
1.04105e-12
3.59522e-13
1.29779e-13
4.89194e-14
1.92355e-14
7.87991e-15
3.35916e-15
1.48848e-15
6.84762e-16
3.26257e-16
1.6263e-16
7.58296e-17
8.30459e+11
7.32224e+11
5.75964e+11
4.43962e+11
3.34079e+11
2.44479e+11
1.73349e+11
1.1867e+11
7.81644e+10
4.93663e+10
2.97915e+10
1.7117e+10
9.32881e+09
4.80423e+09
2.32885e+09
1.05856e+09
4.49514e+08
1.77719e+08
6.52143e+07
2.21522e+07
6.95046e+06
2.0109e+06
535871
131450
29676.8
6167.97
1180.92
208.485
33.9831
5.13361
0.743223
0.109028
0.0166611
0.00265937
0.000444265
7.78028e-05
1.42981e-05
2.75975e-06
5.59708e-07
1.19324e-07
2.67428e-08
6.30039e-09
1.55996e-09
4.05801e-10
1.10858e-10
3.17833e-11
9.55845e-12
3.01288e-12
9.94482e-13
3.43428e-13
1.23966e-13
4.67275e-14
1.83733e-14
7.52665e-15
3.20855e-15
1.42174e-15
6.54057e-16
3.11627e-16
1.55337e-16
7.24301e-17
8.35289e+11
7.39966e+11
5.86137e+11
4.54437e+11
3.43414e+11
2.5194e+11
1.78778e+11
1.2229e+11
8.03751e+10
5.05975e+10
3.04091e+10
1.73895e+10
9.42876e+09
4.82979e+09
2.32862e+09
1.05284e+09
4.44796e+08
1.75001e+08
6.39267e+07
2.16245e+07
6.75931e+06
1.94897e+06
517804
126681
28533.9
5918.57
1131.22
199.419
32.4652
4.89926
0.708695
0.103892
0.0158674
0.00253155
0.000422755
7.40132e-05
1.35982e-05
2.6241e-06
5.32103e-07
1.13422e-07
2.54167e-08
5.98733e-09
1.4823e-09
3.85569e-10
1.05323e-10
3.01947e-11
9.08019e-12
2.86199e-12
9.44638e-13
3.26204e-13
1.17745e-13
4.43815e-14
1.74506e-14
7.14855e-15
3.04734e-15
1.3503e-15
6.2119e-16
2.95967e-16
1.4753e-16
6.8792e-17
8.4083e+11
7.48915e+11
5.97877e+11
4.66414e+11
3.53944e+11
2.60219e+11
1.84692e+11
1.26151e+11
8.26793e+10
5.18452e+10
3.10126e+10
1.76413e+10
9.51169e+09
4.84416e+09
2.32205e+09
1.04392e+09
4.38629e+08
1.71686e+08
6.24152e+07
2.10202e+07
6.54411e+06
1.88013e+06
497917
121473
27293.4
5649.19
1077.76
189.7
30.8423
4.64926
0.671927
0.0984314
0.0150246
0.00239595
0.000399955
6.99991e-05
1.28573e-05
2.4806e-06
5.02912e-07
1.07184e-07
2.40157e-08
5.65668e-09
1.40032e-09
3.64215e-10
9.94829e-11
2.85187e-11
8.57574e-12
2.70287e-12
8.92082e-13
3.08045e-13
1.11187e-13
4.19085e-14
1.64778e-14
6.74996e-15
2.87739e-15
1.27498e-15
5.86538e-16
2.79458e-16
1.393e-16
6.49564e-17
8.47524e+11
7.59521e+11
6.1153e+11
4.80067e+11
3.65685e+11
2.6923e+11
1.90966e+11
1.30138e+11
8.49874e+10
5.30505e+10
3.15671e+10
1.78539e+10
9.56842e+09
4.84317e+09
2.30739e+09
1.03115e+09
4.30787e+08
1.67707e+08
6.06624e+07
2.03356e+07
6.30442e+06
1.80444e+06
476269
115848
25962.3
5361.66
1020.93
179.405
29.1284
4.38586
0.633263
0.0926976
0.0141408
0.0022539
0.000376093
6.58015e-05
1.20831e-05
2.33071e-06
4.7244e-07
1.00674e-07
2.25544e-08
5.31194e-09
1.31486e-09
3.41965e-10
9.33998e-11
2.67735e-11
8.05058e-12
2.53725e-12
8.37391e-13
2.8915e-13
1.04364e-13
3.93359e-14
1.5466e-14
6.33537e-15
2.70062e-15
1.19664e-15
5.50494e-16
2.62284e-16
1.30739e-16
6.09662e-17
8.55594e+11
7.72087e+11
6.27315e+11
4.95452e+11
3.78564e+11
2.78837e+11
1.97447e+11
1.34106e+11
8.71825e+10
5.41303e+10
3.2021e+10
1.79989e+10
9.58509e+09
4.82074e+09
2.28227e+09
1.01369e+09
4.21007e+08
1.62992e+08
5.86524e+07
1.95683e+07
6.04031e+06
1.72211e+06
452961
109841
24550.2
5058.27
961.245
168.63
27.3399
4.11166
0.593097
0.0867508
0.0132254
0.00210694
0.000351429
6.14661e-05
1.1284e-05
2.17611e-06
4.41024e-07
9.39664e-08
2.10492e-08
4.95699e-09
1.22691e-09
3.1907e-10
8.71422e-11
2.49787e-11
7.51064e-12
2.36701e-12
7.81187e-13
2.69737e-13
9.73557e-14
3.66937e-14
1.44269e-14
5.90963e-15
2.51911e-15
1.1162e-15
5.13485e-16
2.44649e-16
1.21948e-16
5.68684e-17
8.64825e+11
7.86492e+11
6.44895e+11
5.11961e+11
3.9187e+11
2.88436e+11
2.03741e+11
1.37855e+11
8.91827e+10
5.50559e+10
3.23635e+10
1.80708e+10
9.55831e+09
4.77494e+09
2.24573e+09
9.91131e+08
4.09156e+08
1.57505e+08
5.63786e+07
1.87183e+07
5.75239e+06
1.63349e+06
428126
103493
23067.7
4741.52
899.208
157.473
25.4936
3.82934
0.551826
0.0806507
0.0122877
0.00195658
0.000326218
5.70382e-05
1.04684e-05
2.01841e-06
4.08998e-07
8.71313e-08
1.95161e-08
4.59558e-09
1.13738e-09
2.95774e-10
8.07768e-11
2.31534e-11
6.96168e-12
2.19397e-12
7.24069e-13
2.50013e-13
9.02361e-14
3.40101e-14
1.33718e-14
5.47738e-15
2.33484e-15
1.03455e-15
4.75921e-16
2.26751e-16
1.13025e-16
5.27092e-17
8.77179e+11
8.04387e+11
6.65233e+11
5.2998e+11
4.05413e+11
2.97364e+11
2.08998e+11
1.4063e+11
9.04633e+10
5.5526e+10
3.24467e+10
1.80058e+10
9.46361e+09
4.69723e+09
2.19504e+09
9.62711e+08
3.9504e+08
1.51207e+08
5.38376e+07
1.77873e+07
5.44188e+06
1.5391e+06
401935
96852.7
21527.6
4414.26
835.407
146.042
23.608
3.54175
0.509874
0.0744605
0.0113375
0.00180439
0.000300726
5.25647e-05
9.64506e-06
1.8593e-06
3.76702e-07
8.02421e-08
1.79715e-08
4.2316e-09
1.04725e-09
2.72327e-10
7.4372e-11
2.13173e-11
6.40958e-12
2.01998e-12
6.66649e-13
2.30188e-13
8.30815e-14
3.13138e-14
1.23118e-14
5.04324e-15
2.1498e-15
9.52568e-16
4.3821e-16
2.08785e-16
1.0407e-16
4.85345e-17
8.9069e+11
8.23113e+11
6.84697e+11
5.46869e+11
4.18473e+11
3.06272e+11
2.14243e+11
1.43216e+11
9.14453e+10
5.57074e+10
3.23164e+10
1.78089e+10
9.29738e+09
4.58469e+09
2.12889e+09
9.27969e+08
3.78543e+08
1.44084e+08
5.10328e+07
1.67789e+07
5.11063e+06
1.43962e+06
374605
89979.7
19944.1
4079.65
770.476
134.453
21.7024
3.25187
0.467678
0.0682453
0.0103848
0.00165198
0.000275222
4.80928e-05
8.82257e-06
1.70046e-06
3.44477e-07
7.33713e-08
1.64317e-08
3.86889e-09
9.57469e-10
2.48978e-10
6.79955e-11
1.94898e-11
5.86018e-12
1.84687e-12
6.09532e-13
2.10471e-13
7.59668e-14
2.8633e-14
1.1258e-14
4.61172e-15
1.9659e-15
8.71105e-16
4.00743e-16
1.90938e-16
9.51751e-17
4.43885e-17
9.12011e+11
8.48692e+11
7.03307e+11
5.56717e+11
4.22906e+11
3.08241e+11
2.1508e+11
1.43377e+11
9.11859e+10
5.52624e+10
3.18668e+10
1.74498e+10
9.05138e+09
4.43507e+09
2.04667e+09
8.86799e+08
3.59676e+08
1.36158e+08
4.79795e+07
1.57003e+07
4.7613e+06
1.33592e+06
346390
82940.8
18333.1
3741.12
705.084
122.826
19.7967
2.96273
0.425682
0.0620703
0.00943969
0.00150095
0.000249975
4.36696e-05
8.00958e-06
1.54354e-06
3.12659e-07
6.65902e-08
1.49126e-08
3.51117e-09
8.6895e-10
2.25965e-10
6.17126e-11
1.76896e-11
5.31912e-12
1.67643e-12
5.53304e-13
1.91064e-13
6.89651e-14
2.5995e-14
1.02213e-14
4.18718e-15
1.785e-15
7.90975e-16
3.63893e-16
1.73387e-16
8.6429e-17
4.03121e-17
9.16954e+11
8.64786e+11
7.25495e+11
5.72233e+11
4.29714e+11
3.09404e+11
2.13853e+11
1.41615e+11
8.96114e+10
5.40557e+10
3.10184e+10
1.68953e+10
8.71472e+09
4.24559e+09
1.94797e+09
8.39271e+08
3.38542e+08
1.2749e+08
4.47046e+07
1.45617e+07
4.3974e+06
1.22909e+06
317589
75811.3
16711.9
3402.29
639.931
111.286
17.9111
2.67738
0.384324
0.0559996
0.00851182
0.00135286
0.000225242
3.93401e-05
7.21437e-06
1.39015e-06
2.81571e-07
5.99671e-08
1.34294e-08
3.16202e-09
7.82573e-10
2.03514e-10
5.55849e-11
1.59343e-11
4.79168e-12
1.51031e-12
4.98516e-13
1.72157e-13
6.21452e-14
2.3426e-14
9.21167e-15
3.77382e-15
1.60887e-15
7.12964e-16
3.2802e-16
1.56301e-16
7.79152e-17
3.6344e-17
8.53324e+11
7.99319e+11
6.8956e+11
5.55287e+11
4.21174e+11
3.0355e+11
2.09009e+11
1.37693e+11
8.6699e+10
5.20637e+10
2.97455e+10
1.61293e+10
8.28013e+09
4.01379e+09
1.83219e+09
7.85333e+08
3.15182e+08
1.18113e+08
4.12234e+07
1.33691e+07
4.02093e+06
1.11971e+06
288361
68629.3
15089.1
3064.89
575.341
99.8879
16.0543
2.39712
0.343788
0.0500594
0.00760513
0.00120831
0.000201124
3.51216e-05
6.44007e-06
1.24087e-06
2.51331e-07
5.35275e-08
1.19877e-08
2.82273e-09
6.98654e-10
1.81706e-10
4.96335e-11
1.42298e-11
4.27959e-12
1.34906e-12
4.45342e-13
1.53812e-13
5.5529e-14
2.09341e-14
8.23261e-15
3.37302e-15
1.43812e-15
6.37343e-16
2.93247e-16
1.39741e-16
6.96635e-17
3.24978e-17
7.03851e+11
7.03356e+11
6.21654e+11
5.11042e+11
3.94133e+11
2.8703e+11
1.98484e+11
1.30768e+11
8.21607e+10
4.91853e+10
2.8003e+10
1.51275e+10
7.73466e+09
3.73328e+09
1.69646e+09
7.23781e+08
2.89124e+08
1.0785e+08
3.74748e+07
1.21024e+07
3.62567e+06
1.006e+06
258231
61278.8
13438.2
2723.44
510.258
88.4444
14.1959
2.1173
0.303397
0.0441501
0.00670432
0.00106485
0.000177209
3.09415e-05
5.67331e-06
1.09314e-06
2.21417e-07
4.71598e-08
1.05626e-08
2.48743e-09
6.15739e-10
1.60162e-10
4.37548e-11
1.25462e-11
3.77381e-12
1.1898e-12
3.92831e-13
1.35697e-13
4.89966e-14
1.84742e-14
7.26627e-15
2.9775e-15
1.26964e-15
5.62746e-16
2.58953e-16
1.23411e-16
6.15275e-17
2.87059e-17
5.45844e+11
5.8935e+11
5.34126e+11
4.4746e+11
3.51128e+11
2.59407e+11
1.81187e+11
1.20043e+11
7.55835e+10
4.52397e+10
2.57157e+10
1.38579e+10
7.06398e+09
3.39771e+09
1.53808e+09
6.53545e+08
2.59973e+08
9.65672e+07
3.34153e+07
1.07484e+07
3.20793e+06
886988
226957
53703.6
11747.2
2375.5
444.229
76.8773
12.3232
1.83605
0.262885
0.0382327
0.00580344
0.000921522
0.000153335
2.67716e-05
4.90885e-06
9.4591e-07
1.91619e-07
4.08194e-08
9.14411e-09
2.15379e-09
5.33253e-10
1.38734e-10
3.79084e-11
1.0872e-11
3.27088e-12
1.03144e-12
3.40614e-13
1.17683e-13
4.25004e-14
1.60279e-14
6.30529e-15
2.5842e-15
1.10213e-15
4.88583e-16
2.24862e-16
1.07181e-16
5.34429e-17
2.49384e-17
3.97343e+11
4.69034e+11
4.37178e+11
3.73005e+11
2.97603e+11
2.23254e+11
1.57951e+11
1.05655e+11
6.69393e+10
4.02005e+10
2.28782e+10
1.23241e+10
6.27292e+09
3.01039e+09
1.35889e+09
5.75528e+08
2.28133e+08
8.44297e+07
2.91075e+07
9.32883e+06
2.7746e+06
764681
195077
46035.2
10045.7
2027.17
378.413
65.39
10.4691
1.55832
0.222963
0.0324112
0.00491832
0.000780848
0.000129922
2.26845e-05
4.15989e-06
8.01724e-07
1.62445e-07
3.46133e-08
7.75599e-09
1.82737e-09
4.5257e-10
1.17779e-10
3.21921e-11
9.23525e-12
2.77925e-12
8.76652e-13
2.89573e-13
1.00073e-13
3.61498e-14
1.36362e-14
5.36564e-15
2.19959e-15
9.38305e-16
4.16046e-16
1.91518e-16
9.13055e-17
4.55357e-17
2.12536e-17
2.71452e+11
3.53241e+11
3.39889e+11
2.95505e+11
2.39582e+11
1.82476e+11
1.30908e+11
8.86062e+10
5.66568e+10
3.42483e+10
1.95714e+10
1.05654e+10
5.3809e+09
2.58078e+09
1.16323e+09
4.91608e+08
1.94361e+08
7.17227e+07
2.46512e+07
7.87624e+06
2.33549e+06
641808
163292
38440.3
8370.06
1685.84
314.19
54.22
8.67159
1.28973
0.184431
0.0268015
0.00406649
0.000645603
0.000107429
1.87604e-05
3.4411e-06
6.63381e-07
1.34458e-07
2.86602e-08
6.42456e-09
1.51429e-09
3.7519e-10
9.76827e-11
2.67106e-11
7.66589e-12
2.3079e-12
7.28258e-13
2.40646e-13
8.31938e-14
3.00624e-14
1.13435e-14
4.46485e-15
1.83083e-15
7.81213e-16
3.46481e-16
1.59535e-16
7.60756e-17
3.79487e-17
1.77173e-17
1.74051e+11
2.50774e+11
2.50013e+11
2.21754e+11
1.82674e+11
1.41214e+11
1.02745e+11
7.0444e+10
4.55442e+10
2.77772e+10
1.598e+10
8.66672e+09
4.4265e+09
2.12594e+09
9.58403e+08
4.0475e+08
1.59796e+08
5.88563e+07
2.01846e+07
6.43391e+06
1.90322e+06
521784
132458
31117.5
6763.04
1359.97
253.113
43.6321
6.97237
1.03639
0.148154
0.0215275
0.00326654
0.000518708
8.63396e-05
1.50831e-05
2.76776e-06
5.33817e-07
1.0825e-07
2.30855e-08
5.17763e-09
1.22104e-09
3.027e-10
7.88534e-11
2.15738e-11
6.19508e-12
1.86611e-12
5.89163e-13
1.94783e-13
6.73715e-14
2.43563e-14
9.1945e-15
3.62049e-15
1.48518e-15
6.33955e-16
2.81266e-16
1.29548e-16
6.17949e-17
3.08336e-17
1.44002e-17
1.04748e+11
1.67162e+11
1.73204e+11
1.56961e+11
1.3141e+11
1.03082e+11
7.6057e+10
5.28408e+10
3.45772e+10
2.13102e+10
1.2366e+10
6.75216e+09
3.46587e+09
1.67021e+09
7.54479e+08
3.18917e+08
1.25912e+08
4.6346e+07
1.58764e+07
5.0534e+06
1.49245e+06
408487
103527
24283.4
5270.36
1058.52
196.81
33.8998
5.41417
0.804515
0.115
0.0167128
0.00253685
0.000403031
6.71237e-05
1.17337e-05
2.1546e-06
4.1585e-07
8.43883e-08
1.80097e-08
4.04214e-09
9.53943e-10
2.36654e-10
6.16922e-11
1.68905e-11
4.85361e-12
1.46303e-12
4.62215e-13
1.52913e-13
5.29234e-14
1.91448e-14
7.23143e-15
2.8491e-15
1.16937e-15
4.99404e-16
2.21675e-16
1.02147e-16
4.87448e-17
2.43313e-17
1.13683e-17
5.91759e+10
1.04234e+11
1.12475e+11
1.04295e+11
8.87874e+10
7.06695e+10
5.28676e+10
3.72204e+10
2.46619e+10
1.53731e+10
9.01008e+09
4.96117e+09
2.56385e+09
1.242e+09
5.63184e+08
2.38674e+08
9.43788e+07
3.47654e+07
1.19108e+07
3.78992e+06
1.11859e+06
305913
77462
18153.6
3936.76
790.123
146.826
25.2809
4.03692
0.599878
0.0857705
0.012471
0.00189426
0.000301182
5.02063e-05
8.78488e-06
1.61475e-06
3.11974e-07
6.33738e-08
1.35387e-08
3.04168e-09
7.18534e-10
1.78423e-10
4.65554e-11
1.27577e-11
3.66924e-12
1.10697e-12
3.50016e-13
1.15888e-13
4.01407e-14
1.45318e-14
5.49305e-15
2.16574e-15
8.89505e-16
3.8013e-16
1.68837e-16
7.78457e-17
3.7169e-17
1.85629e-17
8.67812e-18
3.13693e+10
6.05683e+10
6.81223e+10
6.47171e+10
5.60563e+10
4.52761e+10
3.4337e+10
2.44946e+10
1.6436e+10
1.03674e+10
6.14211e+09
3.41434e+09
1.7789e+09
8.67572e+08
3.95531e+08
1.68324e+08
6.67668e+07
2.46482e+07
8.4569e+06
2.6933e+06
795295
217536
55083.4
12907.9
2798.91
561.719
104.386
17.9761
2.87131
0.426865
0.0610736
0.00888783
0.00135139
0.000215118
3.59048e-05
6.29081e-06
1.1579e-06
2.24021e-07
4.55706e-08
9.74876e-09
2.19318e-09
5.18777e-10
1.28985e-10
3.3697e-11
9.24505e-12
2.66199e-12
8.03969e-13
2.54476e-13
8.43407e-14
2.92417e-14
1.0596e-14
4.0089e-15
1.58195e-15
6.50271e-16
2.78114e-16
1.23621e-16
5.70393e-17
2.72536e-17
1.36199e-17
6.37186e-18
1.55858e+10
3.26726e+10
3.82861e+10
3.72976e+10
3.28897e+10
2.69612e+10
2.07265e+10
1.49791e+10
1.01782e+10
6.49771e+09
3.893e+09
2.18636e+09
1.14954e+09
5.65086e+08
2.59357e+08
1.10987e+08
4.42217e+07
1.63833e+07
5.63676e+06
1.79897e+06
532066
145714
36932.7
8661.5
1879.46
377.451
70.1926
12.0971
1.93395
0.287796
0.041224
0.0060072
0.000914738
0.000145839
2.43822e-05
4.2793e-06
7.89046e-07
1.5293e-07
3.11649e-08
6.67885e-09
1.50517e-09
3.56645e-10
8.88214e-11
2.32417e-11
6.38644e-12
1.84163e-12
5.56995e-13
1.76542e-13
5.85867e-14
2.03376e-14
7.37814e-15
2.79456e-15
1.10393e-15
4.54237e-16
1.9446e-16
8.65157e-17
3.99538e-17
1.9106e-17
9.55571e-18
4.47429e-18
7.24227e+09
1.62988e+10
1.98672e+10
1.98541e+10
1.78324e+10
1.48387e+10
1.15624e+10
8.46427e+09
5.82344e+09
3.76255e+09
2.28016e+09
1.2943e+09
6.87183e+08
3.40769e+08
1.5761e+08
6.78965e+07
2.72062e+07
1.01275e+07
3.49821e+06
1.12011e+06
332189
91182.4
23156.1
5439.93
1182.26
237.788
44.285
7.64349
1.22383
0.182414
0.0261746
0.00382138
0.000583051
9.31492e-05
1.56061e-05
2.74494e-06
5.07238e-07
9.85273e-08
2.01225e-08
4.32182e-09
9.76085e-10
2.31771e-10
5.78416e-11
1.51659e-11
4.17548e-12
1.20633e-12
3.65513e-13
1.16052e-13
3.85763e-14
1.34123e-14
4.87305e-15
1.84835e-15
7.31132e-16
3.01223e-16
1.29109e-16
5.75064e-17
2.65856e-17
1.27262e-17
6.37101e-18
2.98613e-18
3.13656e+09
7.48898e+09
9.47171e+09
9.70836e+09
8.88377e+09
7.50506e+09
5.92715e+09
4.39431e+09
3.06059e+09
2.00113e+09
1.22668e+09
7.03904e+08
3.77529e+08
1.88963e+08
8.81357e+07
3.82531e+07
1.54294e+07
5.77667e+06
2.00532e+06
644860
191957
52862
13463.3
3171.12
690.853
139.271
25.9958
4.49682
0.721621
0.107806
0.0155062
0.00226951
0.000347166
5.56092e-05
9.3414e-06
1.64741e-06
3.05235e-07
5.94469e-08
1.2173e-08
2.62127e-09
5.9354e-10
1.41293e-10
3.53491e-11
9.29088e-12
2.56401e-12
7.4246e-13
2.25459e-13
7.17368e-14
2.38945e-14
8.32397e-15
3.02997e-15
1.15131e-15
4.56182e-16
1.88246e-16
8.08076e-17
3.6044e-17
1.66859e-17
7.99749e-18
4.00853e-18
1.88115e-18
1.26009e+09
3.15592e+09
4.12824e+09
4.33701e+09
4.04334e+09
3.46806e+09
2.77577e+09
2.0838e+09
1.46893e+09
9.71761e+08
6.02488e+08
3.49513e+08
1.89401e+08
9.57176e+07
4.50426e+07
1.97083e+07
8.00751e+06
3.01755e+06
1.0536e+06
340559
101840
28160.4
7198.83
1701.42
371.863
75.196
14.0779
2.44245
0.39311
0.0589038
0.0084985
0.00124781
0.000191492
3.07726e-05
5.18598e-06
9.17522e-07
1.70542e-07
3.33191e-08
6.844e-09
1.47827e-09
3.35736e-10
8.01581e-11
2.01122e-11
5.30107e-12
1.46697e-12
4.25925e-13
1.29674e-13
4.13634e-14
1.38109e-14
4.82243e-15
1.75932e-15
6.69929e-16
2.65987e-16
1.09975e-16
4.72961e-17
2.11334e-17
9.79964e-18
4.70433e-18
2.36144e-18
1.10988e-18
4.66865e+08
1.21412e+09
1.63676e+09
1.76048e+09
1.67174e+09
1.45571e+09
1.18066e+09
8.97301e+08
6.40046e+08
4.28316e+08
2.68545e+08
1.57484e+08
8.62294e+07
4.40072e+07
2.08995e+07
9.22248e+06
3.77637e+06
1.43321e+06
503639
163742
49223.7
13676.7
3511.79
833.44
182.872
37.1191
6.9749
1.21453
0.196189
0.0295047
0.00427284
0.000629779
9.70222e-05
1.56518e-05
2.64791e-06
4.70263e-07
8.77376e-08
1.72049e-08
3.54686e-09
7.6883e-10
1.7522e-10
4.19768e-11
1.05672e-11
2.79426e-12
7.75688e-13
2.25905e-13
6.89813e-14
2.20667e-14
7.38833e-15
2.58672e-15
9.46117e-16
3.61162e-16
1.43735e-16
5.95638e-17
2.56718e-17
1.14947e-17
5.34065e-18
2.56858e-18
1.29165e-18
6.08184e-19
1.58467e+08
4.24278e+08
5.87313e+08
6.45807e+08
6.24328e+08
5.51809e+08
4.53439e+08
3.48799e+08
2.5169e+08
1.70334e+08
1.07976e+08
6.40015e+07
3.54071e+07
1.82489e+07
8.74777e+06
3.89402e+06
1.60748e+06
614653
217484
71155.5
21515.2
6010.14
1550.98
369.829
81.5139
16.6179
3.136
0.548385
0.0889594
0.0134357
0.00195425
0.000289326
4.47735e-05
7.25542e-06
1.23292e-06
2.19931e-07
4.12111e-08
8.11577e-09
1.68009e-09
3.6567e-10
8.36699e-11
2.01223e-11
5.08469e-12
1.34946e-12
3.75945e-13
1.09865e-13
3.36598e-14
1.08023e-14
3.62807e-15
1.27404e-15
4.67338e-16
1.78893e-16
7.1386e-17
2.9658e-17
1.28138e-17
5.75092e-18
2.67796e-18
1.2907e-18
6.50375e-19
3.06873e-19
4.89361e+07
1.3397e+08
1.89754e+08
2.12955e+08
2.0944e+08
1.8783e+08
1.5634e+08
1.21692e+08
8.88078e+07
6.07651e+07
3.89356e+07
2.33223e+07
1.30347e+07
6.78444e+06
3.28278e+06
1.47431e+06
613683
236479
84278.6
27758.8
8445.68
2372.97
615.722
147.583
32.6914
6.69712
1.26988
0.223118
0.0363668
0.00551894
0.00080669
0.000120031
1.8669e-05
3.0406e-06
5.19297e-07
9.30949e-08
1.753e-08
3.46885e-09
7.21497e-10
1.57757e-10
3.62592e-11
8.75834e-12
2.22255e-12
5.92291e-13
1.65664e-13
4.86001e-14
1.49454e-14
4.81363e-15
1.62232e-15
5.71596e-16
2.10344e-16
8.07661e-17
3.23244e-17
1.34675e-17
5.83442e-18
2.62531e-18
1.22552e-18
5.9206e-19
2.99008e-19
1.41411e-19
1.36525e+07
3.80153e+07
5.49146e+07
6.27885e+07
6.27678e+07
5.70918e+07
4.81197e+07
3.78906e+07
2.79574e+07
1.93349e+07
1.25195e+07
7.57672e+06
4.27733e+06
2.24807e+06
1.09798e+06
497519
208844
81116.8
29124.5
9659.55
2958.14
836.257
218.251
52.6045
11.7154
2.41266
0.459859
0.0812165
0.0133067
0.00203002
0.000298323
4.46338e-05
6.9808e-06
1.1433e-06
1.96346e-07
3.5393e-08
6.70079e-09
1.33304e-09
2.78715e-10
6.12539e-11
1.4149e-11
3.43428e-12
8.75614e-13
2.34412e-13
6.58561e-14
1.94027e-14
5.99136e-15
1.9374e-15
6.55458e-16
2.31791e-16
8.55998e-17
3.29795e-17
1.3242e-17
5.53426e-18
2.4047e-18
1.08511e-18
5.07911e-19
2.46008e-19
1.24549e-19
5.90519e-20
3.41602e+06
9.63611e+06
1.41552e+07
1.64601e+07
1.6709e+07
1.54058e+07
1.31439e+07
1.04669e+07
7.80603e+06
5.45498e+06
3.56842e+06
2.1814e+06
1.24368e+06
659957
325336
148734
62965.7
24653.4
8918.94
2979.28
918.544
261.333
68.6209
16.6367
3.72628
0.771687
0.147902
0.0262662
0.00432755
0.000663924
9.81334e-05
1.47696e-05
2.32387e-06
3.82894e-07
6.61525e-08
1.19957e-08
2.2845e-09
4.57115e-10
9.61201e-11
2.12426e-11
4.93362e-12
1.20387e-12
3.08531e-13
8.30122e-14
2.34351e-14
6.93699e-15
2.15181e-15
6.98866e-16
2.37436e-16
8.43052e-17
3.12546e-17
1.20864e-17
4.87028e-18
2.04237e-18
8.90319e-19
4.02998e-19
1.8919e-19
9.18918e-20
4.66479e-20
2.21774e-20
760988
2.16825e+06
3.23084e+06
3.81425e+06
3.9277e+06
3.66866e+06
3.1671e+06
2.54977e+06
1.92147e+06
1.3564e+06
896171
553239
318480
170608
84880.8
39150.7
16715.7
6598.01
2405.4
809.377
251.272
71.9621
19.0158
4.63856
1.04516
0.217721
0.0419731
0.0074978
0.00124263
0.000191786
2.85225e-05
4.31996e-06
6.84068e-07
1.13437e-07
1.97245e-08
3.5996e-09
6.89857e-10
1.38898e-10
2.93863e-11
6.5335e-12
1.52635e-12
3.74592e-13
9.65387e-14
2.61157e-14
7.41159e-15
2.20511e-15
6.87385e-16
2.24313e-16
7.65588e-17
2.73032e-17
1.0165e-17
3.94685e-18
1.59657e-18
6.72015e-19
2.93985e-19
1.3352e-19
6.28835e-20
3.06365e-20
1.55977e-20
7.43733e-21
149795
430162
648780
776374
810140
766093
668903
544256
414311
295360
197043
122813
71371.9
38591.4
19375.5
9016.09
3882.36
1544.99
567.651
192.429
60.1651
17.3482
4.61433
1.13276
0.256828
0.053831
0.0104416
0.00187674
0.000312978
4.86111e-05
7.27667e-06
1.1095e-06
1.76884e-07
2.95325e-08
5.17023e-09
9.49949e-10
1.83282e-10
3.71482e-11
7.9108e-12
1.77013e-12
4.1614e-13
1.02756e-13
2.66409e-14
7.24897e-15
2.06891e-15
6.18925e-16
1.9396e-16
6.36193e-17
2.18209e-17
7.81906e-18
2.92437e-18
1.14045e-18
4.63274e-19
1.95781e-19
8.59769e-20
3.91914e-20
1.85223e-20
9.05386e-21
4.62415e-21
2.21187e-21
25844.2
74680.2
113802
137837
145603
139301
122962
101080
77705.4
55928.4
37665.3
23696.9
13899.9
7585.1
3842.74
1803.96
783.443
314.346
116.411
39.7623
12.5229
3.63627
0.973773
0.240637
0.0549151
0.0115847
0.00226161
0.000409144
6.86816e-05
1.07391e-05
1.61868e-06
2.48561e-07
3.99126e-08
6.7121e-09
1.1836e-09
2.19037e-10
4.25631e-11
8.68781e-12
1.86297e-12
4.19713e-13
9.93319e-14
2.46885e-14
6.44176e-15
1.76372e-15
5.06425e-16
1.5239e-16
4.80277e-17
1.58398e-17
5.46176e-18
1.96711e-18
7.39326e-19
2.89685e-19
1.18208e-19
5.01718e-20
2.21241e-20
1.01249e-20
4.80317e-21
2.35624e-21
1.20755e-21
5.7957e-22
3873.4
11249.2
17293.9
21173
22619.5
21879.7
19516.1
16203
12575.5
9136.02
6209.68
3942.8
2333.94
1285.23
656.975
311.137
136.287
55.1397
20.5845
7.08579
2.24841
0.65763
0.177359
0.0441334
0.0101407
0.00215387
0.000423369
7.71205e-05
1.30368e-05
2.05305e-06
3.11734e-07
4.8232e-08
7.80432e-09
1.32259e-09
2.35025e-10
4.38282e-11
8.58159e-12
1.76483e-12
3.8125e-13
8.65188e-14
2.06224e-14
5.16143e-15
1.35591e-15
3.73709e-16
1.07998e-16
3.27018e-17
1.0369e-17
3.43986e-18
1.19284e-18
4.31963e-19
1.63206e-19
6.42716e-20
2.63539e-20
1.12376e-20
4.97748e-21
2.28758e-21
1.08962e-21
5.3659e-22
2.76016e-22
1.32957e-22
499.178
1455.74
2255
2787.43
3008.9
2940.78
2649.45
2220.88
1739.77
1275.49
874.804
560.481
334.782
186.019
95.9414
45.8394
20.2536
8.26391
3.11055
1.07935
0.345168
0.101727
0.0276401
0.00692849
0.00160362
0.000343093
6.79347e-05
1.2467e-05
2.12344e-06
3.36988e-07
5.15765e-08
8.04533e-09
1.31259e-09
2.24296e-10
4.01891e-11
7.55662e-12
1.49172e-12
3.09262e-13
6.73412e-14
1.54016e-14
3.69925e-15
9.32799e-16
2.4684e-16
6.85171e-17
1.99379e-17
6.07777e-18
1.93968e-18
6.47533e-19
2.2591e-19
8.22893e-20
3.12666e-20
1.23799e-20
5.10275e-21
2.18676e-21
9.73223e-22
4.49329e-22
2.14961e-22
1.06299e-22
5.48979e-23
2.65475e-23
54.6486
159.924
249.36
310.894
338.811
334.384
304.156
257.338
203.425
150.476
104.126
67.3092
40.5657
22.7431
11.8356
5.70552
2.54324
1.04674
0.397366
0.13904
0.0448296
0.0133187
0.00364768
0.000921594
0.000214991
4.63624e-05
9.25377e-06
1.71206e-06
2.94033e-07
4.70605e-08
7.26596e-09
1.14361e-09
1.88277e-10
3.24665e-11
5.87031e-12
1.11376e-12
2.2183e-13
4.63952e-14
1.01901e-14
2.35043e-15
5.6924e-16
1.44707e-16
3.85964e-17
1.07961e-17
3.16514e-18
9.71861e-19
3.12348e-19
1.04983e-19
3.68671e-20
1.35142e-20
5.16621e-21
2.05756e-21
8.52867e-22
3.67468e-22
1.6439e-22
7.62734e-23
3.66623e-23
1.82114e-23
9.44596e-24
4.58705e-24
5.00548
14.6912
23.0388
28.9463
31.8242
31.6984
29.0989
24.843
19.8134
14.7856
10.3216
6.73145
4.09331
2.31571
1.2161
0.591593
0.266106
0.110515
0.0423303
0.014943
0.00486026
0.00145655
0.000402377
0.000102544
2.41306e-05
5.24969e-06
1.05723e-06
1.97392e-07
3.42183e-08
5.52941e-09
8.62189e-10
1.37078e-10
2.27984e-11
3.9716e-12
7.25425e-13
1.39022e-13
2.79652e-14
5.9062e-15
1.3097e-15
3.04938e-16
7.45313e-17
1.91166e-17
5.14335e-18
1.45091e-18
4.28869e-19
1.32736e-19
4.29894e-20
1.45569e-20
5.14877e-21
1.90046e-21
7.31353e-22
2.93146e-22
1.22259e-22
5.29875e-23
2.38384e-23
1.11203e-23
5.37283e-24
2.682e-24
1.39769e-24
6.81828e-25
0.376059
1.10655
1.74408
2.20661
2.44582
2.45741
2.27591
1.96023
1.5771
1.18722
0.836088
0.550138
0.337568
0.192734
0.102162
0.0501691
0.0227819
0.00955199
0.00369373
0.00131643
0.000432283
0.000130797
3.64832e-05
9.38864e-06
2.23128e-06
4.90334e-07
9.97693e-08
1.88253e-08
3.29898e-09
5.39068e-10
8.50267e-11
1.36774e-11
2.3017e-12
4.057e-13
7.497e-14
1.45336e-14
2.95681e-15
6.31445e-16
1.41554e-16
3.33096e-17
8.22599e-18
2.13124e-18
5.79043e-19
1.649e-19
4.9192e-20
1.53608e-20
5.01781e-21
1.71323e-21
6.10822e-22
2.27198e-22
8.80804e-23
3.55563e-23
1.49302e-23
6.51313e-24
2.94852e-24
1.38368e-24
6.7235e-25
3.37447e-25
1.76779e-25
8.66685e-26
0.0225486
0.0664967
0.105281
0.134049
0.149712
0.15167
0.141676
0.123086
0.0998931
0.0758593
0.0538999
0.0357885
0.0221648
0.012776
0.00683856
0.00339188
0.00155599
0.000659165
0.00025758
9.278e-05
3.07965e-05
9.42065e-06
2.65713e-06
6.9161e-07
1.66292e-07
3.69834e-08
7.61832e-09
1.45584e-09
2.58483e-10
4.28105e-11
6.84677e-12
1.11699e-12
1.90638e-13
3.40754e-14
6.38449e-15
1.25462e-15
2.58672e-16
5.59649e-17
1.27061e-17
3.02707e-18
7.56572e-19
1.98309e-19
5.44895e-20
1.56874e-20
4.72925e-21
1.49183e-21
4.92114e-22
1.69612e-22
6.10223e-23
2.28958e-23
8.95077e-24
3.6423e-24
1.5412e-24
6.77288e-25
3.08772e-25
1.45876e-25
7.13389e-26
3.60232e-26
1.89827e-26
9.35844e-27
0.00103655
0.00306288
0.00486906
0.00623586
0.00701436
0.00716276
0.00674713
0.00591257
0.00484083
0.00370922
0.0026598
0.00178285
0.00111504
0.000649292
0.000351227
0.000176119
8.17095e-05
3.50198e-05
1.38496e-05
5.05048e-06
1.69782e-06
5.26198e-07
1.50432e-07
3.97049e-08
9.68547e-09
2.18647e-09
4.57423e-10
8.88242e-11
1.6034e-11
2.70137e-12
4.39685e-13
7.30128e-14
1.26827e-14
2.30675e-15
4.39646e-16
8.785e-17
1.84095e-17
4.04644e-18
9.32883e-19
2.2557e-19
5.7192e-20
1.51999e-20
4.23258e-21
1.23432e-21
3.76737e-22
1.20263e-22
4.01272e-23
1.39827e-23
5.08386e-24
1.92682e-24
7.6057e-25
3.1237e-25
1.33349e-25
5.90978e-26
2.71605e-26
1.29308e-26
6.3702e-27
3.23917e-27
1.71842e-27
8.52533e-28
3.42248e-05
0.000101313
0.000161663
0.000208182
0.000235779
0.000242648
0.000230496
0.000203773
0.000168368
0.000130238
9.4317e-05
6.38765e-05
4.0386e-05
2.37872e-05
1.30234e-05
6.61376e-06
3.10959e-06
1.3515e-06
5.42376e-07
2.00842e-07
6.86089e-08
2.16234e-08
6.29119e-09
1.69122e-09
4.20527e-10
9.68487e-11
2.06872e-11
4.10482e-12
7.57716e-13
1.30635e-13
2.17692e-14
3.70123e-15
6.58053e-16
1.22443e-16
2.38589e-17
4.87089e-18
1.04211e-18
2.33682e-19
5.49205e-20
1.35275e-20
3.49126e-21
9.43805e-22
2.67139e-22
7.91315e-23
2.45169e-23
7.93928e-24
2.68561e-24
9.48174e-25
3.49084e-25
1.33898e-25
5.34608e-26
2.21974e-26
9.57498e-27
4.28576e-27
1.98837e-27
9.5519e-28
4.74612e-28
2.43301e-28
1.30089e-28
6.50098e-29
7.24804e-07
2.1493e-06
3.44203e-06
4.45652e-06
5.08229e-06
5.2728e-06
5.05386e-06
4.5114e-06
3.76625e-06
2.94552e-06
2.15828e-06
1.48019e-06
9.4858e-07
5.66898e-07
3.15273e-07
1.62829e-07
7.79544e-08
3.45437e-08
1.41529e-08
5.3578e-09
1.87374e-09
6.05446e-10
1.8086e-10
4.9992e-11
1.28001e-11
3.03972e-12
6.70398e-13
1.3751e-13
2.6267e-14
4.69048e-15
8.09931e-16
1.42639e-16
2.6244e-17
5.04735e-18
1.01526e-18
2.13668e-19
4.70605e-20
1.08492e-20
2.61797e-21
6.61241e-22
1.74787e-22
4.83385e-23
1.39815e-23
4.22782e-24
1.33582e-24
4.40727e-25
1.51755e-25
5.44914e-26
2.0387e-26
7.94042e-27
3.21682e-27
1.35427e-27
5.91918e-28
2.6828e-28
1.25959e-28
6.11969e-29
3.07358e-29
1.5917e-29
8.59456e-30
4.33429e-30
)
;

boundaryField
{
    highVoltage
    {
        type            fixedValue;
        value           uniform 0;
    }
    topBotBoundaries
    {
        type            zeroGradient;
    }
    inletBoundary
    {
        type            fixedValue;
        value           uniform 0;
    }
    frontBack
    {
        type            empty;
    }
    region0_to_dielectric
    {
        type            zeroGradient;
    }
}


// ************************************************************************* //
