/*--------------------------------*- C++ -*----------------------------------*\
| =========                 |                                                 |
| \\      /  F ield         | OpenFOAM: The Open Source CFD Toolbox           |
|  \\    /   O peration     | Version:  2406                                  |
|   \\  /    A nd           | Website:  www.openfoam.com                      |
|    \\/     M anipulation  |                                                 |
\*---------------------------------------------------------------------------*/
FoamFile
{
    version     2.0;
    format      ascii;
    arch        "LSB;label=32;scalar=64";
    class       volScalarField;
    location    "2e-07";
    object      Heplus;
}
// * * * * * * * * * * * * * * * * * * * * * * * * * * * * * * * * * * * * * //

dimensions      [0 -3 0 0 0 0 0];

internalField   nonuniform List<scalar> 
5880
(
0.0722329
0.214197
0.343031
0.444139
0.506511
0.525504
0.503677
0.449578
0.375236
0.293329
0.21477
0.147145
0.0941795
0.056188
0.0311619
0.016014
0.00759827
0.00331635
0.00132697
0.000485459
0.000162115
4.93924e-05
1.37399e-05
3.49606e-06
8.15711e-07
1.75068e-07
3.46758e-08
6.36053e-09
1.08389e-09
1.72587e-10
2.65918e-11
4.18455e-12
6.89703e-13
1.19228e-13
2.16289e-14
4.11869e-15
8.23384e-16
1.72811e-16
3.80726e-17
8.8036e-18
2.13595e-18
5.43546e-19
1.4501e-19
4.05379e-20
1.18677e-20
3.63588e-21
1.165e-21
3.90086e-22
1.36374e-22
4.97334e-23
1.89029e-23
7.48122e-24
3.08e-24
1.31754e-24
5.8498e-25
2.69293e-25
1.28406e-25
6.32432e-26
3.25774e-26
1.55901e-26
3.40784
10.088
16.0973
20.7297
23.4782
24.1628
22.9529
20.2908
16.7624
12.961
9.37969
6.34632
4.00754
2.3565
1.28682
0.650535
0.303417
0.130107
0.051128
0.0183652
0.00602046
0.00180023
0.00049134
0.00012261
2.80411e-05
5.89522e-06
1.143e-06
2.05078e-07
3.41594e-08
5.31275e-09
7.99312e-10
1.22882e-10
1.98043e-11
3.35075e-12
5.95516e-13
1.11213e-13
2.18255e-14
4.50112e-15
9.75324e-16
2.22009e-16
5.30687e-17
1.33158e-17
3.50544e-18
9.67677e-19
2.79933e-19
8.47992e-20
2.68823e-20
8.91067e-21
3.0855e-21
1.11509e-21
4.20215e-22
1.64967e-22
6.73982e-23
2.8623e-23
1.26216e-23
5.77278e-24
2.73576e-24
1.33972e-24
6.86165e-25
3.26852e-25
103.171
304.86
484.641
620.696
698.204
712.996
671.639
588.55
481.799
369.042
264.463
177.106
110.634
64.3182
34.7068
17.3314
7.98337
3.38103
1.31255
0.465954
0.151035
0.0446769
0.0120675
0.0029809
0.000674909
0.000140455
2.69502e-05
4.78347e-06
7.87836e-07
1.21084e-07
1.79939e-08
2.73226e-09
4.35016e-10
7.27285e-11
1.27765e-11
2.35933e-12
4.58025e-13
9.34798e-14
2.00542e-14
4.5214e-15
1.07097e-15
2.66394e-16
6.95502e-17
1.90486e-17
5.46934e-18
1.64508e-18
5.18011e-19
1.70614e-19
5.87236e-20
2.1102e-20
7.90953e-21
3.0894e-21
1.25618e-21
5.31084e-22
2.33197e-22
1.06235e-22
5.0157e-23
2.44773e-23
1.2492e-23
5.93709e-24
2243.81
6617.1
10476.6
13339.6
14898.7
15094
14099.9
12249.7
9940.53
7546.58
5358.92
3555.14
2199.24
1265.68
675.903
333.977
152.232
63.8169
24.5357
8.6323
2.7753
0.814922
0.218658
0.0536865
0.0120866
0.00250165
0.000477392
8.42555e-05
1.37938e-05
2.10623e-06
3.10811e-07
4.68517e-08
7.40433e-09
1.22865e-09
2.14227e-10
3.92661e-11
7.56719e-12
1.53336e-12
3.26655e-13
7.3148e-14
1.72126e-14
4.25436e-15
1.10395e-15
3.0058e-16
8.58193e-17
2.56741e-17
8.04289e-18
2.63607e-18
9.03081e-19
3.23081e-19
1.20589e-19
4.69136e-20
1.90036e-20
8.00566e-21
3.50343e-21
1.59095e-21
7.48886e-22
3.6445e-22
1.85465e-22
8.79841e-23
37414.8
110093
173525
219548
243356
244517
226466
195057
156921
118097
83125.3
54651.4
33497
19096.2
10100.2
4942.82
2231.82
927.193
353.514
123.448
39.4306
11.5142
3.07522
0.752151
0.168783
0.0348331
0.00662901
0.00116669
0.000190423
2.8976e-05
4.25896e-06
6.39209e-07
1.00552e-07
1.6604e-08
2.8805e-09
5.25261e-10
1.00702e-10
2.02998e-11
4.30229e-12
9.58533e-13
2.24433e-13
5.52026e-14
1.42566e-14
3.86397e-15
1.09832e-15
3.27175e-16
1.02073e-16
3.33227e-17
1.13728e-17
4.05398e-18
1.50794e-18
5.84722e-19
2.36121e-19
9.91769e-20
4.32802e-20
1.9602e-20
9.20381e-21
4.46863e-21
2.2686e-21
1.0745e-21
497955
1.46152e+06
2.29199e+06
2.87976e+06
3.16617e+06
3.15376e+06
2.89525e+06
2.47187e+06
1.97133e+06
1.47077e+06
1.02625e+06
668785
406250
229497
120273
58325
26103.4
10754.4
4069.34
1411.59
448.358
130.334
34.6873
8.46158
1.89508
0.390523
0.0742279
0.0130482
0.00212676
0.000323061
4.73794e-05
7.09216e-06
1.1123e-06
1.8306e-07
3.1644e-08
5.74859e-09
1.09782e-09
2.20423e-10
4.65289e-11
1.03249e-11
2.40786e-12
5.8992e-13
1.51764e-13
4.09771e-14
1.16047e-14
3.44453e-15
1.07091e-15
3.48444e-16
1.18539e-16
4.21247e-17
1.56226e-17
6.04077e-18
2.4328e-18
1.01922e-18
4.43697e-19
2.00489e-19
9.39297e-20
4.55111e-20
2.30562e-20
1.09044e-20
5.43595e+06
1.59079e+07
2.48046e+07
3.09264e+07
3.37044e+07
3.32653e+07
3.02595e+07
2.56026e+07
2.02383e+07
1.49678e+07
1.03531e+07
6.68793e+06
4.02668e+06
2.25449e+06
1.171e+06
562877
249786
102096
38356.1
13222.9
4178.47
1209.78
321.021
78.1502
17.48
3.59936
0.683816
0.120158
0.0195751
0.0029711
0.000435181
6.50299e-05
1.01774e-05
1.67085e-06
2.88029e-07
5.21686e-08
9.93134e-09
1.98753e-09
4.18142e-10
9.24727e-11
2.14922e-11
5.24771e-12
1.34551e-12
3.62096e-13
1.02214e-13
3.02436e-14
9.37394e-15
3.04093e-15
1.03154e-15
3.65556e-16
1.35211e-16
5.21484e-17
2.09504e-17
8.75666e-18
3.80355e-18
1.71504e-18
8.01878e-19
3.87794e-19
1.96081e-19
9.26068e-20
4.96489e+07
1.44792e+08
2.24292e+08
2.77258e+08
2.99295e+08
2.9253e+08
2.63563e+08
2.20939e+08
1.73075e+08
1.2687e+08
8.6984e+07
5.5696e+07
3.32376e+07
1.84448e+07
9.49617e+06
4.52535e+06
1.99162e+06
807785
301377
103278
32476.5
9367.14
2478.78
602.338
134.581
27.6973
5.26093
0.92435
0.150562
0.0228425
0.0033429
0.000498886
7.79451e-05
1.277e-05
2.19616e-06
3.96743e-07
7.53183e-08
1.50294e-08
3.15243e-09
6.9503e-10
1.61037e-10
3.91984e-11
1.00195e-11
2.68818e-12
7.56558e-13
2.23197e-13
6.89813e-14
2.23154e-14
7.54936e-15
2.66836e-15
9.84486e-16
3.7878e-16
1.51821e-16
6.33159e-17
2.74436e-17
1.23494e-17
5.76292e-18
2.78193e-18
1.40405e-18
6.62188e-19
3.85207e+08
1.11874e+09
1.71993e+09
2.10578e+09
2.24971e+09
2.17622e+09
1.94121e+09
1.61175e+09
1.25093e+09
9.08688e+08
6.17444e+08
3.91831e+08
2.31754e+08
1.2747e+08
6.50529e+07
3.07362e+07
1.34169e+07
5.40059e+06
2.0012e+06
681750
213341
61300.4
16176.5
3923.47
875.62
180.097
34.199
6.00797
0.978426
0.14838
0.0216972
0.00323405
0.000504469
8.2487e-05
1.41541e-05
2.55066e-06
4.82938e-07
9.60997e-08
2.0099e-08
4.41829e-09
1.02067e-09
2.47703e-10
6.31272e-11
1.68868e-11
4.73882e-12
1.39405e-12
4.29646e-13
1.38614e-13
4.67699e-14
1.6489e-14
6.06861e-15
2.32936e-15
9.31519e-16
3.87636e-16
1.67666e-16
7.5298e-17
3.50712e-17
1.68995e-17
8.51382e-18
4.00952e-18
2.56993e+09
7.42628e+09
1.13169e+10
1.37075e+10
1.44803e+10
1.38541e+10
1.22296e+10
1.00538e+10
7.72906e+09
5.56255e+09
3.7452e+09
2.35518e+09
1.38046e+09
7.52514e+08
3.8067e+08
1.78329e+08
7.72134e+07
3.08461e+07
1.13525e+07
3.84467e+06
1.1972e+06
342647
90152.5
21819.4
4862.67
999.257
189.644
33.3021
5.42097
0.821574
0.120016
0.0178641
0.00278172
0.000453911
7.77068e-05
1.39679e-05
2.63755e-06
5.23372e-07
1.09145e-07
2.39223e-08
5.50985e-09
1.33318e-09
3.38754e-10
9.03518e-11
2.52812e-11
7.41597e-12
2.27925e-12
7.33343e-13
2.46787e-13
8.67839e-14
3.18612e-14
1.22005e-14
4.86785e-15
2.02123e-15
8.72411e-16
3.91008e-16
1.81767e-16
8.74273e-17
4.39652e-17
2.06736e-17
1.48946e+10
4.27736e+10
6.45145e+10
7.72052e+10
8.05658e+10
7.61883e+10
6.6526e+10
5.41322e+10
4.1209e+10
2.93761e+10
1.95938e+10
1.22076e+10
7.08984e+09
3.82992e+09
1.92032e+09
8.91931e+08
3.83065e+08
1.5188e+08
5.55172e+07
1.86893e+07
5.79021e+06
1.65035e+06
432809
104495
23245.7
4770.62
904.494
158.697
25.8108
3.90779
0.570093
0.0847139
0.013165
0.00214332
0.000366006
6.56133e-05
1.23548e-05
2.44442e-06
5.08241e-07
1.11058e-07
2.55011e-08
6.15154e-09
1.55834e-09
4.14393e-10
1.15609e-10
3.38146e-11
1.03633e-11
3.32519e-12
1.11601e-12
3.91434e-13
1.43348e-13
5.4759e-14
2.17974e-14
9.03048e-15
3.88943e-15
1.73964e-15
8.07114e-16
3.87489e-16
1.94499e-16
9.13119e-17
7.5662e+10
2.15588e+11
3.21256e+11
3.79282e+11
3.90578e+11
3.64833e+11
3.1497e+11
2.53591e+11
1.91109e+11
1.34904e+11
8.91171e+10
5.49975e+10
3.16429e+10
1.6937e+10
8.41661e+09
3.87579e+09
1.65107e+09
6.49695e+08
2.35858e+08
7.89174e+07
2.4322e+07
6.90204e+06
1.80362e+06
434219
96379
19744.1
3737.86
654.941
106.379
16.0825
2.34215
0.347326
0.0538518
0.008745
0.00148926
0.000266207
4.99759e-05
9.85744e-06
2.04315e-06
4.45054e-07
1.01871e-07
2.4497e-08
6.18641e-09
1.64005e-09
4.56168e-10
1.33031e-10
4.06531e-11
1.30074e-11
4.35368e-12
1.52299e-12
5.56314e-13
2.11989e-13
8.41843e-14
3.47974e-14
1.49545e-14
6.67473e-15
3.09057e-15
1.48093e-15
7.41953e-16
3.4774e-16
3.39613e+11
9.5805e+11
1.40743e+12
1.63668e+12
1.66149e+12
1.53197e+12
1.3071e+12
1.04095e+12
7.76356e+11
5.42524e+11
3.54858e+11
2.16871e+11
1.23589e+11
6.55365e+10
3.22747e+10
1.47344e+10
6.22578e+09
2.43134e+09
8.76567e+08
2.91492e+08
8.93533e+07
2.52397e+07
6.57007e+06
1.57665e+06
349019
71339
13478.9
2357.44
382.22
57.6747
8.38149
1.23994
0.191747
0.0310503
0.00527214
0.000939502
0.000175819
3.45678e-05
7.14165e-06
1.55059e-06
3.53776e-07
8.47989e-08
2.13469e-08
5.64148e-09
1.56433e-09
4.54831e-10
1.38586e-10
4.42157e-11
1.47584e-11
5.14892e-12
1.87592e-12
7.13052e-13
2.82485e-13
1.16495e-13
4.99535e-14
2.22487e-14
1.02808e-14
4.91679e-15
2.45864e-15
1.15029e-15
1.35718e+12
3.77933e+12
5.45978e+12
6.24297e+12
6.24118e+12
5.67703e+12
4.7851e+12
3.76811e+12
2.78041e+12
1.9229e+12
1.245e+12
7.5332e+11
4.25122e+11
2.23306e+11
1.08973e+11
4.93196e+10
2.06698e+10
8.01122e+09
2.86836e+09
9.47926e+08
2.88982e+08
8.12397e+07
2.10604e+07
5.03619e+06
1.11148e+06
226586
42709.7
7453.18
1205.76
181.53
26.3157
3.88267
0.598705
0.096658
0.0163605
0.00290609
0.000542068
0.000106224
2.18731e-05
4.73339e-06
1.07641e-06
2.57173e-07
6.45326e-08
1.70008e-08
4.69963e-09
1.36232e-09
4.13875e-10
1.3167e-10
4.38276e-11
1.52495e-11
5.54151e-12
2.1011e-12
8.30375e-13
3.41647e-13
1.46174e-13
6.49655e-14
2.99581e-14
1.42996e-14
7.13688e-15
3.33301e-15
4.86419e+12
1.33179e+13
1.88649e+13
2.11729e+13
2.08244e+13
1.86764e+13
1.5546e+13
1.21014e+13
8.83172e+12
6.04303e+12
3.87193e+12
2.31895e+12
1.29569e+12
6.74085e+11
3.25944e+11
1.46241e+11
6.07931e+10
2.33857e+10
8.31576e+09
2.73119e+09
8.28045e+08
2.31654e+08
5.9799e+07
1.42469e+07
3.13406e+06
637053
119761
20846.6
3364.19
505.215
73.0436
10.7462
1.65209
0.26589
0.0448609
0.00794258
0.00147663
0.000288406
5.91908e-05
1.27669e-05
2.89385e-06
6.89176e-07
1.72389e-07
4.52743e-08
1.24775e-08
3.60622e-09
1.09242e-09
3.46567e-10
1.15044e-10
3.99231e-11
1.44706e-11
5.47311e-12
2.15789e-12
8.85806e-13
3.78161e-13
1.67715e-13
7.71833e-14
3.67702e-14
1.83172e-14
8.5387e-15
1.57496e+13
4.21743e+13
5.83866e+13
6.42062e+13
6.20738e+13
5.48659e+13
4.50872e+13
3.46841e+13
2.50289e+13
1.6939e+13
1.07375e+13
6.36392e+12
3.51995e+12
1.81357e+12
8.68882e+11
3.86481e+11
1.59375e+11
6.08559e+10
2.14946e+10
7.0169e+09
2.11589e+09
5.8911e+08
1.5143e+08
3.5943e+07
7.88057e+06
1.59707e+06
299404
51979.7
8366.79
1253.21
180.693
26.5069
4.06286
0.651862
0.109635
0.0193488
0.00358566
0.000698078
0.000142811
3.07055e-05
6.93812e-06
1.64722e-06
4.1078e-07
1.07561e-07
2.95571e-08
8.51822e-09
2.57323e-09
8.14143e-10
2.69547e-10
9.33018e-11
3.3735e-11
1.2729e-11
5.00712e-12
2.05085e-12
8.73663e-13
3.86676e-13
1.776e-13
8.44492e-14
4.19914e-14
1.95388e-14
4.63941e+13
1.20679e+14
1.62708e+14
1.7502e+14
1.66207e+14
1.44735e+14
1.17393e+14
8.92228e+13
6.36455e+13
4.25924e+13
2.67044e+13
1.56594e+13
8.57307e+12
4.37418e+12
2.07653e+12
9.15792e+11
3.74691e+11
1.4205e+11
4.98485e+10
1.61787e+10
4.85339e+09
1.34511e+09
3.4436e+08
8.14434e+07
1.77994e+07
3.5967e+06
672457
116446
18696.3
2793.34
401.694
58.7635
8.98123
1.43676
0.240924
0.0423913
0.00783212
0.00152021
0.000310071
6.64697e-05
1.49753e-05
3.54509e-06
8.81553e-07
2.30187e-07
6.30812e-08
1.81311e-08
5.46285e-09
1.724e-09
5.6937e-10
1.9661e-10
7.0922e-11
2.67e-11
1.04799e-11
4.28335e-12
1.82099e-12
8.04371e-13
3.68746e-13
1.75022e-13
8.68737e-14
4.035e-14
1.252e+14
3.13663e+14
4.10364e+14
4.31153e+14
4.0198e+14
3.44802e+14
2.75985e+14
2.07194e+14
1.46062e+14
9.66294e+13
5.99101e+13
3.47538e+13
1.88314e+13
9.51529e+12
4.47647e+12
1.95786e+12
7.9501e+11
2.99351e+11
1.04412e+11
3.3705e+10
1.0063e+10
2.77726e+09
7.08383e+08
1.66991e+08
3.63893e+07
7.33367e+06
1.36777e+06
236294
37852.2
5642.32
809.444
118.114
18.0053
2.87269
0.480407
0.0842988
0.0155324
0.00300661
0.000611583
0.000130752
2.93794e-05
6.93672e-06
1.72049e-06
4.48104e-07
1.22493e-07
3.51214e-08
1.05566e-08
3.32372e-09
1.09519e-09
3.77339e-10
1.3582e-10
5.10246e-11
1.99864e-11
8.15266e-12
3.4593e-12
1.52521e-12
6.97943e-13
3.30699e-13
1.63869e-13
7.59781e-14
3.11582e+14
7.44269e+14
9.4149e+14
9.65102e+14
8.83178e+14
7.46146e+14
5.89296e+14
4.36915e+14
3.04317e+14
1.98978e+14
1.21973e+14
6.99911e+13
3.7537e+13
1.87864e+13
8.76084e+12
3.80139e+12
1.53267e+12
5.73491e+11
1.98929e+11
6.39078e+10
1.90007e+10
5.22497e+09
1.3285e+09
3.12309e+08
6.78885e+07
1.36513e+07
2.54079e+06
438078
70040.3
10420
1491.78
217.209
33.0369
5.25877
0.877376
0.153592
0.0282324
0.00545197
0.00110637
0.000235975
5.28983e-05
1.24608e-05
3.08351e-06
8.01286e-07
2.1855e-07
6.25253e-08
1.8753e-08
5.89178e-09
1.93735e-09
6.66136e-10
2.39293e-10
8.97218e-11
3.50774e-11
1.4282e-11
6.04915e-12
2.66241e-12
1.21626e-12
5.75342e-13
2.84637e-13
1.31746e-13
7.19283e+14
1.6197e+15
1.97474e+15
1.97363e+15
1.77275e+15
1.47521e+15
1.14954e+15
8.41552e+14
5.79008e+14
3.74107e+14
2.26717e+14
1.28692e+14
6.83248e+13
3.38801e+13
1.56686e+13
6.74877e+12
2.70354e+12
1.00599e+12
3.47297e+11
1.11123e+11
3.29256e+10
9.02796e+09
2.2898e+09
5.37149e+08
1.16546e+08
2.33964e+07
4.34776e+06
748512
119496
17750.5
2537.15
368.775
55.987
8.89506
1.48118
0.258781
0.047473
0.00914915
0.00185291
0.00039441
8.82373e-05
2.07437e-05
5.123e-06
1.32865e-06
3.61677e-07
1.03272e-07
3.09144e-08
9.6942e-09
3.18168e-09
1.09197e-09
3.91548e-10
1.46546e-10
5.71925e-11
2.32461e-11
9.8293e-12
4.31902e-12
1.96987e-12
9.30366e-13
4.59571e-13
2.12356e-13
1.54757e+15
3.24668e+15
3.8054e+15
3.70751e+15
3.26954e+15
2.6803e+15
2.06058e+15
1.48924e+15
1.01196e+15
6.46039e+14
3.87066e+14
2.17381e+14
1.14293e+14
5.61825e+13
2.57851e+13
1.10334e+13
4.39549e+12
1.62804e+12
5.59918e+11
1.78603e+11
5.27881e+10
1.4445e+10
3.65772e+09
8.56873e+08
1.85701e+08
3.72405e+07
6.91378e+06
1.18915e+06
189659
28144
4018.13
583.286
88.4316
14.0293
2.33258
0.406896
0.0745259
0.0143397
0.00289935
0.000616137
0.000137613
3.22972e-05
7.9629e-06
2.06169e-06
5.60273e-07
1.59707e-07
4.77275e-08
1.49412e-08
4.89552e-09
1.67734e-09
6.00446e-10
2.2436e-10
8.74177e-11
3.54738e-11
1.49757e-11
6.57003e-12
2.99189e-12
1.41093e-12
6.95915e-13
3.21024e-13
3.11396e+15
6.01839e+15
6.77075e+15
6.43294e+15
5.57235e+15
4.50095e+15
3.41362e+15
2.43523e+15
1.63409e+15
1.03075e+15
6.10663e+14
3.39459e+14
1.76859e+14
8.62543e+13
3.93236e+13
1.67343e+13
6.63725e+12
2.44987e+12
8.40341e+11
2.67523e+11
7.89555e+10
2.1583e+10
5.46115e+09
1.27866e+09
2.76996e+08
5.55292e+07
1.03056e+07
1.77186e+06
282472
41894.6
5977.29
866.967
131.317
20.8115
3.45641
0.602242
0.110172
0.0211722
0.00427535
0.000907362
0.000202386
4.74346e-05
1.16788e-05
3.0195e-06
8.19383e-07
2.33227e-07
6.95957e-08
2.17546e-08
7.11722e-09
2.43487e-09
8.70294e-10
3.24694e-10
1.26318e-10
5.11814e-11
2.1574e-11
9.45053e-12
4.29719e-12
2.02349e-12
9.96598e-13
4.58948e-13
5.87269e+15
1.03569e+16
1.11788e+16
1.03667e+16
8.82583e+15
7.02518e+15
5.25575e+15
3.70034e+15
2.45186e+15
1.52839e+15
8.95772e+14
4.93227e+14
2.54889e+14
1.23475e+14
5.599e+13
2.37282e+13
9.38253e+12
3.45582e+12
1.18377e+12
3.76558e+11
1.11097e+11
3.03682e+10
7.6853e+09
1.79991e+09
3.90034e+08
7.82127e+07
1.45188e+07
2.49664e+06
398035
59029.6
8420.01
1220.77
184.807
29.27
4.85773
0.845742
0.154587
0.0296809
0.00598792
0.00126957
0.000282885
6.62306e-05
1.62884e-05
4.20643e-06
1.14011e-06
3.2412e-07
9.65959e-08
3.01552e-08
9.85242e-09
3.36602e-09
1.20145e-09
4.47613e-10
1.7389e-10
7.03554e-11
2.96134e-11
1.29534e-11
5.8814e-12
2.76546e-12
1.36007e-12
6.25254e-13
1.03925e+16
1.66091e+16
1.72142e+16
1.56013e+16
1.30624e+16
1.0247e+16
7.56095e+15
5.25317e+15
3.43756e+15
2.11859e+15
1.22937e+15
6.71257e+14
3.4455e+14
1.66039e+14
7.5005e+13
3.17048e+13
1.25172e+13
4.60713e+12
1.57802e+12
5.02171e+11
1.48263e+11
4.05642e+10
1.02759e+10
2.40904e+09
5.22533e+08
1.04873e+08
1.94825e+07
3.35222e+06
534688
79320.3
11315.8
1640.52
248.307
39.3155
6.52242
1.13505
0.20736
0.0397903
0.00802232
0.00169974
0.000378454
8.85357e-05
2.17555e-05
5.61325e-06
1.51997e-06
4.31673e-07
1.28513e-07
4.00746e-08
1.30782e-08
4.46273e-09
1.59092e-09
5.91958e-10
2.29664e-10
9.27965e-11
3.90057e-11
1.70381e-11
7.72518e-12
3.62728e-12
1.78141e-12
8.17521e-13
1.72638e+16
2.49165e+16
2.48475e+16
2.2041e+16
1.81578e+16
1.40374e+16
1.02139e+16
7.00306e+15
4.52775e+15
2.76144e+15
1.58861e+15
8.6156e+14
4.40033e+14
2.11337e+14
9.52742e+13
4.02364e+13
1.58854e+13
5.8507e+12
2.00628e+12
6.39399e+11
1.89094e+11
5.18251e+10
1.31511e+10
3.08815e+09
6.70845e+08
1.34821e+08
2.50753e+07
4.3188e+06
689418
102339
14605.9
2118.03
320.615
50.7639
8.42087
1.46517
0.267604
0.0513353
0.0103463
0.00219123
0.000487658
0.000114023
2.80019e-05
7.22022e-06
1.95372e-06
5.54429e-07
1.6492e-07
5.13814e-08
1.6752e-08
5.71053e-09
2.03357e-09
7.55805e-10
2.92887e-10
1.18198e-10
4.96201e-11
2.16464e-11
9.80159e-12
4.59601e-12
2.25409e-12
1.03263e-12
2.69178e+16
3.50973e+16
3.37791e+16
2.93707e+16
2.3814e+16
1.81388e+16
1.30134e+16
8.80844e+15
5.63235e+15
3.40464e+15
1.94557e+15
1.05027e+15
5.34894e+14
2.56545e+14
1.15633e+14
4.887e+13
1.93212e+13
7.12965e+12
2.45029e+12
7.82775e+11
2.32064e+11
6.37556e+10
1.62159e+10
3.81595e+09
8.30551e+08
1.67203e+08
3.11446e+07
5.37093e+06
858282
127515
18211.2
2642.09
400.077
63.3591
10.5116
1.82907
0.334072
0.0640832
0.0129143
0.0027347
0.000608485
0.000142238
3.49199e-05
9.00061e-06
2.43439e-06
6.90483e-07
2.05272e-07
6.39117e-08
2.08224e-08
7.09248e-09
2.52354e-09
9.37048e-10
3.62766e-10
1.46246e-10
6.13276e-11
2.67231e-11
1.20859e-11
5.66013e-12
2.7725e-12
1.26797e-12
3.93912e+16
4.66021e+16
4.34466e+16
3.70727e+16
2.95808e+16
2.21921e+16
1.57015e+16
1.05031e+16
6.65431e+15
3.99618e+15
2.2742e+15
1.22506e+15
6.23551e+14
2.99248e+14
1.35083e+14
5.72126e+13
2.26786e+13
8.39295e+12
2.89333e+12
9.27193e+11
2.75721e+11
7.59717e+10
1.93758e+10
4.57097e+09
9.97121e+08
2.01134e+08
3.75293e+07
6.4815e+06
1.03704e+06
154233
22045.1
3200.35
484.853
76.8155
12.7483
2.21884
0.405351
0.0777701
0.0156748
0.0033196
0.000738674
0.000172673
4.23907e-05
1.09253e-05
2.95455e-06
8.37848e-07
2.49015e-07
7.7505e-08
2.52407e-08
8.59332e-09
3.05585e-09
1.134e-09
4.38706e-10
1.76725e-10
7.40469e-11
3.22363e-11
1.45653e-11
6.81434e-12
3.33435e-12
1.5226e-12
5.40972e+16
5.85552e+16
5.30793e+16
4.44715e+16
3.49006e+16
2.57857e+16
1.8011e+16
1.1933e+16
7.51326e+15
4.49688e+15
2.55615e+15
1.37748e+15
7.02179e+14
3.37752e+14
1.52899e+14
6.49699e+13
2.58446e+13
9.59987e+12
3.32169e+12
1.06836e+12
3.18814e+11
8.81352e+10
2.25464e+10
5.33362e+09
1.16635e+09
2.35776e+08
4.40755e+07
7.6242e+06
1.22153e+06
181876
26020.5
3780.27
573.063
90.8382
15.0824
2.62621
0.479961
0.0921192
0.0185735
0.00393483
0.000875856
0.000204802
5.02918e-05
1.29647e-05
3.50674e-06
9.94587e-07
2.95628e-07
9.20163e-08
2.99658e-08
1.02011e-08
3.62699e-09
1.34563e-09
5.2042e-10
2.09561e-10
8.77652e-11
3.81883e-11
1.72442e-11
8.06219e-12
3.9421e-12
1.79796e-12
6.97216e+16
6.98783e+16
6.17741e+16
5.07897e+16
3.9175e+16
2.85313e+16
1.973e+16
1.29985e+16
8.16658e+15
4.88882e+15
2.7834e+15
1.50367e+15
7.68852e+14
3.71118e+14
1.68649e+14
7.19549e+13
2.87438e+13
1.0722e+13
3.72546e+12
1.20304e+12
3.60369e+11
9.99749e+10
2.56578e+10
6.08728e+09
1.33459e+09
2.70395e+08
5.06456e+07
8.77528e+06
1.40794e+06
209880
30056.4
4370.12
662.932
105.147
17.4679
3.04321
0.556463
0.106859
0.021557
0.00456941
0.00101768
0.0002381
5.85016e-05
1.50896e-05
4.08375e-06
1.15885e-06
3.44628e-07
1.07318e-07
3.49639e-08
1.1907e-08
4.2349e-09
1.57158e-09
6.07924e-10
2.44828e-10
1.02541e-10
4.46168e-11
2.01451e-11
9.41685e-12
4.60346e-12
2.09821e-12
8.46326e+16
7.93958e+16
6.85172e+16
5.51864e+16
4.18631e+16
3.01731e+16
2.07752e+16
1.36859e+16
8.61713e+15
5.17469e+15
2.95655e+15
1.60325e+15
8.23096e+14
3.99017e+14
1.82149e+14
7.8077e+13
3.13355e+13
1.17428e+13
4.09832e+12
1.32905e+12
3.99695e+11
1.11289e+11
2.86563e+10
6.81885e+09
1.49891e+09
3.04382e+08
5.71242e+07
9.91448e+06
1.59298e+06
237750
34081.5
4959.44
752.865
119.487
19.8623
3.46242
0.633504
0.121731
0.0245738
0.00521261
0.00116181
0.00027204
6.68972e-05
1.72702e-05
4.67809e-06
1.32873e-06
3.9551e-07
1.23277e-07
4.01998e-08
1.37023e-08
4.87765e-09
1.81161e-09
7.01326e-10
2.82653e-10
1.18464e-10
5.15773e-11
2.3301e-11
1.08974e-11
5.32957e-12
2.42953e-12
9.1364e+16
8.59517e+16
7.20807e+16
5.6872e+16
4.27126e+16
3.07538e+16
2.12551e+16
1.40746e+16
8.90612e+15
5.3726e+15
3.08313e+15
1.67946e+15
8.66333e+14
4.22076e+14
1.93665e+14
8.34415e+13
3.36587e+13
1.26754e+13
4.44458e+12
1.44769e+12
4.37153e+11
1.22174e+11
3.15655e+10
7.53379e+09
1.66048e+09
3.37974e+08
6.35554e+07
1.10495e+07
1.7779e+06
265669
38121.8
5551.95
843.409
133.943
22.2789
3.88607
0.711471
0.136806
0.0276374
0.0058672
0.00130886
0.000306764
7.55133e-05
1.95158e-05
5.29249e-06
1.50506e-06
4.4856e-07
1.39993e-07
4.57113e-08
1.56019e-08
5.56135e-09
2.06833e-09
8.01781e-10
3.23566e-10
1.35787e-10
5.91938e-11
2.67745e-11
1.25366e-11
6.13812e-12
2.80144e-12
9.10896e+16
8.44515e+16
6.99016e+16
5.53391e+16
4.20358e+16
3.0635e+16
2.13745e+16
1.42487e+16
9.06251e+15
5.49274e+15
3.16764e+15
1.73467e+15
8.9984e+14
4.40927e+14
2.03481e+14
8.81673e+13
3.576e+13
1.35373e+13
4.77026e+12
1.56094e+12
4.73355e+11
1.32805e+11
3.4432e+10
8.24352e+09
1.82189e+09
3.71712e+08
7.00434e+07
1.21987e+07
1.96571e+06
294094
42243.5
6157.32
936.029
148.745
24.7554
4.32055
0.791493
0.152292
0.0307876
0.00654106
0.00146045
0.000342618
8.44273e-05
2.18443e-05
5.93119e-06
1.68888e-06
5.04039e-07
1.57534e-07
5.1516e-08
1.76103e-08
6.28716e-09
2.34202e-09
9.09353e-10
3.67576e-10
1.54507e-10
6.74637e-11
3.0564e-11
1.43335e-11
7.02872e-12
3.21363e-12
8.90082e+16
8.19454e+16
6.80628e+16
5.43521e+16
4.15841e+16
3.04326e+16
2.12891e+16
1.42328e+16
9.089e+15
5.5375e+15
3.21258e+15
1.77046e+15
9.24317e+14
4.55803e+14
2.11653e+14
9.22594e+13
3.76354e+13
1.43252e+13
5.07385e+12
1.66821e+12
5.08104e+11
1.43123e+11
3.724e+10
8.94417e+09
1.98228e+09
4.0542e+08
7.65555e+07
1.33566e+07
2.15552e+06
322896
46428.1
6772.88
1030.32
163.827
27.2804
4.76375
0.873156
0.168101
0.0340049
0.00722963
0.00161544
0.000379308
9.35581e-05
2.42324e-05
6.5872e-06
1.87802e-06
5.61236e-07
1.7566e-07
5.75292e-08
1.96965e-08
7.04334e-09
2.62807e-09
1.02215e-09
4.13883e-10
1.74275e-10
7.62284e-11
3.45953e-11
1.62524e-11
7.98341e-12
3.65753e-12
8.75613e+16
7.99975e+16
6.60717e+16
5.26421e+16
4.02749e+16
2.9547e+16
2.07709e+16
1.39785e+16
8.99286e+15
5.52004e+15
3.22569e+15
1.79006e+15
9.4083e+14
4.66981e+14
2.18225e+14
9.57114e+13
3.92749e+13
1.50333e+13
5.3527e+12
1.76848e+12
5.41051e+11
1.5302e+11
3.99596e+10
9.62824e+09
2.13992e+09
4.38737e+08
8.30219e+07
1.45108e+07
2.34534e+06
351773
50632.3
7392.3
1125.31
179.035
29.8281
5.21114
0.955612
0.184067
0.0372545
0.00792522
0.00177204
0.000416389
0.00010279
2.66485e-05
7.25143e-06
2.06972e-06
6.1928e-07
1.94081e-07
6.36509e-08
2.18245e-08
7.8163e-09
2.92114e-09
1.13801e-09
4.61576e-10
1.94692e-10
8.53073e-11
3.87837e-11
1.82521e-11
8.98152e-12
4.1234e-12
8.638e+16
7.82672e+16
6.40973e+16
5.089e+16
3.89561e+16
2.86753e+16
2.02556e+16
1.37052e+16
8.86609e+15
5.47325e+15
3.21729e+15
1.79643e+15
9.50208e+14
4.74692e+14
2.23258e+14
9.85351e+13
4.06779e+13
1.56593e+13
5.60532e+12
1.86106e+12
5.71931e+11
1.62409e+11
4.25654e+10
1.02891e+10
2.29323e+09
4.71321e+08
8.93756e+07
1.56493e+07
2.53317e+06
380423
54812.1
8009.15
1220.03
194.213
32.3725
5.65814
1.03802
0.200025
0.0405026
0.00862047
0.00192857
0.000453451
0.000112018
2.90639e-05
7.91571e-06
2.26153e-06
6.774e-07
2.12543e-07
6.9793e-08
2.39624e-08
8.59409e-09
3.21657e-09
1.25503e-09
5.09845e-10
2.15402e-10
9.45389e-11
4.30533e-11
2.0296e-11
1.00043e-11
4.60238e-12
8.54502e+16
7.68285e+16
6.23449e+16
4.92422e+16
3.76259e+16
2.77145e+16
1.96253e+16
1.33298e+16
8.66593e+15
5.3807e+15
3.18306e+15
1.78923e+15
9.52854e+14
4.7924e+14
2.2689e+14
1.00777e+14
4.18558e+13
1.62047e+13
5.83137e+12
1.94557e+12
6.00562e+11
1.71223e+11
4.50361e+10
1.09207e+10
2.44078e+09
5.02855e+08
9.55532e+07
1.67605e+07
2.71708e+06
408550
58924.4
8617.04
1313.49
209.205
34.8874
6.1002
1.11954
0.215813
0.0437161
0.00930822
0.00208337
0.000490101
0.000121143
3.14519e-05
8.57244e-06
2.4512e-06
7.34884e-07
2.30812e-07
7.5875e-08
2.60813e-08
9.36578e-09
3.51005e-09
1.37145e-09
5.57947e-10
2.36078e-10
1.03773e-10
4.7333e-11
2.23491e-11
1.10342e-11
5.08603e-12
8.46644e+16
7.55958e+16
6.0789e+16
4.7722e+16
3.63519e+16
2.67637e+16
1.89838e+16
1.2937e+16
8.44856e+15
5.27373e+15
3.13808e+15
1.77486e+15
9.51206e+14
4.8147e+14
2.29387e+14
1.02512e+14
4.28277e+13
1.66734e+13
6.03117e+12
2.02184e+12
6.26822e+11
1.7941e+11
4.73543e+10
1.15183e+10
2.5813e+09
5.33054e+08
1.01496e+08
1.78337e+07
2.89525e+06
435868
62926.8
9209.69
1404.73
223.856
37.3471
6.53277
1.19933
0.23127
0.0468622
0.00998148
0.00223489
0.000525961
0.000130067
3.37871e-05
9.21452e-06
2.63661e-06
7.9108e-07
2.48674e-07
8.18235e-08
2.81547e-08
1.01214e-08
3.79769e-09
1.48567e-09
6.05204e-10
2.5642e-10
1.12873e-10
5.15576e-11
2.43796e-11
1.20547e-11
5.56656e-12
8.39903e+16
7.45361e+16
5.94283e+16
4.63614e+16
3.51817e+16
2.58654e+16
1.83581e+16
1.25394e+16
8.21835e+15
5.15351e+15
3.08277e+15
1.75365e+15
9.4554e+14
4.8156e+14
2.30841e+14
1.03781e+14
4.36071e+13
1.70689e+13
6.20539e+12
2.0899e+12
6.5065e+11
1.86935e+11
4.95071e+10
1.20778e+10
2.71374e+09
5.61669e+08
1.07153e+08
1.88588e+07
3.06597e+06
462111
66779.7
9781.17
1492.83
238.018
39.7266
6.9515
1.27661
0.246242
0.0499096
0.0106336
0.0023816
0.000560674
0.000138704
3.60459e-05
9.83535e-06
2.81582e-06
8.45383e-07
2.65933e-07
8.75711e-08
3.01584e-08
1.0852e-08
4.07592e-09
1.59624e-09
6.50988e-10
2.7615e-10
1.2171e-10
5.56664e-11
2.63576e-11
1.30505e-11
6.03651e-12
8.34279e+16
7.36391e+16
5.82571e+16
4.51684e+16
3.41338e+16
2.50421e+16
1.77703e+16
1.21557e+16
7.98951e+15
5.02963e+15
3.02287e+15
1.72866e+15
9.37314e+14
4.80138e+14
2.31496e+14
1.04668e+14
4.42202e+13
1.73983e+13
6.35563e+12
2.14997e+12
6.72043e+11
1.93779e+11
5.14844e+10
1.25958e+10
2.83713e+09
5.88471e+08
1.12474e+08
1.98265e+07
3.22759e+06
487017
70443.6
10325.5
1576.86
251.539
42.0005
7.35191
1.35053
0.260569
0.0528262
0.0112576
0.00252198
0.000593879
0.000146961
3.82046e-05
1.04284e-05
2.98693e-06
8.97211e-07
2.82399e-07
9.30534e-08
3.20695e-08
1.15487e-08
4.34136e-09
1.70177e-09
6.94716e-10
2.95009e-10
1.30165e-10
5.96022e-11
2.82547e-11
1.40071e-11
6.48885e-12
8.29501e+16
7.28728e+16
5.72491e+16
4.41294e+16
3.32074e+16
2.43014e+16
1.72312e+16
1.17962e+16
7.76989e+15
4.9073e+15
2.96148e+15
1.70158e+15
9.27375e+14
4.77594e+14
2.31517e+14
1.05236e+14
4.46889e+13
1.76684e+13
6.48359e+12
2.20241e+12
6.91042e+11
1.99935e+11
5.32806e+10
1.30699e+10
2.95079e+09
6.1328e+08
1.17419e+08
2.07289e+07
3.37873e+06
510359
73884
10837.4
1655.99
264.286
44.1461
7.72998
1.42037
0.274109
0.055583
0.0118475
0.00265466
0.000625252
0.00015476
4.02426e-05
1.09879e-05
3.14828e-06
9.46054e-07
2.97908e-07
9.8215e-08
3.38682e-08
1.22044e-08
4.59114e-09
1.80109e-09
7.35883e-10
3.12773e-10
1.38135e-10
6.33155e-11
3.00466e-11
1.49116e-11
6.91739e-12
8.2544e+16
7.22191e+16
5.63857e+16
4.32328e+16
3.23993e+16
2.36468e+16
1.67474e+16
1.14681e+16
7.56549e+15
4.79086e+15
2.90139e+15
1.67401e+15
9.16569e+14
4.74332e+14
2.31078e+14
1.05553e+14
4.5037e+13
1.78864e+13
6.59126e+12
2.24765e+12
7.07719e+11
2.05406e+11
5.48921e+10
1.34985e+10
3.05411e+09
6.3594e+08
1.21953e+08
2.15588e+07
3.51808e+06
531929
77068.8
11312
1729.44
276.131
46.1414
8.08183
1.4854
0.286722
0.0581519
0.0123972
0.00277829
0.000654481
0.000162024
4.21396e-05
1.15085e-05
3.2983e-06
9.91437e-07
3.1231e-07
1.03005e-07
3.55364e-08
1.28123e-08
4.82263e-09
1.89313e-09
7.74032e-10
3.29238e-10
1.45526e-10
6.6761e-11
3.17106e-11
1.57525e-11
7.31637e-12
8.22e+16
7.16639e+16
5.56512e+16
4.24663e+16
3.17031e+16
2.30772e+16
1.63213e+16
1.1175e+16
7.38008e+15
4.6833e+15
2.84466e+15
1.64722e+15
9.05581e+14
4.70689e+14
2.3033e+14
1.05681e+14
4.52866e+13
1.80596e+13
6.68067e+12
2.2862e+12
7.22168e+11
2.10204e+11
5.63179e+10
1.38803e+10
3.14666e+09
6.56325e+08
1.26046e+08
2.23103e+07
3.64455e+06
551542
79969.3
11744.8
1796.5
286.956
47.9665
8.40391
1.54497
0.29828
0.0605065
0.0129012
0.00289164
0.000681276
0.000168681
4.38775e-05
1.19852e-05
3.43557e-06
1.03293e-06
3.25468e-07
1.07378e-07
3.70583e-08
1.33665e-08
5.03358e-09
1.97696e-09
8.08775e-10
3.44234e-10
1.52258e-10
6.99007e-11
3.32277e-11
1.65197e-11
7.68092e-12
8.19111e+16
7.11966e+16
5.50324e+16
4.18187e+16
3.11117e+16
2.25896e+16
1.59532e+16
1.0919e+16
7.21601e+15
4.58672e+15
2.79282e+15
1.62218e+15
8.94968e+14
4.66951e+14
2.29406e+14
1.05674e+14
4.54584e+13
1.81948e+13
6.75385e+12
2.31857e+12
7.34497e+11
2.14344e+11
5.75585e+10
1.42146e+10
3.22811e+09
6.74338e+08
1.29674e+08
2.2978e+07
3.75718e+06
569040
82560.7
12132
1856.55
296.657
49.6036
8.693
1.59847
0.308666
0.0626233
0.0133543
0.00299358
0.000705372
0.000174666
4.54396e-05
1.24134e-05
3.55881e-06
1.07016e-06
3.37263e-07
1.11295e-07
3.84204e-08
1.38621e-08
5.22208e-09
2.05184e-09
8.39789e-10
3.57615e-10
1.58265e-10
7.27025e-11
3.45821e-11
1.7205e-11
8.00689e-12
8.16714e+16
7.08087e+16
5.4519e+16
4.12804e+16
3.06184e+16
2.21806e+16
1.5642e+16
1.07007e+16
7.07469e+15
4.50254e+15
2.74699e+15
1.59966e+15
8.85184e+14
4.63358e+14
2.28418e+14
1.0558e+14
4.55708e+13
1.82983e+13
6.81267e+12
2.34523e+12
7.4481e+11
2.17843e+11
5.86152e+10
1.4501e+10
3.2982e+09
6.89891e+08
1.32816e+08
2.35576e+07
3.85511e+06
584277
84820.2
12469.9
1909
305.14
51.036
8.94613
1.64533
0.31777
0.0644796
0.0137519
0.00308303
0.000726518
0.000179918
4.68099e-05
1.27889e-05
3.66683e-06
1.10277e-06
3.47586e-07
1.1472e-07
3.96103e-08
1.42947e-08
5.38646e-09
2.11707e-09
8.66794e-10
3.69261e-10
1.63491e-10
7.514e-11
3.57605e-11
1.78014e-11
8.29088e-12
8.14785e+16
7.0495e+16
5.41032e+16
4.08438e+16
3.02171e+16
2.18463e+16
1.53863e+16
1.05201e+16
6.95677e+15
4.43162e+15
2.70795e+15
1.5802e+15
8.76574e+14
4.60101e+14
2.2746e+14
1.05441e+14
4.56398e+13
1.83757e+13
6.85887e+12
2.36666e+12
7.53216e+11
2.20722e+11
5.94904e+10
1.47394e+10
3.35677e+09
7.0293e+08
1.35456e+08
2.40456e+07
3.9377e+06
597143
86729.9
12755.8
1953.42
312.327
52.2503
9.16085
1.68512
0.325502
0.0660569
0.0140898
0.00315909
0.000744502
0.000184385
4.79754e-05
1.31082e-05
3.75864e-06
1.13047e-06
3.56348e-07
1.17624e-07
4.06184e-08
1.46607e-08
5.52544e-09
2.17218e-09
8.89586e-10
3.79084e-10
1.67897e-10
7.71941e-11
3.67535e-11
1.83041e-11
8.53045e-12
8.13263e+16
7.02484e+16
5.37773e+16
4.05016e+16
2.9902e+16
2.15832e+16
1.51842e+16
1.03765e+16
6.86248e+15
4.3745e+15
2.67623e+15
1.56422e+15
8.69403e+14
4.57328e+14
2.26608e+14
1.05291e+14
4.56789e+13
1.84318e+13
6.89395e+12
2.38328e+12
7.59813e+11
2.22999e+11
6.01866e+10
1.49299e+10
3.40371e+09
7.13406e+08
1.37582e+08
2.44391e+07
4.00438e+06
607542
88274.9
12987.3
1989.4
318.152
53.2351
9.33509
1.71741
0.331783
0.0673389
0.0143647
0.00322097
0.000759139
0.000188021
4.89242e-05
1.33681e-05
3.83334e-06
1.15299e-06
3.63469e-07
1.19983e-07
4.14363e-08
1.49575e-08
5.63797e-09
2.21675e-09
9.08003e-10
3.87014e-10
1.71452e-10
7.88507e-11
3.75542e-11
1.87095e-11
8.72383e-12
8.12147e+16
7.00669e+16
5.35372e+16
4.02493e+16
2.96694e+16
2.13885e+16
1.50342e+16
1.02696e+16
6.79188e+15
4.33149e+15
2.65219e+15
1.55202e+15
8.63869e+14
4.55155e+14
2.2592e+14
1.05155e+14
4.56988e+13
1.84704e+13
6.91915e+12
2.39543e+12
7.64683e+11
2.24691e+11
6.07064e+10
1.50726e+10
3.43897e+09
7.2129e+08
1.39184e+08
2.47361e+07
4.05474e+06
615403
89443.4
13162.4
2016.63
322.564
53.9814
9.46719
1.74192
0.336551
0.0683126
0.0145735
0.00326802
0.000770276
0.000190789
4.96466e-05
1.3566e-05
3.89023e-06
1.17014e-06
3.68887e-07
1.21776e-07
4.20575e-08
1.51826e-08
5.72326e-09
2.25049e-09
9.21931e-10
3.93006e-10
1.74136e-10
8.0101e-11
3.81585e-11
1.90156e-11
8.87e-12
8.11409e+16
6.99472e+16
5.3379e+16
4.00831e+16
2.95161e+16
2.126e+16
1.49349e+16
1.01986e+16
6.74489e+15
4.30276e+15
2.63606e+15
1.54378e+15
8.60108e+14
4.53663e+14
2.25438e+14
1.05054e+14
4.57077e+13
1.84945e+13
6.93542e+12
2.40338e+12
7.67892e+11
2.25812e+11
6.10516e+10
1.51676e+10
3.46248e+09
7.26557e+08
1.40255e+08
2.49348e+07
4.08848e+06
620671
90226.7
13279.9
2034.9
325.525
54.4823
9.55591
1.75838
0.339757
0.068968
0.0147142
0.00329976
0.000777793
0.000192659
5.0135e-05
1.36998e-05
3.92871e-06
1.18174e-06
3.72551e-07
1.22988e-07
4.2477e-08
1.53345e-08
5.78072e-09
2.2732e-09
9.31295e-10
3.97031e-10
1.75938e-10
8.09404e-11
3.85643e-11
1.92212e-11
8.96853e-12
8.11044e+16
6.98877e+16
5.33004e+16
4.00005e+16
2.94399e+16
2.1196e+16
1.48855e+16
1.01632e+16
6.72142e+15
4.28837e+15
2.62796e+15
1.53964e+15
8.58206e+14
4.52903e+14
2.2519e+14
1.05e+14
4.57107e+13
1.85061e+13
6.94339e+12
2.40731e+12
7.69486e+11
2.2637e+11
6.12239e+10
1.52151e+10
3.47425e+09
7.29194e+08
1.40792e+08
2.50344e+07
4.10538e+06
623311
90619.2
13338.7
2044.06
327.009
54.7335
9.60046
1.76666
0.341372
0.0692986
0.0147854
0.00331584
0.000781611
0.000193611
5.03841e-05
1.37682e-05
3.94839e-06
1.18768e-06
3.74427e-07
1.23608e-07
4.26915e-08
1.54121e-08
5.81004e-09
2.28477e-09
9.36062e-10
3.99079e-10
1.76855e-10
8.13683e-11
3.87717e-11
1.93268e-11
9.01958e-12
8.11044e+16
6.98877e+16
5.33004e+16
4.00005e+16
2.94399e+16
2.1196e+16
1.48855e+16
1.01632e+16
6.72142e+15
4.28837e+15
2.62796e+15
1.53964e+15
8.58206e+14
4.52903e+14
2.2519e+14
1.05e+14
4.57107e+13
1.85061e+13
6.9434e+12
2.40731e+12
7.69486e+11
2.2637e+11
6.12239e+10
1.52151e+10
3.47425e+09
7.29193e+08
1.40791e+08
2.50343e+07
4.10534e+06
623305
90618.1
13338.6
2044.03
327.005
54.7331
9.60046
1.76667
0.341379
0.0693012
0.0147862
0.00331609
0.000781685
0.000193634
5.03908e-05
1.37703e-05
3.94904e-06
1.18788e-06
3.74494e-07
1.2363e-07
4.26992e-08
1.54148e-08
5.81106e-09
2.28517e-09
9.36228e-10
3.99154e-10
1.76891e-10
8.13875e-11
3.87826e-11
1.93333e-11
9.02373e-12
8.1141e+16
6.99472e+16
5.3379e+16
4.00831e+16
2.95161e+16
2.126e+16
1.49349e+16
1.01986e+16
6.74489e+15
4.30276e+15
2.63606e+15
1.54378e+15
8.60108e+14
4.53663e+14
2.25438e+14
1.05054e+14
4.57077e+13
1.84945e+13
6.93542e+12
2.40338e+12
7.67893e+11
2.25812e+11
6.10516e+10
1.51676e+10
3.46247e+09
7.26554e+08
1.40254e+08
2.49345e+07
4.08838e+06
620654
90223.4
13279.4
2034.82
325.515
54.4811
9.55593
1.75843
0.33978
0.0689758
0.0147167
0.0033005
0.000778014
0.000192726
5.0155e-05
1.37059e-05
3.93061e-06
1.18235e-06
3.7275e-07
1.23054e-07
4.25002e-08
1.53428e-08
5.78387e-09
2.27445e-09
9.31827e-10
3.97274e-10
1.76057e-10
8.10037e-11
3.86e-11
1.92427e-11
8.98198e-12
8.12145e+16
7.00668e+16
5.35371e+16
4.02493e+16
2.96694e+16
2.13885e+16
1.50342e+16
1.02696e+16
6.79187e+15
4.33149e+15
2.65219e+15
1.55202e+15
8.63869e+14
4.55155e+14
2.2592e+14
1.05155e+14
4.56988e+13
1.84704e+13
6.91916e+12
2.39543e+12
7.64684e+11
2.24692e+11
6.07063e+10
1.50726e+10
3.43894e+09
7.21284e+08
1.39181e+08
2.47355e+07
4.05459e+06
615377
89438.4
13161.7
2016.52
322.552
53.9801
9.46736
1.74202
0.336594
0.0683262
0.0145777
0.00326925
0.000770637
0.000190897
4.96788e-05
1.35758e-05
3.8933e-06
1.17113e-06
3.69212e-07
1.21886e-07
4.20965e-08
1.5197e-08
5.72881e-09
2.25277e-09
9.22927e-10
3.93472e-10
1.74369e-10
8.02255e-11
3.82287e-11
1.90573e-11
8.89566e-12
8.13264e+16
7.02485e+16
5.37773e+16
4.05016e+16
2.9902e+16
2.15832e+16
1.51842e+16
1.03765e+16
6.86248e+15
4.3745e+15
2.67623e+15
1.56422e+15
8.69403e+14
4.57328e+14
2.26608e+14
1.05291e+14
4.56789e+13
1.84318e+13
6.89396e+12
2.38328e+12
7.59813e+11
2.22999e+11
6.01865e+10
1.49298e+10
3.40367e+09
7.13396e+08
1.37578e+08
2.44383e+07
4.00417e+06
607510
88268.9
12986.5
1989.28
318.143
53.2349
9.3356
1.71761
0.331851
0.067359
0.0143705
0.00322266
0.000759631
0.000188166
4.89673e-05
1.33812e-05
3.83747e-06
1.15433e-06
3.63915e-07
1.20137e-07
4.14922e-08
1.49787e-08
5.64646e-09
2.22035e-09
9.09629e-10
3.87794e-10
1.71849e-10
7.90639e-11
3.76742e-11
1.87804e-11
8.76634e-12
8.14785e+16
7.0495e+16
5.41033e+16
4.08439e+16
3.02171e+16
2.18463e+16
1.53863e+16
1.05201e+16
6.95678e+15
4.43163e+15
2.70795e+15
1.5802e+15
8.76574e+14
4.60101e+14
2.27461e+14
1.05441e+14
4.56399e+13
1.83757e+13
6.85888e+12
2.36666e+12
7.53215e+11
2.20721e+11
5.949e+10
1.47393e+10
3.3567e+09
7.02914e+08
1.35451e+08
2.40446e+07
3.93745e+06
597108
86723.8
12755.2
1953.33
312.328
52.2524
9.16193
1.68545
0.325601
0.0660844
0.0140976
0.00316125
0.000745116
0.000184563
4.80282e-05
1.31243e-05
3.76372e-06
1.13213e-06
3.56913e-07
1.17825e-07
4.06934e-08
1.46902e-08
5.53767e-09
2.17755e-09
8.92079e-10
3.80305e-10
1.68526e-10
7.75331e-11
3.69437e-11
1.84156e-11
8.59589e-12
8.16721e+16
7.08093e+16
5.45193e+16
4.12807e+16
3.06186e+16
2.21807e+16
1.56421e+16
1.07008e+16
7.07471e+15
4.50255e+15
2.747e+15
1.59966e+15
8.85185e+14
4.63359e+14
2.28418e+14
1.0558e+14
4.55708e+13
1.82983e+13
6.81267e+12
2.34523e+12
7.44807e+11
2.17842e+11
5.86144e+10
1.45008e+10
3.2981e+09
6.89869e+08
1.32809e+08
2.35565e+07
3.85486e+06
584245
84815.1
12469.6
1908.99
305.158
51.0417
8.94799
1.64583
0.317906
0.0645153
0.0137615
0.00308564
0.000727246
0.000180126
4.68715e-05
1.28078e-05
3.67284e-06
1.10477e-06
3.48283e-07
1.14975e-07
3.97086e-08
1.43346e-08
5.40358e-09
2.1248e-09
8.7046e-10
3.71083e-10
1.64436e-10
7.565e-11
3.60454e-11
1.79673e-11
8.38641e-12
8.19105e+16
7.11962e+16
5.50321e+16
4.18185e+16
3.11117e+16
2.25896e+16
1.59532e+16
1.0919e+16
7.21602e+15
4.58673e+15
2.79282e+15
1.62218e+15
8.9497e+14
4.66952e+14
2.29406e+14
1.05674e+14
4.54585e+13
1.81948e+13
6.75384e+12
2.31856e+12
7.34491e+11
2.14341e+11
5.75574e+10
1.42143e+10
3.22799e+09
6.74311e+08
1.29667e+08
2.29769e+07
3.75695e+06
569018
82558
12132.3
1856.65
296.699
49.614
8.69584
1.59916
0.308843
0.0626679
0.0133659
0.00299665
0.000706213
0.000174905
4.55101e-05
1.24351e-05
3.56585e-06
1.07255e-06
3.38118e-07
1.11617e-07
3.85485e-08
1.39157e-08
5.24562e-09
2.06268e-09
8.45003e-10
3.60227e-10
1.59624e-10
7.34347e-11
3.49893e-11
1.74403e-11
8.14031e-12
8.22015e+16
7.16651e+16
5.56519e+16
4.24668e+16
3.17034e+16
2.30774e+16
1.63214e+16
1.11751e+16
7.38012e+15
4.68332e+15
2.84467e+15
1.64723e+15
9.05583e+14
4.7069e+14
2.30331e+14
1.05681e+14
4.52866e+13
1.80596e+13
6.68065e+12
2.28619e+12
7.22159e+11
2.102e+11
5.63163e+10
1.38798e+10
3.14651e+09
6.56295e+08
1.26038e+08
2.23093e+07
3.64438e+06
551539
79970.4
11745.9
1796.75
287.027
47.9826
8.40787
1.54588
0.298502
0.0605605
0.0129148
0.00289519
0.000682238
0.000168953
4.39585e-05
1.20105e-05
3.4439e-06
1.03583e-06
3.26531e-07
1.07789e-07
3.72258e-08
1.3438e-08
5.06551e-09
1.99184e-09
8.15977e-10
3.47851e-10
1.54139e-10
7.09107e-11
3.37862e-11
1.68404e-11
7.86021e-12
8.25425e+16
7.22179e+16
5.6385e+16
4.32324e+16
3.2399e+16
2.36467e+16
1.67474e+16
1.14681e+16
7.56549e+15
4.79086e+15
2.9014e+15
1.67402e+15
9.16571e+14
4.74333e+14
2.31078e+14
1.05553e+14
4.50369e+13
1.78864e+13
6.59121e+12
2.24763e+12
7.07706e+11
2.05401e+11
5.48901e+10
1.3498e+10
3.05394e+09
6.3591e+08
1.21946e+08
2.15583e+07
3.51802e+06
531952
77075
11314
1729.87
276.236
46.1638
8.08699
1.48655
0.286991
0.0582157
0.012413
0.00278238
0.000655586
0.000162338
4.22342e-05
1.15386e-05
3.3084e-06
9.95027e-07
3.13656e-07
1.03536e-07
3.57559e-08
1.29071e-08
4.86532e-09
1.9131e-09
7.83717e-10
3.34097e-10
1.48043e-10
6.81063e-11
3.24499e-11
1.61741e-11
7.54927e-12
8.29502e+16
7.28729e+16
5.72492e+16
4.41294e+16
3.32073e+16
2.43013e+16
1.72311e+16
1.17962e+16
7.76985e+15
4.90728e+15
2.96147e+15
1.70157e+15
9.27373e+14
4.77594e+14
2.31517e+14
1.05236e+14
4.46887e+13
1.76683e+13
6.48351e+12
2.20237e+12
6.91024e+11
1.99928e+11
5.32782e+10
1.30694e+10
2.95062e+09
6.13256e+08
1.17414e+08
2.0729e+07
3.37883e+06
510417
73896.6
10840.6
1656.63
264.428
44.1751
7.73638
1.42176
0.274426
0.0556575
0.0118658
0.00265939
0.000626539
0.000155131
4.03558e-05
1.10246e-05
3.16084e-06
9.50596e-07
2.99637e-07
9.89042e-08
3.41553e-08
1.23291e-08
4.64733e-09
1.82736e-09
7.48584e-10
3.19118e-10
1.41405e-10
6.50524e-11
3.09948e-11
1.54487e-11
7.21083e-12
8.34324e+16
7.36427e+16
5.82597e+16
4.51701e+16
3.4135e+16
2.50428e+16
1.77707e+16
1.21559e+16
7.98959e+15
5.02966e+15
3.02287e+15
1.72866e+15
9.3731e+14
4.80136e+14
2.31495e+14
1.04667e+14
4.42198e+13
1.73981e+13
6.35551e+12
2.14992e+12
6.72021e+11
1.93771e+11
5.14819e+10
1.25952e+10
2.837e+09
5.88459e+08
1.12473e+08
1.98276e+07
3.22791e+06
487117
70463.6
10329.9
1577.71
251.719
42.0364
7.35956
1.35217
0.260938
0.0529125
0.0112789
0.00252752
0.000595407
0.000147409
3.83438e-05
1.04742e-05
3.00285e-06
9.03033e-07
2.84631e-07
9.39472e-08
3.24423e-08
1.17104e-08
4.41401e-09
1.73558e-09
7.10979e-10
3.03084e-10
1.343e-10
6.17835e-11
2.94373e-11
1.46724e-11
6.84865e-12
8.39856e+16
7.45324e+16
5.94259e+16
4.63602e+16
3.51813e+16
2.58655e+16
1.83585e+16
1.25397e+16
8.21862e+15
5.15368e+15
3.08286e+15
1.75369e+15
9.45556e+14
4.81565e+14
2.30842e+14
1.03781e+14
4.36068e+13
1.70686e+13
6.20526e+12
2.08984e+12
6.50626e+11
1.86928e+11
4.95048e+10
1.20774e+10
2.71366e+09
5.61677e+08
1.07158e+08
1.88612e+07
3.06656e+06
462261
66808
9786.96
1493.91
238.235
39.7692
6.96042
1.2785
0.246668
0.0500098
0.0106585
0.0023882
0.000562527
0.000139256
3.62202e-05
9.89344e-06
2.83618e-06
8.52866e-07
2.68806e-07
8.87204e-08
3.06363e-08
1.10581e-08
4.16806e-09
1.63884e-09
6.71336e-10
2.86181e-10
1.26809e-10
5.83371e-11
2.77953e-11
1.38539e-11
6.4668e-12
8.46539e+16
7.55868e+16
6.0782e+16
4.77166e+16
3.6348e+16
2.6761e+16
1.8982e+16
1.2936e+16
8.44804e+15
5.27349e+15
3.13799e+15
1.77483e+15
9.51197e+14
4.81467e+14
2.29386e+14
1.02512e+14
4.28272e+13
1.6673e+13
6.03101e+12
2.02178e+12
6.26797e+11
1.79403e+11
4.73526e+10
1.15182e+10
2.58132e+09
5.33089e+08
1.01508e+08
1.78377e+07
2.89615e+06
436072
62963.8
9216.87
1406.04
224.112
37.3966
6.54304
1.20151
0.231764
0.0469796
0.0100112
0.00224289
0.000528245
0.000130758
3.40075e-05
9.28849e-06
2.66262e-06
8.00639e-07
2.52335e-07
8.32813e-08
2.87572e-08
1.03796e-08
3.9122e-09
1.53821e-09
6.30103e-10
2.686e-10
1.19017e-10
5.47522e-11
2.60871e-11
1.30025e-11
6.06955e-12
8.54596e+16
7.6836e+16
6.23496e+16
4.9245e+16
3.76276e+16
2.77157e+16
1.96261e+16
1.33304e+16
8.66624e+15
5.38084e+15
3.18311e+15
1.78925e+15
9.52857e+14
4.79239e+14
2.26889e+14
1.00776e+14
4.18551e+13
1.62043e+13
5.83119e+12
1.9455e+12
6.0054e+11
1.71218e+11
4.50353e+10
1.0921e+10
2.44092e+09
5.02925e+08
9.55735e+07
1.67664e+07
2.71832e+06
408810
58970.2
8625.58
1315.02
209.499
34.9442
6.11195
1.12206
0.21639
0.0438557
0.00934421
0.00209321
0.000492947
0.000122011
3.17307e-05
8.66619e-06
2.48413e-06
7.46942e-07
2.35405e-07
7.76917e-08
2.68265e-08
9.68255e-09
3.64942e-09
1.43486e-09
5.8776e-10
2.50547e-10
1.11017e-10
5.10713e-11
2.43332e-11
1.21282e-11
5.6616e-12
8.63812e+16
7.8268e+16
6.40953e+16
5.0885e+16
3.89497e+16
2.86694e+16
2.02515e+16
1.37029e+16
8.865e+15
5.47282e+15
3.21715e+15
1.79639e+15
9.50196e+14
4.74687e+14
2.23256e+14
9.85336e+13
4.0677e+13
1.56588e+13
5.60515e+12
1.861e+12
5.71916e+11
1.62408e+11
4.25662e+10
1.02898e+10
2.29353e+09
4.71433e+08
8.94055e+07
1.56571e+07
2.53476e+06
380740
54866.8
8019.06
1221.78
194.548
32.4374
5.67166
1.04096
0.200709
0.040671
0.00866453
0.00194076
0.000457007
0.000113109
2.9414e-05
8.03316e-06
2.30261e-06
6.92348e-07
2.18196e-07
7.20112e-08
2.48649e-08
8.97448e-09
3.38252e-09
1.32992e-09
5.4477e-10
2.32221e-10
1.02896e-10
4.73352e-11
2.25531e-11
1.12408e-11
5.24753e-12
8.76144e+16
8.00465e+16
6.61138e+16
5.26742e+16
4.02951e+16
2.95568e+16
2.07742e+16
1.39788e+16
8.99238e+15
5.51959e+15
3.22544e+15
1.78994e+15
9.40784e+14
4.66963e+14
2.18218e+14
9.57085e+13
3.92737e+13
1.50328e+13
5.35253e+12
1.76844e+12
5.41046e+11
1.53023e+11
3.99623e+10
9.62963e+09
2.14041e+09
4.38895e+08
8.30622e+07
1.45206e+07
2.34729e+06
352146
50695.7
7403.59
1127.31
179.416
29.9026
5.22684
0.959085
0.184888
0.0374595
0.00797946
0.00178716
0.000420812
0.000104146
2.70823e-05
7.39622e-06
2.12001e-06
6.37441e-07
2.00892e-07
6.63007e-08
2.28933e-08
8.26292e-09
3.11436e-09
1.2245e-09
5.01592e-10
2.13817e-10
9.47423e-11
4.35845e-11
2.07662e-11
1.03502e-11
4.83192e-12
8.89649e+16
8.19094e+16
6.80447e+16
5.43505e+16
4.15914e+16
3.04411e+16
2.1295e+16
1.42356e+16
9.0899e+15
5.53761e+15
3.21248e+15
1.77037e+15
9.24262e+14
4.55777e+14
2.11642e+14
9.22549e+13
3.76337e+13
1.43246e+13
5.0737e+12
1.66819e+12
5.08114e+11
1.43132e+11
3.72451e+10
8.9463e+09
1.98297e+09
4.05628e+08
7.66064e+07
1.33683e+07
2.15782e+06
323325
46500.3
6785.62
1032.58
164.262
27.3667
4.78219
0.8773
0.169093
0.0342552
0.00729623
0.00163404
0.000384742
9.52171e-05
2.47603e-05
6.76209e-06
1.93827e-06
5.82804e-07
1.83676e-07
6.06202e-08
2.09323e-08
7.55534e-09
2.84774e-09
1.1197e-09
4.58674e-10
1.95527e-10
8.664e-11
3.98581e-11
1.89911e-11
9.46555e-12
4.41916e-12
9.10859e+16
8.44435e+16
6.98887e+16
5.53295e+16
4.20332e+16
3.06376e+16
2.13784e+16
1.42517e+16
9.06412e+15
5.49337e+15
3.1678e+15
1.73467e+15
8.99809e+14
4.40904e+14
2.03469e+14
8.81623e+13
3.57582e+13
1.35367e+13
4.77015e+12
1.56096e+12
4.73383e+11
1.32823e+11
3.44399e+10
8.24648e+09
1.8228e+09
3.71969e+08
7.01048e+07
1.22124e+07
1.96834e+06
294577
42324.8
6171.65
938.605
149.245
24.8563
4.34236
0.796458
0.153489
0.0310912
0.00662191
0.00148297
0.00034917
8.64143e-05
2.24718e-05
6.13728e-06
1.75924e-06
5.28996e-07
1.66725e-07
5.50282e-08
1.90022e-08
6.85899e-09
2.58538e-09
1.01658e-09
4.16451e-10
1.77535e-10
7.86705e-11
3.61931e-11
1.72455e-11
8.59573e-12
4.01334e-12
9.13637e+16
8.59504e+16
7.2075e+16
5.68644e+16
4.27073e+16
3.07525e+16
2.12564e+16
1.40766e+16
8.90765e+15
5.37343e+15
3.08347e+15
1.67955e+15
8.66344e+14
4.22068e+14
1.93658e+14
8.34375e+13
3.36572e+13
1.26751e+13
4.44457e+12
1.44776e+12
4.37205e+11
1.22201e+11
3.15765e+10
7.53764e+09
1.66162e+09
3.38281e+08
6.3627e+07
1.1065e+07
1.78086e+06
266206
38212.7
5568.05
846.347
134.519
22.397
3.91186
0.717386
0.138236
0.0279998
0.0059633
0.00133548
0.000314449
7.78245e-05
2.02391e-05
5.52789e-06
1.58468e-06
4.76541e-07
1.50205e-07
4.95794e-08
1.71219e-08
6.18072e-09
2.32988e-09
9.16174e-10
3.75339e-10
1.60017e-10
7.09116e-11
3.26251e-11
1.55461e-11
7.74901e-12
3.61829e-12
8.46322e+16
7.93955e+16
6.85145e+16
5.51813e+16
4.18581e+16
3.01703e+16
2.07747e+16
1.36867e+16
8.61817e+15
5.17543e+15
2.95694e+15
1.60341e+15
8.23143e+14
3.99025e+14
1.82148e+14
7.80755e+13
3.13349e+13
1.17428e+13
4.09849e+12
1.32919e+12
3.99776e+11
1.11327e+11
2.86705e+10
6.82358e+09
1.50027e+09
3.04736e+08
5.72051e+07
9.93169e+06
1.59626e+06
238341
34182.4
4977.43
756.196
120.147
19.9989
3.49239
0.640392
0.123393
0.0249928
0.00532294
0.00119211
0.000280709
6.94792e-05
1.80704e-05
4.93604e-06
1.41516e-06
4.25614e-07
1.34168e-07
4.42912e-08
1.52974e-08
5.52271e-09
2.08205e-09
8.188e-10
3.35477e-10
1.43035e-10
6.33904e-11
2.91667e-11
1.3899e-11
6.92835e-12
3.23539e-12
6.97213e+16
6.98783e+16
6.17728e+16
5.07865e+16
3.91711e+16
2.85283e+16
1.97286e+16
1.29984e+16
8.16704e+15
4.88932e+15
2.78373e+15
1.50383e+15
7.6892e+14
3.7114e+14
1.68655e+14
7.19564e+13
2.87444e+13
1.07225e+13
3.72582e+12
1.20326e+12
3.6048e+11
1.00022e+11
2.56749e+10
6.09278e+09
1.33613e+09
2.70787e+08
5.07342e+07
8.79391e+06
1.41148e+06
210520
30166.5
4389.88
666.627
105.882
17.6209
3.07674
0.564148
0.108702
0.0220181
0.00468973
0.0010504
0.000247365
6.12336e-05
1.59279e-05
4.35141e-06
1.24773e-06
3.75314e-07
1.1833e-07
3.90689e-08
1.34958e-08
4.87304e-09
1.8374e-09
7.22691e-10
2.9614e-10
1.26279e-10
5.59711e-11
2.57558e-11
1.22748e-11
6.1192e-12
2.85787e-12
5.40969e+16
5.85552e+16
5.30786e+16
4.44696e+16
3.48979e+16
2.57832e+16
1.80094e+16
1.19324e+16
7.51328e+15
4.49711e+15
2.55637e+15
1.37762e+15
7.0225e+14
3.37782e+14
1.5291e+14
6.49742e+13
2.58464e+13
9.6008e+12
3.32223e+12
1.06864e+12
3.18947e+11
8.81895e+10
2.25656e+10
5.33962e+09
1.168e+09
2.36192e+08
4.41692e+07
7.64384e+06
1.22528e+06
182557
26138.5
3801.52
577.053
91.6311
15.2471
2.66211
0.488132
0.094062
0.019055
0.00405923
0.000909336
0.000214186
5.30308e-05
1.3797e-05
3.77e-06
1.08123e-06
3.25297e-07
1.02581e-07
3.38757e-08
1.17042e-08
4.22696e-09
1.5941e-09
6.27115e-10
2.57023e-10
1.09618e-10
4.85949e-11
2.23652e-11
1.06605e-11
5.31517e-12
2.4828e-12
3.9391e+16
4.66021e+16
4.34462e+16
3.70715e+16
2.95789e+16
2.21902e+16
1.57001e+16
1.05023e+16
6.65406e+15
3.99621e+15
2.27431e+15
1.22516e+15
6.23612e+14
2.99279e+14
1.35096e+14
5.72182e+13
2.2681e+13
8.39414e+12
2.89395e+12
9.27512e+11
2.75866e+11
7.60295e+10
1.9396e+10
4.57719e+09
9.98826e+08
2.0156e+08
3.76254e+07
6.5017e+06
1.04094e+06
154943
22169.2
3222.7
489.045
77.6436
12.919
2.25571
0.413658
0.0797243
0.016154
0.00344208
0.000771298
0.000181726
4.50072e-05
1.1713e-05
3.20152e-06
9.18462e-07
2.76404e-07
8.71866e-08
2.87995e-08
9.9529e-09
3.59536e-09
1.35623e-09
5.33661e-10
2.1877e-10
9.33243e-11
4.13805e-11
1.90488e-11
9.08155e-12
4.52877e-12
2.11596e-12
2.69177e+16
3.50973e+16
3.37789e+16
2.937e+16
2.38128e+16
1.81375e+16
1.30122e+16
8.8077e+15
5.63199e+15
3.40455e+15
1.9456e+15
1.05033e+15
5.34939e+14
2.56571e+14
1.15646e+14
4.88753e+13
1.93235e+13
7.13084e+12
2.45092e+12
7.83095e+11
2.32209e+11
6.38132e+10
1.62358e+10
3.82207e+09
8.32229e+08
1.67622e+08
3.12399e+07
5.3911e+06
862217
128237
18338.1
2664.93
404.347
64.1958
10.6824
1.86551
0.342183
0.0659676
0.0133709
0.0028501
0.000638896
0.000150592
3.73121e-05
9.71452e-06
2.65639e-06
7.6239e-07
2.29528e-07
7.24285e-08
2.39335e-08
8.27416e-09
2.98993e-09
1.12821e-09
4.44071e-10
1.82095e-10
7.77002e-11
3.44616e-11
1.58677e-11
7.56676e-12
3.77422e-12
1.7639e-12
1.72637e+16
2.49164e+16
2.48474e+16
2.20406e+16
1.81571e+16
1.40365e+16
1.0213e+16
7.00245e+15
4.52741e+15
2.7613e+15
1.5886e+15
8.61588e+14
4.40062e+14
2.11355e+14
9.52832e+13
4.02404e+13
1.58872e+13
5.85169e+12
2.00685e+12
6.39697e+11
1.89231e+11
5.18799e+10
1.31701e+10
3.094e+09
6.7245e+08
1.35222e+08
2.51673e+07
4.33838e+06
693269
103048
14731.1
2140.54
324.807
51.5783
8.58541
1.49986
0.275228
0.0530839
0.0107647
0.00229574
0.000514897
0.00012143
3.01032e-05
7.84199e-06
2.14555e-06
6.16118e-07
1.85592e-07
5.85952e-08
1.93723e-08
6.70057e-09
2.42243e-09
9.14474e-10
3.60093e-10
1.47717e-10
6.3054e-11
2.79753e-11
1.28852e-11
6.14638e-12
3.06659e-12
1.43366e-12
1.03925e+16
1.66091e+16
1.72141e+16
1.56011e+16
1.3062e+16
1.02465e+16
7.56038e+15
5.25271e+15
3.43727e+15
2.11846e+15
1.22934e+15
6.71265e+14
3.44565e+14
1.6605e+14
7.50103e+13
3.17073e+13
1.25185e+13
4.60793e+12
1.57852e+12
5.02445e+11
1.48392e+11
4.06155e+10
1.02937e+10
2.41451e+09
5.24037e+08
1.0525e+08
1.95691e+07
3.37072e+06
538340
79994
11434.6
1661.81
252.253
40.0761
6.67468
1.1668
0.214257
0.0413533
0.00839193
0.00179099
0.000401979
9.4868e-05
2.35352e-05
6.13534e-06
1.6798e-06
4.82707e-07
1.45505e-07
4.59698e-08
1.52082e-08
5.26363e-09
1.90411e-09
7.19234e-10
2.83373e-10
1.16307e-10
4.96717e-11
2.20484e-11
1.01599e-11
4.84838e-12
2.41991e-12
1.13182e-12
5.87265e+15
1.03568e+16
1.11788e+16
1.03666e+16
8.82559e+15
7.02485e+15
5.25538e+15
3.70003e+15
2.45165e+15
1.52828e+15
8.95734e+14
4.93222e+14
2.54894e+14
1.23479e+14
5.59926e+13
2.37297e+13
9.38356e+12
3.45657e+12
1.18426e+12
3.76825e+11
1.11221e+11
3.0417e+10
7.70213e+09
1.80504e+09
3.91441e+08
7.8564e+07
1.45994e+07
2.51375e+06
401402
59647.3
8528.4
1240.05
188.358
29.9489
4.99248
0.873576
0.160574
0.0310238
0.00630221
0.00134637
0.000302488
7.14576e-05
1.77443e-05
4.63001e-06
1.26879e-06
3.64921e-07
1.10094e-07
3.48113e-08
1.15259e-08
3.99232e-09
1.44532e-09
5.46339e-10
2.15407e-10
8.84718e-11
3.78087e-11
1.67931e-11
7.74284e-12
3.69703e-12
1.84621e-12
8.63988e-13
3.11394e+15
6.01837e+15
6.77073e+15
6.43288e+15
5.57223e+15
4.50076e+15
3.41341e+15
2.43504e+15
1.63395e+15
1.03067e+15
6.10628e+14
3.39448e+14
1.76858e+14
8.62556e+13
3.9325e+13
1.67356e+13
6.63837e+12
2.45071e+12
8.40859e+11
2.67795e+11
7.9077e+10
2.163e+10
5.47709e+09
1.28348e+09
2.78306e+08
5.58539e+07
1.03795e+07
1.78743e+06
285505
42444.7
6072.79
883.768
134.379
21.3911
3.57039
0.62557
0.115145
0.0222777
0.00453181
0.000969489
0.000218109
5.15924e-05
1.28277e-05
3.35125e-06
9.19454e-07
2.64748e-07
7.99595e-08
2.53095e-08
8.38837e-09
2.90835e-09
1.05388e-09
3.98729e-10
1.57344e-10
6.46776e-11
2.76622e-11
1.22958e-11
5.6734e-12
2.71081e-12
1.35461e-12
6.34383e-13
1.54756e+15
3.24667e+15
3.80539e+15
3.70748e+15
3.26947e+15
2.6802e+15
2.06046e+15
1.48913e+15
1.01187e+15
6.45985e+14
3.87039e+14
2.1737e+14
1.1429e+14
5.61831e+13
2.57867e+13
1.10351e+13
4.39688e+12
1.62899e+12
5.60467e+11
1.78874e+11
5.29048e+10
1.44889e+10
3.67238e+09
8.61255e+08
1.86885e+08
3.75321e+07
6.97965e+06
1.20289e+06
192303
28617
4099.13
597.338
90.9603
14.5023
2.4246
0.425547
0.0784664
0.0152083
0.00309927
0.000664203
0.000149689
3.54688e-05
8.8335e-06
2.31147e-06
6.35162e-07
1.8316e-07
5.53971e-08
1.75585e-08
5.82698e-09
2.02278e-09
7.33837e-10
2.77952e-10
1.098e-10
4.518e-11
1.93418e-11
8.60528e-12
3.97403e-12
1.90041e-12
9.50402e-13
4.45464e-13
7.19278e+14
1.61969e+15
1.97473e+15
1.97361e+15
1.77272e+15
1.47516e+15
1.14948e+15
8.41489e+14
5.78957e+14
3.74073e+14
2.26698e+14
1.28684e+14
6.83231e+13
3.38814e+13
1.56709e+13
6.7509e+12
2.70513e+12
1.00699e+12
3.47837e+11
1.11377e+11
3.30312e+10
9.0668e+09
2.30257e+09
5.4093e+08
1.17561e+08
2.3645e+07
4.40359e+06
760049
121694
18138.7
2602.73
379.993
57.9787
9.26292
1.55193
0.27297
0.0504428
0.00979829
0.00200116
0.000429805
9.7073e-05
2.30502e-05
5.75256e-06
1.50832e-06
4.15277e-07
1.19978e-07
3.63533e-08
1.15424e-08
3.83681e-09
1.33401e-09
4.84684e-10
1.83842e-10
7.27211e-11
2.9961e-11
1.28419e-11
5.71993e-12
2.64438e-12
1.26585e-12
6.33661e-13
2.97305e-13
3.1158e+14
7.44265e+14
9.41485e+14
9.65094e+14
8.83163e+14
7.46122e+14
5.89265e+14
4.36882e+14
3.04288e+14
1.98958e+14
1.21962e+14
6.99865e+13
3.75369e+13
1.87884e+13
8.76339e+12
3.80358e+12
1.5342e+12
5.74401e+11
1.994e+11
6.41228e+10
1.90878e+10
5.25651e+09
1.33877e+09
3.15334e+08
6.86982e+07
1.38491e+07
2.58501e+06
447162
71757.5
10720.1
1541.92
225.682
34.5229
5.52998
0.928955
0.163829
0.0303549
0.00591194
0.00121061
0.00026069
5.90293e-05
1.40521e-05
3.51565e-06
9.24038e-07
2.5501e-07
7.3844e-08
2.24241e-08
7.13499e-09
2.37659e-09
8.27924e-10
3.01372e-10
1.14515e-10
4.53742e-11
1.8724e-11
8.03766e-12
3.5852e-12
1.65971e-12
7.95504e-13
3.98693e-13
1.87293e-13
1.25199e+14
3.13661e+14
4.10362e+14
4.3115e+14
4.01974e+14
3.44791e+14
2.75971e+14
2.07177e+14
1.46048e+14
9.66186e+13
5.9904e+13
3.47519e+13
1.88323e+13
9.51741e+12
4.47875e+12
1.9597e+12
7.96237e+11
3.00058e+11
1.04769e+11
3.38651e+10
1.0127e+10
2.8003e+09
7.15864e+08
1.69193e+08
3.69789e+07
7.47767e+06
1.39994e+06
242882
39091.5
5857.46
845.103
124.086
19.0428
3.0602
0.515731
0.0912461
0.0169603
0.00331361
0.000680652
0.000147019
3.33905e-05
7.9722e-06
2.0003e-06
5.27235e-07
1.45903e-07
4.23627e-08
1.28976e-08
4.1141e-09
1.37368e-09
4.7966e-10
1.74991e-10
6.66351e-11
2.64569e-11
1.09389e-11
4.70446e-12
2.10212e-12
9.74764e-13
4.67943e-13
2.34875e-13
1.10504e-13
4.63937e+13
1.20678e+14
1.62707e+14
1.75019e+14
1.66204e+14
1.4473e+14
1.17387e+14
8.92155e+13
6.36386e+13
4.25873e+13
2.67017e+13
1.5659e+13
8.57414e+12
4.37588e+12
2.07819e+12
9.17068e+11
3.75521e+11
1.42519e+11
5.00828e+10
1.62829e+10
4.89498e+09
1.36007e+09
3.49229e+08
8.28814e+07
1.81857e+07
3.69131e+06
693620
120778
19509.9
2934.06
424.909
62.6287
9.64854
1.55654
0.263333
0.046768
0.00872567
0.00171108
0.000352751
7.64645e-05
1.74268e-05
4.17492e-06
1.05101e-06
2.77917e-07
7.71509e-08
2.2469e-08
6.86111e-09
2.19485e-09
7.34882e-10
2.57291e-10
9.41074e-11
3.5924e-11
1.42971e-11
5.92477e-12
2.55357e-12
1.14339e-12
5.3124e-13
2.55503e-13
1.28473e-13
6.05542e-14
1.57494e+13
4.2174e+13
5.83862e+13
6.42056e+13
6.20729e+13
5.48644e+13
4.50847e+13
3.46811e+13
2.5026e+13
1.69369e+13
1.07366e+13
6.36406e+12
3.52079e+12
1.81466e+12
8.69881e+11
3.87228e+11
1.59853e+11
6.11236e+10
2.16277e+10
7.07613e+09
2.13962e+09
5.97692e+08
1.54241e+08
3.67788e+07
8.10642e+06
1.65263e+06
311869
54535.7
8846.79
1336.14
194.344
28.773
4.4527
0.721557
0.122617
0.0218728
0.00409863
0.000807159
0.000167096
3.63688e-05
8.32173e-06
2.00136e-06
5.0573e-07
1.34221e-07
3.73928e-08
1.09276e-08
3.34799e-09
1.07447e-09
3.60875e-10
1.26726e-10
4.64856e-11
1.77945e-11
7.10081e-12
2.95012e-12
1.27461e-12
5.72058e-13
2.66384e-13
1.28392e-13
6.46904e-14
3.05545e-14
4.86415e+12
1.33178e+13
1.88648e+13
2.11727e+13
2.08241e+13
1.86759e+13
1.55452e+13
1.21003e+13
8.83065e+12
6.04229e+12
3.87169e+12
2.31917e+12
1.29619e+12
6.74663e+11
3.26452e+11
1.46613e+11
6.10286e+10
2.35173e+10
8.3814e+09
2.7606e+09
8.39926e+08
2.35994e+08
6.12344e+07
1.46773e+07
3.25121e+06
666040
126291
22189.3
3616.71
548.859
80.2254
11.9372
1.85668
0.302399
0.0516466
0.00925885
0.00174348
0.000345006
7.17597e-05
1.56906e-05
3.6064e-06
8.71129e-07
2.21064e-07
5.89121e-08
1.64779e-08
4.8341e-09
1.48659e-09
4.78806e-10
1.61371e-10
5.68569e-11
2.09232e-11
8.03396e-12
3.21539e-12
1.33966e-12
5.80374e-13
2.61152e-13
1.21909e-13
5.8896e-14
2.97419e-14
1.40802e-14
1.35717e+12
3.7793e+12
5.45972e+12
6.2429e+12
6.24109e+12
5.67687e+12
4.78484e+12
3.76776e+12
2.78007e+12
1.92268e+12
1.24497e+12
7.53458e+11
4.2536e+11
2.23563e+11
1.09192e+11
4.94778e+10
2.07696e+10
8.06719e+09
2.8965e+09
9.60675e+08
2.94199e+08
8.31696e+07
2.17062e+07
5.23179e+06
1.16516e+06
239952
45735.3
8077.36
1323.41
201.892
29.6693
4.43904
0.694281
0.113709
0.0195282
0.00352016
0.000666462
0.000132586
2.77217e-05
6.09252e-06
1.40732e-06
3.41593e-07
8.70943e-08
2.33164e-08
6.5506e-09
1.92997e-09
5.95962e-10
1.92715e-10
6.51998e-11
2.30569e-11
8.51492e-12
3.28061e-12
1.31725e-12
5.50525e-13
2.3921e-13
1.07943e-13
5.05257e-14
2.44726e-14
1.23889e-14
5.87986e-15
3.3961e+11
9.5804e+11
1.40742e+12
1.63666e+12
1.66147e+12
1.53193e+12
1.30703e+12
1.04085e+12
7.7626e+11
5.4247e+11
3.54866e+11
2.16935e+11
1.23683e+11
6.56331e+10
3.23553e+10
1.47921e+10
6.26222e+09
2.45192e+09
8.87046e+08
2.96312e+08
9.13566e+07
2.59918e+07
6.82496e+06
1.65468e+06
370613
76751.3
14710.2
2612.4
430.409
66.0319
9.76007
1.46896
0.231131
0.0380828
0.00657963
0.00119313
0.000227224
4.54668e-05
9.56065e-06
2.11293e-06
4.90735e-07
1.19747e-07
3.06894e-08
8.25726e-09
2.33112e-09
6.90038e-10
2.14047e-10
6.9519e-11
2.36189e-11
8.3863e-12
3.10909e-12
1.20232e-12
4.84484e-13
2.03172e-13
8.85679e-14
4.009e-14
1.88206e-14
9.14151e-15
4.64021e-15
2.20827e-15
7.56612e+10
2.15586e+11
3.21252e+11
3.79277e+11
3.90571e+11
3.64822e+11
3.14951e+11
2.53565e+11
1.91086e+11
1.34893e+11
8.91249e+10
5.50208e+10
3.1674e+10
1.69678e+10
8.44192e+09
3.89383e+09
1.66252e+09
6.56235e+08
2.39242e+08
8.05018e+07
2.49921e+07
7.15754e+06
1.89137e+06
461366
103955
21655.2
4174.76
745.75
123.594
19.0752
2.83687
0.429672
0.0680395
0.0112829
0.0019619
0.000358038
6.8618e-05
1.38159e-05
2.92302e-06
6.49887e-07
1.51827e-07
3.72613e-08
9.60296e-09
2.59782e-09
7.37264e-10
2.19353e-10
6.83784e-11
2.2314e-11
7.61589e-12
2.71608e-12
1.01121e-12
3.92632e-13
1.58828e-13
6.68528e-14
2.92461e-14
1.32829e-14
6.25581e-15
3.04784e-15
1.5516e-15
7.40575e-16
1.48945e+10
4.27732e+10
6.45138e+10
7.72042e+10
8.05644e+10
7.6186e+10
6.65221e+10
5.41269e+10
4.12043e+10
2.93748e+10
1.9597e+10
1.22146e+10
7.09851e+09
3.83827e+09
1.9271e+09
8.96757e+08
3.86152e+08
1.53671e+08
5.64615e+07
1.91401e+07
5.98441e+06
1.72557e+06
458975
112673
25546
5354.43
1038.59
186.673
31.1306
4.83511
0.723774
0.110358
0.0175941
0.00293754
0.000514277
9.44912e-05
1.82312e-05
3.6952e-06
7.86908e-07
1.76081e-07
4.13953e-08
1.02217e-08
2.65013e-09
7.21105e-10
2.0581e-10
6.15698e-11
1.9295e-11
6.32886e-12
2.17076e-12
7.77852e-13
2.90922e-13
1.13455e-13
4.6088e-14
1.94771e-14
8.55336e-15
3.89896e-15
1.8427e-15
9.00738e-16
4.60003e-16
2.20253e-16
2.56995e+09
7.42633e+09
1.1317e+10
1.37076e+10
1.44803e+10
1.38539e+10
1.22291e+10
1.0053e+10
7.7284e+09
5.56259e+09
3.7462e+09
2.35694e+09
1.38252e+09
7.54447e+08
3.8222e+08
1.79434e+08
7.79274e+07
3.12676e+07
1.15793e+07
3.95518e+06
1.24567e+06
361706
96863.2
23936.7
5462.52
1152.35
224.966
40.698
6.83179
1.06822
0.161009
0.0247244
0.00397016
0.000667667
0.000117736
2.17884e-05
4.23395e-06
8.64224e-07
1.85322e-07
4.17519e-08
9.88134e-09
2.45599e-09
6.40825e-10
1.75456e-10
5.03798e-11
1.516e-11
4.77793e-12
1.5758e-12
5.43358e-13
1.95697e-13
7.35521e-14
2.88197e-14
1.17602e-14
4.99145e-15
2.20108e-15
1.0073e-15
4.7786e-16
2.34422e-16
1.20129e-16
5.77138e-17
3.852e+08
1.11872e+09
1.7199e+09
2.10574e+09
2.24965e+09
2.17613e+09
1.94107e+09
1.61158e+09
1.2508e+09
9.08711e+08
6.17651e+08
3.92179e+08
2.32154e+08
1.27841e+08
6.535e+07
3.09494e+07
1.35569e+07
5.48498e+06
2.04764e+06
704865
223664
65418.9
17643.2
4390.27
1008.77
214.26
42.1152
7.67163
1.29684
0.204225
0.0310094
0.00479787
0.000776341
0.000131567
2.33797e-05
4.35995e-06
8.53687e-07
1.75565e-07
3.7927e-08
8.607e-09
2.05156e-09
5.13474e-10
1.34891e-10
3.71781e-11
1.07442e-11
3.25336e-12
1.03158e-12
3.42222e-13
1.18673e-13
4.29753e-14
1.62371e-14
6.39434e-15
2.62195e-15
1.11803e-15
4.95214e-16
2.27595e-16
1.08408e-16
5.33869e-17
2.74594e-17
1.32403e-17
4.96461e+07
1.44783e+08
2.24279e+08
2.7724e+08
2.99274e+08
2.92505e+08
2.63532e+08
2.20907e+08
1.73054e+08
1.26874e+08
8.70187e+07
5.57529e+07
3.33023e+07
1.85044e+07
9.54396e+06
4.56001e+06
2.01481e+06
822095
309441
107375
34338.1
10120
2749.71
689.265
159.532
34.1316
6.75826
1.24024
0.211241
0.0335234
0.00513078
0.000800349
0.000130577
2.23132e-05
3.9981e-06
7.51754e-07
1.48402e-07
3.07666e-08
6.69943e-09
1.53224e-09
3.68025e-10
9.28014e-11
2.45575e-11
6.81665e-12
1.9836e-12
6.04675e-13
1.92979e-13
6.44236e-14
2.24762e-14
8.18713e-15
3.11079e-15
1.23172e-15
5.07691e-16
2.17569e-16
9.68303e-17
4.47059e-17
2.13876e-17
1.05764e-17
5.46169e-18
2.64375e-18
5.43561e+06
1.59069e+07
2.48031e+07
3.09243e+07
3.37018e+07
3.32621e+07
3.02557e+07
2.55989e+07
2.02361e+07
1.49691e+07
1.03584e+07
6.69596e+06
4.03554e+06
2.26255e+06
1.17746e+06
567614
253017
104137
39533
13832.9
4460.04
1325.07
362.905
91.6886
21.3892
4.61253
0.920639
0.170328
0.0292523
0.00468182
0.000722853
0.000113773
1.87309e-05
3.22999e-06
5.84022e-07
1.10806e-07
2.20696e-08
4.61582e-09
1.01381e-09
2.33845e-10
5.66342e-11
1.43971e-11
3.84003e-12
1.07414e-12
3.1491e-13
9.66943e-14
3.10769e-14
1.04452e-14
3.66811e-15
1.34461e-15
5.1402e-16
2.04721e-16
8.48581e-17
3.65623e-17
1.63565e-17
7.5891e-18
3.64786e-18
1.81204e-18
9.39795e-19
4.5682e-19
497921
1.46142e+06
2.29183e+06
2.87954e+06
3.16589e+06
3.15342e+06
2.89486e+06
2.4715e+06
1.97116e+06
1.47098e+06
1.02688e+06
669708
407245
230393
120993
58859.7
26476.1
10995.7
4211.69
1486.77
483.58
144.923
40.0353
10.2028
2.40091
0.522322
0.105189
0.0196393
0.00340449
0.000550132
8.57804e-05
1.36382e-05
2.26827e-06
3.95146e-07
7.21749e-08
1.38318e-08
2.78238e-09
5.87636e-10
1.30309e-10
3.034e-11
7.41558e-12
1.90204e-12
5.11749e-13
1.44362e-13
4.26717e-14
1.3207e-14
4.27741e-15
1.4484e-15
5.12303e-16
1.89096e-16
7.27703e-17
2.91684e-17
1.21649e-17
5.27237e-18
2.37198e-18
1.1065e-18
5.34612e-19
2.6687e-19
1.39064e-19
6.79048e-20
37413.5
110089
173518
219538
243341
244497
226443
195037
156918
118126
83190.4
54739.1
33588.5
19177.5
10165.5
4992.03
2266.91
950.476
367.548
130.993
43.015
13.0152
3.63032
0.934227
0.222025
0.0487906
0.00992744
0.00187317
0.000328254
5.36373e-05
8.4601e-06
1.3609e-06
2.29018e-07
4.03671e-08
7.45953e-09
1.4461e-09
2.94205e-10
6.28295e-11
1.40848e-11
3.31436e-12
8.18503e-13
2.12063e-13
5.76164e-14
1.64081e-14
4.89477e-15
1.52846e-15
4.99293e-16
1.70474e-16
6.07798e-17
2.26074e-17
8.7645e-18
3.53806e-18
1.48565e-18
6.48099e-19
2.93398e-19
1.37686e-19
6.69037e-20
3.35788e-20
1.75895e-20
8.63182e-21
2243.71
6616.82
10476.2
13338.9
14897.7
15092.7
14098.3
12248.5
9940.68
7549.07
5363.84
3561.51
2205.76
1271.44
680.559
337.555
154.85
65.5997
25.6343
9.23345
3.06486
0.937538
0.264435
0.0688279
0.016549
0.00368045
0.000758139
0.000144877
2.57222e-05
4.26009e-06
6.81317e-07
1.11151e-07
1.89702e-08
3.39081e-09
6.35313e-10
1.24846e-10
2.57401e-11
5.56899e-12
1.26437e-12
3.01221e-13
7.52856e-14
1.97336e-14
5.42221e-15
1.56105e-15
4.70606e-16
1.48452e-16
4.89703e-17
1.68781e-17
6.07236e-18
2.27838e-18
8.90699e-19
3.6245e-19
1.53366e-19
6.7398e-20
3.07265e-20
1.45164e-20
7.09908e-21
3.58478e-21
1.88886e-21
9.32097e-22
103.168
304.85
484.623
620.668
698.161
712.937
671.574
588.511
481.837
369.204
264.749
177.461
110.989
64.6297
34.9608
17.5308
8.13332
3.48585
1.37858
0.502719
0.168998
0.0523765
0.0149735
0.00395205
0.000964034
0.000217625
4.55276e-05
8.84056e-06
1.5958e-06
2.68852e-07
4.37585e-08
7.26636e-09
1.2622e-09
2.29569e-10
4.37534e-11
8.74275e-12
1.83209e-12
4.02694e-13
9.28385e-14
2.24482e-14
5.6916e-15
1.51265e-15
4.21214e-16
1.22835e-16
3.74917e-17
1.19682e-17
3.99334e-18
1.39152e-18
5.0593e-19
1.91751e-19
7.56896e-20
3.10861e-20
1.32705e-20
5.88126e-21
2.70295e-21
1.28684e-21
6.33946e-22
3.22357e-22
1.70999e-22
8.49156e-23
3.40781
10.0879
16.097
20.7291
23.4771
24.1613
22.9513
20.2905
16.7651
12.9684
9.39154
6.36045
4.0214
2.36858
1.29678
0.658552
0.309629
0.134571
0.0540048
0.0199978
0.00683124
0.00215296
0.000626378
0.000168381
4.18675e-05
9.64194e-06
2.05949e-06
4.08638e-07
7.54287e-08
1.30039e-08
2.16693e-09
3.68417e-10
6.55009e-11
1.21874e-11
2.37478e-12
4.84814e-13
1.03723e-13
2.32585e-14
5.46622e-15
1.34638e-15
3.47478e-16
9.39343e-17
2.65874e-17
7.87566e-18
2.44006e-18
7.9016e-19
2.67285e-19
9.43669e-20
3.47425e-20
1.33261e-20
5.32065e-21
2.20917e-21
9.5294e-22
4.26536e-22
1.9789e-22
9.5064e-23
4.7235e-23
2.42143e-23
1.29458e-23
6.47555e-24
0.0722311
0.21419
0.343018
0.444117
0.506478
0.525462
0.50364
0.449578
0.375318
0.293527
0.215074
0.1475
0.0945239
0.0564891
0.0314151
0.0162245
0.00776729
0.0034418
0.00141009
0.000533793
0.000186671
6.0315e-05
1.80166e-05
4.97976e-06
1.27496e-06
3.02757e-07
6.6768e-08
1.36945e-08
2.61574e-09
4.67061e-10
8.06457e-11
1.42021e-11
2.61293e-12
5.0251e-13
1.01075e-13
2.12713e-14
4.6849e-15
1.08002e-15
2.60609e-16
6.58228e-17
1.73988e-17
4.81168e-18
1.39172e-18
4.20831e-19
1.32965e-19
4.38685e-20
1.51051e-20
5.42381e-21
2.02921e-21
7.90342e-22
3.20181e-22
1.34795e-22
5.89151e-23
2.67025e-23
1.25369e-23
6.09102e-24
3.05917e-24
1.58425e-24
8.55351e-25
4.31759e-25
)
;

boundaryField
{
    highVoltage
    {
        type            zeroGradient;
    }
    topBotBoundaries
    {
        type            zeroGradient;
    }
    inletBoundary
    {
        type            fixedValue;
        value           uniform 0;
    }
    frontBack
    {
        type            empty;
    }
    region0_to_dielectric
    {
        type            zeroGradient;
    }
}


// ************************************************************************* //
