/*--------------------------------*- C++ -*----------------------------------*\
| =========                 |                                                 |
| \\      /  F ield         | OpenFOAM: The Open Source CFD Toolbox           |
|  \\    /   O peration     | Version:  2406                                  |
|   \\  /    A nd           | Website:  www.openfoam.com                      |
|    \\/     M anipulation  |                                                 |
\*---------------------------------------------------------------------------*/
FoamFile
{
    version     2.0;
    format      ascii;
    arch        "LSB;label=32;scalar=64";
    class       volScalarField;
    location    "2e-07";
    object      O;
}
// * * * * * * * * * * * * * * * * * * * * * * * * * * * * * * * * * * * * * //

dimensions      [0 -3 0 0 0 0 0];

internalField   nonuniform List<scalar> 
5880
(
144.972
429.894
688.465
891.391
1016.57
1054.7
1010.9
902.323
753.122
588.735
431.067
295.34
189.034
112.781
62.5498
32.1451
15.2526
6.65746
2.66399
0.974652
0.325502
0.09918
0.0275923
0.00702137
0.0016384
0.000351667
6.96614e-05
1.2779e-05
2.17784e-06
3.468e-07
5.34377e-08
8.40948e-09
1.38612e-09
2.39624e-10
4.34707e-11
8.27811e-12
1.65495e-12
3.47345e-13
7.65257e-14
1.76954e-14
4.29335e-15
1.09256e-15
2.91481e-16
8.1485e-17
2.38554e-17
7.30854e-18
2.34179e-18
7.84125e-19
2.74131e-19
9.99716e-20
3.79978e-20
1.50385e-20
6.19132e-21
2.64849e-21
1.17591e-21
5.41328e-22
2.58119e-22
1.2713e-22
6.54919e-23
3.13122e-23
6845.36
20263.9
32334.7
41639.6
47160.2
48535.2
46104.6
40757.4
33669.8
26034.1
18840.6
12747.6
8049.78
4733.42
2584.8
1306.72
609.479
261.355
102.707
36.8939
12.095
3.61684
0.987213
0.246366
0.0563484
0.0118472
0.00229715
0.00041218
6.86597e-05
1.0679e-05
1.60673e-06
2.47015e-07
3.98109e-08
6.7358e-09
1.19714e-09
2.23567e-10
4.38753e-11
9.04853e-12
1.96068e-12
4.46302e-13
1.06684e-13
2.67688e-14
7.04698e-15
1.94532e-15
5.62749e-16
1.70472e-16
5.40415e-17
1.79131e-17
6.20277e-18
2.24167e-18
8.44756e-19
3.31632e-19
1.3549e-19
5.75405e-20
2.53731e-20
1.1605e-20
5.49968e-21
2.69321e-21
1.3795e-21
6.56498e-22
207326
612625
973895
1.24729e+06
1.40303e+06
1.43274e+06
1.34962e+06
1.18265e+06
968137
741555
531412
355875
222306
129239
69738.9
34825.3
16041.7
6793.88
2637.5
936.338
303.516
89.7857
24.2528
5.99123
1.35655
0.282327
0.0541748
0.00961611
0.00158383
0.00024343
3.61762e-05
5.49317e-06
8.74596e-07
1.4622e-07
2.5687e-08
4.74339e-09
9.20849e-10
1.87939e-10
4.03183e-11
9.09009e-12
2.15313e-12
5.35571e-13
1.39826e-13
3.82959e-14
1.09957e-14
3.3073e-15
1.04141e-15
3.43003e-16
1.18058e-16
4.24233e-17
1.59012e-17
6.21086e-18
2.52538e-18
1.06767e-18
4.68812e-19
2.1357e-19
1.00833e-19
4.92076e-20
2.51152e-20
1.19252e-20
4.51013e+06
1.33006e+07
2.10582e+07
2.68126e+07
2.99459e+07
3.03382e+07
2.83396e+07
2.46207e+07
1.99793e+07
1.51676e+07
1.07706e+07
7.14524e+06
4.42007e+06
2.54377e+06
1.35843e+06
671225
305956
128260
49312.7
17349.9
5578.19
1638
439.523
107.92
24.2975
5.02924
0.959774
0.169398
0.0277337
0.00423489
0.000624939
9.42035e-05
1.48877e-05
2.47039e-06
4.30735e-07
7.89497e-08
1.52147e-08
3.08298e-09
6.56769e-10
1.4707e-10
3.4607e-11
8.55359e-12
2.21953e-12
6.04324e-13
1.72541e-13
5.16179e-14
1.61702e-14
5.29978e-15
1.81562e-15
6.49542e-16
2.42439e-16
9.43173e-17
3.82056e-17
1.60948e-17
7.04338e-18
3.19847e-18
1.50557e-18
7.32687e-19
3.72889e-19
1.76727e-19
7.5218e+07
2.21327e+08
3.4884e+08
4.41354e+08
4.89206e+08
4.91534e+08
4.55242e+08
3.921e+08
3.15438e+08
2.37393e+08
1.67094e+08
1.09856e+08
6.73329e+07
3.83854e+07
2.03023e+07
9.93546e+06
4.48613e+06
1.86374e+06
710600
248147
79263
23146.5
6182.18
1512.12
339.334
70.0339
13.3285
2.34585
0.382893
0.0582646
0.00856397
0.00128532
0.000202189
3.33868e-05
5.79197e-06
1.05616e-06
2.02482e-07
4.08167e-08
8.65052e-09
1.92728e-09
4.51254e-10
1.10992e-10
2.86645e-11
7.76888e-12
2.20827e-12
6.57809e-13
2.05223e-13
6.69967e-14
2.28653e-14
8.15062e-15
3.03172e-15
1.17558e-15
4.74718e-16
1.99393e-16
8.70137e-17
3.94091e-17
1.85039e-17
8.9839e-18
4.56125e-18
2.1583e-18
1.00116e+09
2.93816e+09
4.60724e+09
5.78831e+09
6.36369e+09
6.33865e+09
5.81915e+09
4.96834e+09
3.96243e+09
2.95641e+09
2.06294e+09
1.34441e+09
8.1667e+08
4.61353e+08
2.41784e+08
1.1725e+08
5.24752e+07
2.16195e+07
8.18062e+06
2.83776e+06
901366
262026
69738.2
17012.5
3810.28
785.221
149.254
26.2373
4.2766
0.64964
0.0952752
0.0142615
0.00223668
0.000368106
6.36306e-05
1.15593e-05
2.20747e-06
4.43219e-07
9.35577e-08
2.07605e-08
4.8415e-09
1.18614e-09
3.05148e-10
8.23907e-11
2.33329e-11
6.92566e-12
2.15319e-12
7.0058e-13
2.38333e-13
8.46946e-14
3.14102e-14
1.21453e-14
4.89123e-15
2.04917e-15
8.92061e-16
4.03086e-16
1.88846e-16
9.14991e-17
4.63579e-17
2.19036e-17
1.09249e+10
3.1937e+10
4.97527e+10
6.1992e+10
6.75403e+10
6.66621e+10
6.06561e+10
5.13447e+10
4.06084e+10
3.00487e+10
2.07939e+10
1.34373e+10
8.09245e+09
4.53162e+09
2.35399e+09
1.13158e+09
5.0217e+08
2.05257e+08
7.71131e+07
2.65843e+07
8.40087e+06
2.43234e+06
645449
157134
35147.4
7237.53
1375.04
241.623
39.3639
5.97476
0.875134
0.130772
0.0204661
0.00335992
0.000579192
0.000104904
1.99703e-05
3.99656e-06
8.40799e-07
1.85942e-07
4.32156e-08
1.05518e-08
2.70545e-09
7.28068e-10
2.05521e-10
6.08099e-11
1.88478e-11
6.11422e-12
2.07404e-12
7.34993e-13
2.71856e-13
1.04849e-13
4.21225e-14
1.76059e-14
7.64727e-15
3.44817e-15
1.61221e-15
7.79667e-16
3.94258e-16
1.86021e-16
9.93446e+10
2.86926e+11
4.40845e+11
5.41959e+11
5.83687e+11
5.70885e+11
5.15893e+11
4.34366e+11
3.41941e+11
2.51839e+11
1.73366e+11
1.11359e+11
6.66059e+10
3.7017e+10
1.9075e+10
9.09454e+09
4.00354e+09
1.62399e+09
6.05929e+08
2.07649e+08
6.52981e+07
1.88342e+07
4.98411e+06
1.21116e+06
270617
55695.3
10579.2
1858.82
302.778
45.9365
6.72262
1.00326
0.156746
0.0256799
0.00441632
0.000797812
0.000151456
3.0222e-05
6.33903e-06
1.39758e-06
3.23813e-07
7.88194e-08
2.01469e-08
5.40525e-09
1.52123e-09
4.48784e-10
1.387e-10
4.48692e-11
1.51793e-11
5.36515e-12
1.97945e-12
7.61587e-13
3.05254e-13
1.27303e-13
5.51781e-14
2.48297e-14
1.15868e-14
5.59324e-15
2.82316e-15
1.33017e-15
7.44544e+11
1.99613e+12
2.85942e+12
3.33658e+12
3.49913e+12
3.4171e+12
3.14029e+12
2.71464e+12
2.19836e+12
1.65992e+12
1.16433e+12
7.5679e+11
4.55126e+11
2.53021e+11
1.29948e+11
6.16108e+10
2.69411e+10
1.08531e+10
4.02301e+09
1.37071e+09
4.28964e+08
1.2326e+08
3.25277e+07
7.88945e+06
1.76076e+06
362160
68772.8
12082
1967.63
298.4
43.6342
6.50379
1.01449
0.165881
0.0284634
0.00512923
0.00097115
0.000193247
4.04167e-05
8.88456e-06
2.0524e-06
4.98085e-07
1.26936e-07
3.39558e-08
9.52868e-09
2.80308e-09
8.63906e-10
2.78713e-10
9.40407e-11
3.31543e-11
1.2202e-11
4.68358e-12
1.87297e-12
7.794e-13
3.37116e-13
1.51396e-13
7.05148e-14
3.3978e-14
1.71192e-14
8.05421e-15
3.82685e+12
3.77454e+12
2.06421e+09
2.14303e+08
2.23883e+08
2.18649e+08
2.01231e+08
1.11004e+09
3.45771e+12
4.92527e+12
4.69238e+12
3.61277e+12
2.38993e+12
1.3985e+12
7.36117e+11
3.52148e+11
1.54055e+11
6.18329e+10
2.28016e+10
7.7279e+09
2.40706e+09
6.88986e+08
1.81284e+08
4.38767e+07
9.77852e+06
2.00948e+06
381376
66971.5
10901.9
1652.26
241.364
35.9259
5.59418
0.912825
0.156269
0.0280891
0.005304
0.00105247
0.000219482
4.81053e-05
1.10796e-05
2.68084e-06
6.81179e-07
1.81681e-07
5.08357e-08
1.4912e-08
4.58305e-09
1.47458e-09
4.96226e-10
1.74499e-10
6.4064e-11
2.45316e-11
9.78777e-12
4.06405e-12
1.75414e-12
7.86186e-13
3.65472e-13
1.75784e-13
8.8405e-14
4.15291e-14
2.73206e+08
2.69817e+08
281974
15439.5
16005.9
15632.7
14388.2
79353.5
2.47174e+08
3.52157e+08
3.35678e+08
9.68603e+08
4.08801e+12
4.73276e+12
3.11479e+12
1.63249e+12
7.40592e+11
3.00744e+11
1.11015e+11
3.75115e+10
1.16368e+10
3.31818e+09
8.70316e+08
2.10133e+08
4.67468e+07
9.59381e+06
1.81898e+06
319151
51908
7859.03
1146.53
170.368
26.4759
4.31035
0.736051
0.131949
0.0248454
0.00491566
0.00102205
0.00022333
5.12806e-05
1.23701e-05
3.13363e-06
8.33287e-07
2.32472e-07
6.79954e-08
2.08387e-08
6.68629e-09
2.24406e-09
7.87083e-10
2.88238e-10
1.10106e-10
4.38288e-11
1.81578e-11
7.82052e-12
3.49789e-12
1.62286e-12
7.79112e-13
3.91105e-13
1.8343e-13
21795.3
21552.4
33.2555
1.24768
1.27869
1.24895
1.14958
6.33892
19744.2
28136.3
26822.3
77398.5
3.26664e+08
7.39346e+08
2.59549e+12
4.75337e+12
2.76825e+12
1.22105e+12
4.63041e+11
1.5744e+11
4.87913e+10
1.38703e+10
3.62644e+09
8.73186e+08
1.93821e+08
3.97067e+07
7.51716e+06
1.31716e+06
213943
32344.4
4710.44
698.52
108.302
17.587
2.995
0.535355
0.100503
0.0198234
0.00410876
0.000894991
0.000204859
4.92618e-05
1.24404e-05
3.29797e-06
9.173e-07
2.67507e-07
8.17473e-08
2.61557e-08
8.75447e-09
3.06244e-09
1.11863e-09
4.26263e-10
1.69275e-10
6.99692e-11
3.00697e-11
1.34211e-11
6.21432e-12
2.97773e-12
1.49197e-12
6.9856e-13
1.94267
1.92348
0.00392529
0.000113064
0.000114135
0.000111486
0.000102621
0.000565754
1.76214
2.51166
2.39461
6.90922
29159.5
66013.3
2.31765e+08
9.45702e+08
4.67727e+12
3.69251e+12
1.60723e+12
5.68999e+11
1.78077e+11
5.06296e+10
1.32041e+10
3.17027e+09
7.01886e+08
1.4347e+08
2.71078e+07
4.74117e+06
768710
115995
16856.8
2493.75
385.633
62.4462
10.6028
1.88942
0.353583
0.0695175
0.0143621
0.00311825
0.00071144
0.000170528
4.29277e-05
1.13447e-05
3.14574e-06
9.14622e-07
2.7868e-07
8.89123e-08
2.96772e-08
1.03537e-08
3.77216e-09
1.43382e-09
5.68023e-10
2.34247e-10
1.00446e-10
4.47373e-11
2.06723e-11
9.88643e-12
4.9441e-12
2.31082e-12
0.0001935
0.000191833
4.86911e-07
1.14894e-08
1.13846e-08
1.11209e-08
1.02372e-08
5.64267e-08
0.000175746
0.000250552
0.0002389
0.000689237
2.90873
6.58626
23124.9
129108
7.7848e+08
3.12657e+12
4.1026e+12
1.72444e+12
5.64268e+11
1.62047e+11
4.22653e+10
1.01233e+10
2.23511e+09
4.55691e+08
8.58965e+07
1.49898e+07
2.42503e+06
365098
52927.1
7808.87
1204.11
194.396
32.9034
5.84452
1.09016
0.213627
0.0439884
0.00951908
0.00216468
0.000517178
0.000129775
3.41882e-05
9.45077e-06
2.73954e-06
8.32274e-07
2.64777e-07
8.81328e-08
3.06651e-08
1.11433e-08
4.22503e-09
1.66976e-09
6.86997e-10
2.93931e-10
1.30634e-10
6.024e-11
2.87535e-11
1.43519e-11
6.69577e-12
2.15345e-08
2.13763e-08
6.48868e-11
1.30879e-12
1.26881e-12
1.23946e-12
1.14103e-12
6.28802e-12
1.95842e-08
2.79262e-08
2.66301e-08
7.68213e-08
0.000324191
0.00073419
2.57788
17.1038
111111
5.92476e+08
2.7331e+12
3.98244e+12
1.52651e+12
4.55033e+11
1.19543e+11
2.86122e+10
6.30123e+09
1.28117e+09
2.40863e+08
4.19274e+07
6.76623e+06
1.01613e+06
146911
21613.3
3322.73
534.761
90.2237
15.9739
2.96973
0.580022
0.119039
0.0256755
0.00581973
0.00138597
0.00034668
9.10473e-05
2.50922e-05
7.25205e-06
2.19682e-06
6.96928e-07
2.31345e-07
8.02822e-08
2.9099e-08
1.10059e-08
4.33926e-09
1.78124e-09
7.60429e-10
3.3725e-10
1.55204e-10
7.39383e-11
3.68357e-11
1.71539e-11
2.67736e-12
2.66108e-12
9.4002e-15
1.67065e-16
1.57977e-16
1.54327e-16
1.4208e-16
7.82815e-16
2.43805e-12
3.47729e-12
3.31624e-12
9.56557e-12
4.0366e-08
9.1431e-08
0.00032104
0.00245883
16.7878
103370
6.71804e+08
4.14895e+12
3.34899e+12
1.11457e+12
2.99919e+11
7.20287e+10
1.58373e+10
3.2116e+09
6.02164e+08
1.04545e+08
1.68281e+07
2.5206e+06
363432
53313.2
8171.52
1311.06
220.501
38.9144
7.21143
1.40395
0.287215
0.0617527
0.0139533
0.0033127
0.000826107
0.000216311
5.94405e-05
1.71303e-05
5.17477e-06
1.63723e-06
5.42052e-07
1.87626e-07
6.78392e-08
2.55971e-08
1.00689e-08
4.12408e-09
1.75685e-09
7.77563e-10
3.57132e-10
1.69815e-10
8.44456e-11
3.92532e-11
3.72047e-16
3.70256e-16
1.49186e-18
2.39025e-20
2.19846e-20
2.14768e-20
1.97735e-20
1.08924e-19
3.39233e-16
4.83936e-16
4.6157e-16
1.33124e-15
5.61757e-12
1.27258e-11
4.46843e-08
3.70522e-07
0.00259049
16.9334
122026
9.34473e+08
4.99306e+12
2.33903e+12
6.68597e+11
1.62464e+11
3.57358e+10
7.23146e+09
1.35243e+09
2.34208e+08
3.76046e+07
5.6184e+06
807951
118193
18064
2889.73
484.562
85.2591
15.7521
3.05746
0.623609
0.133681
0.0301174
0.0071296
0.0017729
0.000462927
0.000126861
3.64626e-05
1.0986e-05
3.46699e-06
1.14501e-06
3.95381e-07
1.42623e-07
5.36928e-08
2.10745e-08
8.61358e-09
3.66189e-09
1.61753e-09
7.41519e-10
3.5195e-10
1.74708e-10
8.10638e-11
5.77606e-20
5.75559e-20
2.60486e-22
3.83052e-24
3.41814e-24
3.3392e-24
3.07454e-24
1.69327e-23
5.27348e-20
7.52453e-20
7.1775e-20
2.06988e-19
8.73423e-16
1.97883e-15
6.94816e-12
5.90751e-11
4.15917e-07
0.00276452
20.4471
163733
1.034e+09
4.02409e+12
1.32319e+12
3.3023e+11
7.29236e+10
1.47397e+10
2.7507e+09
4.75264e+08
7.61348e+07
1.13489e+07
1.62811e+06
237572
36214.8
5777.9
966.243
169.548
31.2395
6.047
1.23002
0.262968
0.0590871
0.0139508
0.00346014
0.00090119
0.000246346
7.06322e-05
2.12301e-05
6.68419e-06
2.20247e-06
7.58838e-07
2.73136e-07
1.0261e-07
4.01924e-08
1.63948e-08
6.95653e-09
3.06713e-09
1.40353e-09
6.65011e-10
3.29555e-10
1.52643e-10
1.00193e-23
9.99652e-24
5.02037e-26
6.87463e-28
5.93801e-28
5.80079e-28
5.34131e-28
2.94105e-27
9.15942e-24
1.3072e-23
1.24704e-23
3.59597e-23
1.51736e-19
3.75115e-19
1.4322e-15
1.81771e-12
1.62893e-08
0.000163062
1.8248
22824.7
3.19003e+08
4.983e+12
2.31473e+12
6.08423e+11
1.35617e+11
2.74205e+10
5.10924e+09
8.81115e+08
1.40879e+08
2.09591e+07
3.00061e+06
436896
66449.7
10577.3
1764.69
308.92
56.7835
10.9654
2.22517
0.474599
0.106389
0.0250609
0.00620145
0.00161151
0.000439533
0.000125745
3.77141e-05
1.18489e-05
3.89613e-06
1.33964e-06
4.81228e-07
1.80433e-07
7.05413e-08
2.87212e-08
1.21648e-08
5.35408e-09
2.44588e-09
1.15699e-09
5.72441e-10
2.64688e-10
1.94148e-27
1.93953e-27
1.07027e-29
1.3811e-31
1.15236e-31
1.12569e-31
1.03659e-31
5.70646e-31
1.77717e-27
2.53685e-27
2.4204e-27
7.26086e-27
3.10713e-23
1.05278e-20
7.54227e-17
6.03818e-13
5.41821e-09
5.43251e-05
0.608615
7618.69
1.06564e+08
1.66547e+12
3.54395e+12
1.02201e+12
2.31674e+11
4.69494e+10
8.74143e+09
1.50548e+09
2.40357e+08
3.57046e+07
5.10339e+06
741767
112613
17891.4
2979.18
520.495
95.4831
18.4016
3.7267
0.793258
0.177466
0.0417201
0.0103033
0.00267214
0.000727389
0.000207694
6.21728e-05
1.94961e-05
6.39867e-06
2.19603e-06
7.87429e-07
2.94712e-07
1.15017e-07
4.67488e-08
1.9767e-08
8.68563e-09
3.96142e-09
1.87095e-09
9.24266e-10
4.26645e-10
4.2039e-31
4.20502e-31
2.5289e-33
3.10606e-35
2.49899e-35
2.44105e-35
2.24794e-35
1.23723e-34
3.85311e-31
5.50137e-31
5.24945e-31
1.61977e-30
6.99811e-27
3.95706e-24
2.83862e-20
2.27541e-16
2.04167e-12
2.04694e-08
0.00022931
2.87036
40146.1
6.27398e+08
4.64861e+12
1.57488e+12
3.66548e+11
7.46273e+10
1.38972e+10
2.39167e+09
3.81488e+08
5.66114e+07
8.08243e+06
1.17326e+06
177874
28218.6
4691.71
818.415
149.897
28.8416
5.83144
1.23922
0.276774
0.0649573
0.0160151
0.00414646
0.00112681
0.000321198
9.59871e-05
3.00487e-05
9.84547e-06
3.37332e-06
1.20755e-06
4.51206e-07
1.75803e-07
7.13401e-08
3.01169e-08
1.32126e-08
6.01681e-09
2.83739e-09
1.39961e-09
6.44979e-10
1.01715e-34
1.01872e-34
6.63146e-37
7.81801e-39
6.05574e-39
5.91493e-39
5.4473e-39
2.99743e-38
9.33492e-35
1.33312e-34
1.36551e-34
4.84752e-32
2.78484e-28
1.78125e-24
1.28015e-20
1.02797e-16
9.22346e-13
9.24705e-09
0.000103588
1.29662
18134.6
2.83399e+08
4.94778e+12
2.2409e+12
5.41638e+11
1.11072e+11
2.07081e+10
3.56347e+09
5.68178e+08
8.42715e+07
1.20234e+07
1.74389e+06
264139
41860.8
6952.24
1211.34
221.596
42.5843
8.59908
1.82497
0.407054
0.0954031
0.0234888
0.00607287
0.00164795
0.000469064
0.000139969
4.37519e-05
1.43137e-05
4.89684e-06
1.75026e-06
6.52994e-07
2.54038e-07
1.0293e-07
4.3387e-08
1.90057e-08
8.64193e-09
4.06932e-09
2.00437e-09
9.22097e-10
2.7507e-38
2.75843e-38
1.93227e-40
2.20237e-42
1.64021e-42
1.60193e-42
1.47537e-42
8.11658e-42
2.52777e-38
3.75352e-38
6.62703e-36
3.39726e-32
1.9561e-28
1.25846e-24
9.04647e-21
7.26609e-17
6.52109e-13
6.53933e-09
7.32731e-05
0.917384
12833.7
2.00606e+08
3.50426e+12
2.96443e+12
7.53753e+11
1.56088e+11
2.91623e+10
5.02079e+09
8.00626e+08
1.1874e+08
1.69371e+07
2.45557e+06
371735
58875.1
9770.95
1701.12
310.933
59.6988
12.0437
2.5535
0.568963
0.133208
0.03276
0.00846013
0.00229302
0.000651872
0.000194273
6.06474e-05
1.98148e-05
6.76958e-06
2.41628e-06
9.00207e-07
3.49714e-07
1.41492e-07
5.95556e-08
2.60505e-08
1.1828e-08
5.56153e-09
2.73543e-09
1.25625e-09
8.30905e-42
8.34298e-42
6.25729e-44
6.9379e-46
4.96243e-46
4.84607e-46
4.46343e-46
2.45494e-45
7.64559e-42
1.14322e-41
2.35881e-39
1.21017e-35
6.96809e-32
4.48295e-28
3.22262e-24
2.58842e-20
2.32305e-16
2.32956e-12
2.6103e-08
0.000326814
4.57198
71466.4
1.24841e+09
3.67055e+12
9.95798e+11
2.08729e+11
3.91129e+10
6.74085e+09
1.07549e+09
1.59556e+08
2.27622e+07
3.29994e+06
499467
79081.6
13119.4
2283.05
417.081
80.0328
16.1356
3.41872
0.761187
0.17807
0.0437561
0.0112897
0.00305701
0.000868189
0.000258466
8.05978e-05
2.63026e-05
8.9753e-06
3.1996e-06
1.19051e-06
4.61886e-07
1.86626e-07
7.84454e-08
3.42656e-08
1.55362e-08
7.29481e-09
3.58288e-09
1.64257e-09
2.80442e-45
2.81945e-45
2.25413e-47
2.44432e-49
1.67758e-49
1.63802e-49
1.50879e-49
8.35529e-49
2.60561e-45
9.36371e-44
4.14714e-40
2.13652e-36
1.22987e-32
7.91033e-29
5.68493e-25
4.56495e-21
4.09585e-17
4.10626e-13
4.59988e-09
5.75761e-05
0.805251
12583.9
2.19763e+08
4.28094e+12
1.2583e+12
2.67519e+11
5.03131e+10
8.68374e+09
1.38671e+09
2.05859e+08
2.93806e+07
4.26048e+06
644917
102110
16938.1
2947.07
538.258
103.255
20.81
4.40729
0.980834
0.229333
0.0563196
0.0145218
0.00392941
0.00111509
0.000331691
0.000103339
3.36916e-05
1.14849e-05
4.08986e-06
1.52005e-06
5.89043e-07
2.37713e-07
9.97933e-08
4.3534e-08
1.97124e-08
9.24312e-09
4.53363e-09
2.0748e-09
1.05773e-48
1.06475e-48
9.0392e-51
9.63072e-53
6.33755e-53
6.1872e-53
5.89589e-53
6.81452e-51
2.49884e-47
9.90966e-44
4.56926e-40
2.35414e-36
1.35522e-32
8.71704e-29
6.26504e-25
5.03106e-21
4.51432e-17
4.52604e-13
5.07041e-09
6.34693e-05
0.887723
13873.4
2.42297e+08
4.72789e+12
1.531e+12
3.30679e+11
6.2453e+10
1.07981e+10
1.72635e+09
2.56504e+08
3.66331e+07
5.31467e+06
804757
127446
21143.7
3679.04
671.954
128.896
25.9753
5.50041
1.22386
0.286083
0.0702339
0.0181027
0.00489619
0.00138873
0.00041285
0.000128541
4.18781e-05
1.42644e-05
5.07531e-06
1.88458e-06
7.29586e-07
2.94125e-07
1.2334e-07
5.37444e-08
2.43067e-08
1.13833e-08
5.57637e-09
2.54769e-09
4.45641e-52
4.49167e-52
4.03525e-54
4.24126e-56
2.67457e-56
2.68031e-56
2.08712e-54
6.82043e-51
2.51931e-47
1.03972e-43
4.79443e-40
2.47031e-36
1.42218e-32
9.14837e-29
6.57546e-25
5.28067e-21
4.7386e-17
4.75121e-13
5.323e-09
6.66353e-05
0.932065
14567.4
2.54433e+08
4.96501e+12
1.80442e+12
3.96404e+11
7.52081e+10
1.30295e+10
2.08588e+09
3.10248e+08
4.43454e+07
6.43765e+06
975289
154513
25642.6
4463.05
815.326
156.426
31.5277
6.67685
1.48571
0.347299
0.0852601
0.0219738
0.00594237
0.00168512
0.000500829
0.00015588
5.07646e-05
1.7283e-05
6.14593e-06
2.28069e-06
8.82321e-07
3.55426e-07
1.48922e-07
6.4833e-08
2.92934e-08
1.37047e-08
6.70649e-09
3.05934e-09
2.09776e-55
2.11703e-55
2.00651e-57
2.08779e-59
1.28743e-59
7.0941e-58
2.06273e-54
6.81961e-51
2.5192e-47
1.03977e-43
4.795e-40
2.47078e-36
1.42256e-32
9.15144e-29
6.57815e-25
5.28322e-21
4.74123e-17
4.75419e-13
5.32673e-09
6.66868e-05
0.932853
14580.7
2.54685e+08
4.97029e+12
2.07069e+12
4.63027e+11
8.82684e+10
1.5325e+10
2.45691e+09
3.65854e+08
5.23422e+07
7.6042e+06
1.15273e+06
182720
30337.8
5282.46
965.4
185.288
37.3581
7.9143
1.76163
0.411921
0.101152
0.0260756
0.00705299
0.00200037
0.000594579
0.000185066
6.02679e-05
2.05166e-05
7.29464e-06
2.70634e-06
1.04667e-06
4.21468e-07
1.76513e-07
7.68039e-08
3.46813e-08
1.62145e-08
7.92895e-09
3.61265e-09
1.10291e-58
1.11446e-58
1.11131e-60
1.1588e-62
2.57485e-61
6.644e-58
1.96609e-54
6.50071e-51
2.4016e-47
9.91311e-44
4.57192e-40
2.35603e-36
1.35661e-32
8.72791e-29
6.27423e-25
5.03955e-21
4.52294e-17
4.53569e-13
5.08234e-09
6.36326e-05
0.890204
13915.3
2.43082e+08
4.74425e+12
2.32392e+12
5.29118e+11
1.01359e+11
1.76367e+10
2.8318e+09
4.22186e+08
6.0461e+07
8.79073e+06
1.3335e+06
211503
35136.2
6121.23
1119.28
214.935
43.359
9.19065
2.04688
0.478892
0.117664
0.0303494
0.0082135
0.00233075
0.000693129
0.000215842
7.03201e-05
2.39476e-05
8.51727e-06
3.16076e-06
1.22266e-06
4.92398e-07
2.0623e-07
8.97329e-08
4.05157e-08
1.8939e-08
9.25921e-09
4.21596e-09
6.48137e-62
6.55748e-62
6.86307e-64
1.02885e-64
2.27185e-61
6.0178e-58
1.78099e-54
5.88926e-51
2.17592e-47
8.9825e-44
4.14314e-40
2.13528e-36
1.22962e-32
7.91175e-29
5.68809e-25
4.56922e-21
4.10123e-17
4.11321e-13
4.60941e-09
5.77171e-05
0.807529
12624.2
2.20551e+08
4.30494e+12
2.56017e+12
5.93531e+11
1.1425e+11
1.99241e+10
3.20394e+09
4.78248e+08
6.8558e+07
9.97621e+06
1.51441e+06
240349
39952.4
6964.44
1274.24
244.848
49.4269
10.4844
2.33678
0.547156
0.13455
0.0347351
0.00940885
0.00267239
0.000795463
0.000247937
8.08503e-05
2.75582e-05
9.80994e-06
3.6435e-06
1.4105e-06
5.68469e-07
2.38254e-07
1.03732e-07
4.68627e-08
2.19166e-08
1.07197e-08
4.88169e-09
3.98745e-65
4.03938e-65
4.81058e-67
8.1486e-65
1.9319e-61
5.11783e-58
1.51476e-54
5.0093e-51
1.85095e-47
7.64157e-44
3.52492e-40
1.81681e-36
1.04631e-32
6.73279e-29
4.84087e-25
3.88896e-21
3.49092e-17
3.50139e-13
3.92409e-09
4.91398e-05
0.687576
10749.8
1.87819e+08
3.66635e+12
2.78181e+12
6.56737e+11
1.27031e+11
2.22024e+10
3.57579e+09
5.34408e+08
7.66855e+07
1.11681e+07
1.69654e+06
269427
44813.4
7816.59
1431.06
275.17
55.5889
11.8009
2.63254
0.616993
0.151878
0.0392515
0.0106445
0.00302702
0.000902155
0.000281556
9.19348e-05
3.13785e-05
1.11849e-05
4.15979e-06
1.61253e-06
6.50748e-07
2.73091e-07
1.19049e-07
5.38482e-08
2.52132e-08
1.23459e-08
5.62894e-09
2.469e-68
2.50587e-68
2.98466e-68
6.27344e-65
1.48755e-61
3.94102e-58
1.16655e-54
3.85813e-51
1.42572e-47
5.88653e-44
2.71559e-40
1.39979e-36
8.06216e-33
5.18829e-29
3.73071e-25
2.99736e-21
2.69082e-17
2.69912e-13
3.02524e-09
3.78871e-05
0.530173
8289.65
1.44848e+08
2.82777e+12
2.99267e+12
7.19757e+11
1.39907e+11
2.45089e+10
3.95346e+09
5.91587e+08
8.49767e+07
1.23859e+07
1.88285e+06
299201
49794.8
8690.52
1592.02
306.317
61.9248
13.1563
2.93742
0.689105
0.169806
0.0439345
0.011929
0.00339672
0.00101373
0.000316833
0.000103608
3.54174e-05
1.26446e-05
4.7102e-06
1.82886e-06
7.39253e-07
3.10738e-07
1.3568e-07
6.14689e-08
2.88268e-08
1.4137e-08
6.45709e-09
1.52878e-71
2.5385e-71
1.87425e-68
3.97838e-65
9.4352e-62
2.50017e-58
7.40195e-55
2.44849e-51
9.04973e-48
3.73717e-44
1.72436e-40
8.89011e-37
5.12126e-33
3.29632e-29
2.3707e-25
1.90505e-21
1.71053e-17
1.71613e-13
1.92384e-09
2.4098e-05
0.337278
5274.57
9.21816e+07
1.79993e+12
3.19174e+12
7.82262e+11
1.52813e+11
2.68322e+10
4.33514e+09
6.49524e+08
9.33947e+07
1.36241e+07
2.07252e+06
329539
54873.8
9582.01
1756.28
338.116
68.3959
14.5412
3.24915
0.762896
0.18817
0.0487374
0.0132484
0.0037771
0.00112876
0.000353285
0.000115701
3.96129e-05
1.41653e-05
5.28543e-06
2.05569e-06
8.32377e-07
3.50491e-07
1.53306e-07
6.95758e-08
3.26854e-08
1.6057e-08
7.34893e-09
1.14025e-74
3.31121e-72
6.27398e-69
1.33204e-65
3.15975e-62
8.37454e-59
2.47986e-55
8.20485e-52
3.03317e-48
1.25284e-44
5.78189e-41
2.98153e-37
1.7179e-33
1.10597e-29
7.95573e-26
6.39439e-22
5.74268e-18
5.76268e-14
6.46149e-10
8.09535e-06
0.113327
1772.65
3.09863e+07
6.05164e+11
3.37725e+12
8.43588e+11
1.65613e+11
2.91476e+10
4.71681e+09
7.0761e+08
1.01852e+08
1.48701e+07
2.2636e+06
360130
59998.4
10481.9
1922.13
370.229
74.932
15.9402
3.56412
0.837476
0.206738
0.0535965
0.0145842
0.00416263
0.00124549
0.000390331
0.000128012
4.38922e-05
1.57197e-05
5.8748e-06
2.28868e-06
9.28284e-07
3.91548e-07
1.71563e-07
7.79985e-08
3.67068e-08
1.80643e-08
8.28486e-09
7.58875e-78
2.95283e-75
5.5988e-72
1.18846e-68
2.81859e-65
7.46888e-62
2.21124e-58
7.31465e-55
2.70355e-51
1.11647e-47
5.15153e-44
2.65595e-40
1.53001e-36
9.84808e-33
7.08279e-29
5.69164e-25
5.11055e-21
5.12734e-17
5.74797e-13
7.2e-09
0.000100773
1.57597
27543
5.3781e+08
3.54804e+12
9.0313e+11
1.78172e+11
3.14309e+10
5.09447e+09
7.6524e+08
1.1026e+08
1.6111e+07
2.45414e+06
390661
65116.4
11381
2087.88
402.327
81.4652
17.3386
3.87893
0.912016
0.225298
0.0584543
0.0159202
0.00454839
0.00136237
0.000427459
0.000140364
4.81916e-05
1.72838e-05
6.46889e-06
2.524e-06
1.02535e-06
4.33195e-07
1.90127e-07
8.65842e-08
4.08167e-08
2.01213e-08
9.24713e-09
5.56889e-79
9.40981e-76
1.78698e-72
3.79154e-69
8.98818e-66
2.38069e-62
7.04514e-59
2.32945e-55
8.606e-52
3.55238e-48
1.63839e-44
8.4432e-41
4.8617e-37
3.1279e-33
2.2486e-29
1.80614e-25
1.62102e-21
1.62562e-17
1.82158e-13
2.28072e-09
3.19073e-05
0.498771
8713.04
1.70056e+08
3.70346e+12
9.60345e+11
1.90368e+11
3.3659e+10
5.46425e+09
8.21818e+08
1.18533e+08
1.73338e+07
2.64214e+06
420818
70175.2
12270.2
2251.85
434.083
87.9286
18.7219
4.19029
0.985728
0.243648
0.063257
0.017241
0.00492982
0.00147798
0.000464199
0.000152595
5.24527e-05
1.88356e-05
7.05907e-06
2.75811e-06
1.12208e-06
4.74772e-07
2.08695e-07
9.51901e-08
4.49452e-08
2.21923e-08
1.02188e-08
5.73337e-79
9.75116e-76
1.85182e-72
3.92912e-69
9.31435e-66
2.46708e-62
7.30082e-59
2.414e-55
8.91838e-52
3.68133e-48
1.69786e-44
8.74972e-41
5.03821e-37
3.24147e-33
2.33024e-29
1.87172e-25
1.67989e-21
1.68466e-17
1.88774e-13
2.36356e-09
3.30663e-05
0.51689
9029.58
1.76235e+08
3.84328e+12
1.01476e+12
2.02087e+11
3.58103e+10
5.82246e+09
8.76768e+08
1.26584e+08
1.8526e+07
2.82569e+06
450289
75123
13140.3
2412.36
465.173
94.2566
20.076
4.49503
1.05785
0.261598
0.0679535
0.0185323
0.0053027
0.00159099
0.000500121
0.000164558
5.66223e-05
2.03552e-05
7.6375e-06
2.9878e-06
1.21711e-06
5.15677e-07
2.26993e-07
1.03685e-07
4.90283e-08
2.42446e-08
1.11841e-08
5.9186e-79
1.00663e-75
1.91167e-72
4.05611e-69
9.61542e-66
2.54684e-62
7.53686e-59
2.49205e-55
9.20676e-52
3.80038e-48
1.75278e-44
9.03272e-41
5.20118e-37
3.34633e-33
2.40563e-29
1.93229e-25
1.73425e-21
1.73918e-17
1.94883e-13
2.44006e-09
3.41367e-05
0.533623
9321.92
1.81941e+08
3.96773e+12
1.06598e+12
2.13227e+11
3.78649e+10
6.16568e+09
9.29555e+08
1.34335e+08
1.96756e+07
3.00291e+06
478776
79909.3
13982.6
2567.79
495.287
100.386
21.3876
4.79011
1.12767
0.278967
0.0724963
0.0197809
0.00566311
0.0017002
0.000534828
0.000176116
6.06518e-05
2.18243e-05
8.19699e-06
3.21015e-06
1.30918e-06
5.55352e-07
2.44764e-07
1.11947e-07
5.30055e-08
2.62471e-08
1.21282e-08
6.08162e-79
1.03436e-75
1.96434e-72
4.16787e-69
9.88039e-66
2.61702e-62
7.74459e-59
2.56074e-55
9.46057e-52
3.90516e-48
1.80111e-44
9.28182e-41
5.34463e-37
3.43863e-33
2.472e-29
1.9856e-25
1.7821e-21
1.78717e-17
2.00262e-13
2.50741e-09
3.5079e-05
0.548355
9579.31
1.86965e+08
4.07731e+12
1.11365e+12
2.23694e+11
3.9804e+10
6.49061e+09
9.79652e+08
1.41705e+08
2.07706e+07
3.17193e+06
505975
84483.3
14788
2716.49
524.105
106.252
22.6428
5.07246
1.19445
0.295575
0.076838
0.0209736
0.00600724
0.00180443
0.000567942
0.000187141
6.4495e-05
2.32255e-05
8.73078e-06
3.42236e-06
1.39711e-06
5.93274e-07
2.61766e-07
1.19862e-07
5.68204e-08
2.81706e-08
1.30369e-08
6.22372e-79
1.05853e-75
2.01024e-72
4.26528e-69
1.01113e-65
2.6782e-62
7.92564e-59
2.62061e-55
9.68178e-52
3.99648e-48
1.84323e-44
9.4989e-41
5.46964e-37
3.51907e-33
2.52983e-29
2.03205e-25
1.8238e-21
1.82899e-17
2.04949e-13
2.5661e-09
3.59001e-05
0.561192
9803.57
1.91343e+08
4.17278e+12
1.15752e+12
2.33412e+11
4.16119e+10
6.79444e+09
1.0266e+09
1.48626e+08
2.18004e+07
3.33111e+06
531616
88799
15548.5
2856.96
551.339
111.797
23.8292
5.33931
1.25755
0.311261
0.0809367
0.0220989
0.00633174
0.00190266
0.000599133
0.000197521
6.81121e-05
2.45441e-05
9.23307e-06
3.62209e-06
1.47989e-06
6.28995e-07
2.77792e-07
1.27328e-07
6.04234e-08
2.99896e-08
1.38978e-08
6.34606e-79
1.07934e-75
2.04977e-72
4.34915e-69
1.03102e-65
2.73088e-62
8.08155e-59
2.67217e-55
9.87228e-52
4.07512e-48
1.8795e-44
9.68587e-41
5.57731e-37
3.58835e-33
2.57964e-29
2.07207e-25
1.85972e-21
1.86502e-17
2.08986e-13
2.61665e-09
3.66075e-05
0.572251
9996.78
1.95114e+08
4.25504e+12
1.19737e+12
2.42313e+11
4.32744e+10
7.07459e+09
1.06999e+09
1.55032e+08
2.27551e+07
3.47885e+06
555441
92812.6
16256.2
2987.77
576.709
116.964
24.9348
5.58798
1.31634
0.32587
0.0847522
0.0231459
0.00663346
0.00199393
0.000628095
0.000207154
7.14669e-05
2.57665e-05
9.69858e-06
3.80716e-06
1.5566e-06
6.62104e-07
2.92654e-07
1.34257e-07
6.37693e-08
3.16805e-08
1.46992e-08
6.45024e-79
1.09706e-75
2.08342e-72
4.42057e-69
1.04795e-65
2.77573e-62
8.21429e-59
2.71607e-55
1.00345e-51
4.14208e-48
1.91039e-44
9.84504e-41
5.66897e-37
3.64733e-33
2.62204e-29
2.10613e-25
1.89029e-21
1.89568e-17
2.12422e-13
2.65969e-09
3.72096e-05
0.581664
10161.2
1.98324e+08
4.32505e+12
1.23305e+12
2.50341e+11
4.47793e+10
7.32882e+09
1.10944e+09
1.60867e+08
2.36257e+07
3.61375e+06
577216
96483.9
16904.1
3107.58
599.957
121.7
25.9485
5.81597
1.37023
0.339259
0.0882475
0.0241045
0.00690953
0.00207738
0.000654557
0.000215948
7.45276e-05
2.6881e-05
1.01228e-05
3.97575e-06
1.62647e-06
6.92258e-07
3.06191e-07
1.4057e-07
6.68199e-08
3.32234e-08
1.54316e-08
6.53762e-79
1.11192e-75
2.11165e-72
4.48048e-69
1.06215e-65
2.81335e-62
8.32565e-59
2.75289e-55
1.01705e-51
4.19825e-48
1.9363e-44
9.97858e-41
5.74588e-37
3.69681e-33
2.65762e-29
2.13471e-25
1.91595e-21
1.92141e-17
2.15306e-13
2.6958e-09
3.77148e-05
0.589562
10299.2
2.01018e+08
4.3838e+12
1.26443e+12
2.57452e+11
4.61166e+10
7.55522e+09
1.14464e+09
1.6608e+08
2.44046e+07
3.73454e+06
596732
99776.8
17485.6
3215.19
620.848
125.958
26.86
6.021
1.4187
0.351296
0.0913891
0.0249657
0.00715739
0.00215225
0.000678279
0.000223825
7.72668e-05
2.78776e-05
1.05019e-05
4.12631e-06
1.68883e-06
7.19167e-07
3.1827e-07
1.46204e-07
6.95432e-08
3.46014e-08
1.60864e-08
6.60953e-79
1.12415e-75
2.13488e-72
4.52978e-69
1.07384e-65
2.84432e-62
8.4173e-59
2.7832e-55
1.02825e-51
4.24449e-48
1.95763e-44
1.00885e-40
5.80919e-37
3.73756e-33
2.68692e-29
2.15825e-25
1.93707e-21
1.9426e-17
2.17681e-13
2.72553e-09
3.81309e-05
0.596068
10412.9
2.03237e+08
4.4322e+12
1.29142e+12
2.63606e+11
4.7277e+10
7.75208e+09
1.17529e+09
1.70625e+08
2.50844e+07
3.84006e+06
613795
102658
17994.7
3309.46
639.16
129.692
27.6596
6.2009
1.46123
0.36186
0.0941452
0.025721
0.00737463
0.00221783
0.00069904
0.000230713
7.96597e-05
2.87475e-05
1.08324e-05
4.2575e-06
1.74314e-06
7.42586e-07
3.28779e-07
1.51105e-07
7.19126e-08
3.58008e-08
1.66568e-08
6.66741e-79
1.134e-75
2.15358e-72
4.56946e-69
1.08325e-65
2.86924e-62
8.49107e-59
2.8076e-55
1.03727e-51
4.2817e-48
1.97479e-44
1.0177e-40
5.86014e-37
3.77034e-33
2.71049e-29
2.17718e-25
1.95407e-21
1.95965e-17
2.19591e-13
2.74946e-09
3.84656e-05
0.601301
10504.3
2.05022e+08
4.47112e+12
1.31397e+12
2.68773e+11
4.8254e+10
7.91807e+09
1.20116e+09
1.74467e+08
2.56595e+07
3.9294e+06
628252
105101
18426.6
3389.48
654.712
132.864
28.3393
6.35388
1.4974
0.370844
0.0964892
0.0263631
0.00755927
0.00227353
0.00071666
0.000236554
8.1687e-05
2.94837e-05
1.11119e-05
4.36832e-06
1.78897e-06
7.62338e-07
3.37639e-07
1.55235e-07
7.39093e-08
3.68117e-08
1.71381e-08
6.71221e-79
1.14162e-75
2.16806e-72
4.60019e-69
1.09054e-65
2.88854e-62
8.5482e-59
2.82649e-55
1.04425e-51
4.31052e-48
1.98809e-44
1.02455e-40
5.89961e-37
3.79574e-33
2.72875e-29
2.19186e-25
1.96724e-21
1.97286e-17
2.21072e-13
2.76801e-09
3.87252e-05
0.605359
10575.2
2.06406e+08
4.50132e+12
1.33204e+12
2.72932e+11
4.90417e+10
8.05211e+09
1.22208e+09
1.77575e+08
2.6125e+07
4.00177e+06
639969
107082
18777.1
3454.45
667.346
135.443
28.8921
6.47834
1.52684
0.378158
0.0983974
0.0268858
0.00770951
0.00231884
0.000730982
0.000241298
8.33319e-05
3.00804e-05
1.13382e-05
4.45795e-06
1.82601e-06
7.78284e-07
3.44786e-07
1.58567e-07
7.55194e-08
3.76269e-08
1.75265e-08
6.74502e-79
1.1472e-75
2.17866e-72
4.62268e-69
1.09587e-65
2.90267e-62
8.59002e-59
2.84032e-55
1.04936e-51
4.33162e-48
1.99782e-44
1.02957e-40
5.92851e-37
3.81433e-33
2.74212e-29
2.2026e-25
1.97688e-21
1.98253e-17
2.22156e-13
2.78158e-09
3.89151e-05
0.608328
10627.1
2.07419e+08
4.52341e+12
1.34561e+12
2.76065e+11
4.96362e+10
8.15334e+09
1.23789e+09
1.79925e+08
2.64774e+07
4.05656e+06
648844
108583
19042.8
3503.73
676.936
137.401
29.3122
6.57299
1.54924
0.383725
0.0998504
0.0272838
0.00782392
0.00235333
0.000741879
0.000244904
8.45812e-05
3.05332e-05
1.15097e-05
4.5258e-06
1.85401e-06
7.90333e-07
3.50183e-07
1.61081e-07
7.67344e-08
3.82423e-08
1.78202e-08
6.76637e-79
1.15083e-75
2.18557e-72
4.63733e-69
1.09934e-65
2.91188e-62
8.61728e-59
2.84934e-55
1.05269e-51
4.34539e-48
2.00417e-44
1.03284e-40
5.94736e-37
3.82647e-33
2.75085e-29
2.20961e-25
1.98318e-21
1.98885e-17
2.22864e-13
2.79045e-09
3.90393e-05
0.61027
10661.1
2.08081e+08
4.53786e+12
1.35466e+12
2.7816e+11
5.0034e+10
8.22115e+09
1.24849e+09
1.81501e+08
2.67136e+07
4.09331e+06
654799
109590
19221.3
3536.85
683.385
138.72
29.5952
6.63682
1.56436
0.387486
0.100833
0.0275531
0.00790131
0.00237665
0.000749248
0.000247341
8.54249e-05
3.08386e-05
1.16253e-05
4.57147e-06
1.87285e-06
7.98428e-07
3.53807e-07
1.62768e-07
7.75504e-08
3.86559e-08
1.80181e-08
6.77691e-79
1.15263e-75
2.18897e-72
4.64457e-69
1.10106e-65
2.91643e-62
8.63074e-59
2.85379e-55
1.05434e-51
4.35218e-48
2.00731e-44
1.03446e-40
5.95668e-37
3.83247e-33
2.75516e-29
2.21308e-25
1.98629e-21
1.99197e-17
2.23214e-13
2.79483e-09
3.91006e-05
0.61123
10677.8
2.08409e+08
4.54501e+12
1.35919e+12
2.79209e+11
5.02334e+10
8.25512e+09
1.2538e+09
1.8229e+08
2.6832e+07
4.11173e+06
657785
110096
19310.9
3553.5
686.632
139.385
29.7383
6.66916
1.57204
0.389401
0.101334
0.0276906
0.0079409
0.00238859
0.000753019
0.000248588
8.58563e-05
3.09946e-05
1.16843e-05
4.59474e-06
1.88243e-06
8.02547e-07
3.55652e-07
1.63629e-07
7.79676e-08
3.88682e-08
1.81206e-08
6.77677e-79
1.1526e-75
2.18893e-72
4.64448e-69
1.10104e-65
2.91638e-62
8.6306e-59
2.85375e-55
1.05432e-51
4.35212e-48
2.00728e-44
1.03445e-40
5.95661e-37
3.83243e-33
2.75514e-29
2.21306e-25
1.98628e-21
1.99196e-17
2.23213e-13
2.79482e-09
3.91005e-05
0.611228
10677.8
2.08409e+08
4.54501e+12
1.35919e+12
2.79208e+11
5.02332e+10
8.25505e+09
1.25379e+09
1.82288e+08
2.68317e+07
4.11167e+06
657778
110095
19310.9
3553.52
686.647
139.39
29.74
6.66966
1.57219
0.389446
0.101347
0.0276948
0.0079422
0.00238901
0.000753154
0.000248633
8.58718e-05
3.10001e-05
1.16863e-05
4.59554e-06
1.88276e-06
8.02697e-07
3.55725e-07
1.63668e-07
7.79894e-08
3.88813e-08
1.81289e-08
6.76588e-79
1.15075e-75
2.18542e-72
4.63704e-69
1.09928e-65
2.91171e-62
8.61681e-59
2.84919e-55
1.05264e-51
4.34519e-48
2.00409e-44
1.0328e-40
5.94714e-37
3.82634e-33
2.75076e-29
2.20955e-25
1.98313e-21
1.98881e-17
2.2286e-13
2.7904e-09
3.90387e-05
0.610264
10661
2.0808e+08
4.53786e+12
1.35466e+12
2.78157e+11
5.00333e+10
8.22095e+09
1.24846e+09
1.81494e+08
2.67126e+07
4.09315e+06
654779
109588
19221.3
3536.95
683.431
138.735
29.6002
6.63831
1.5648
0.387619
0.100873
0.0275653
0.00790515
0.00237788
0.000749647
0.000247475
8.54715e-05
3.08554e-05
1.16316e-05
4.57399e-06
1.87391e-06
7.98915e-07
3.54047e-07
1.62896e-07
7.76222e-08
3.86989e-08
1.80451e-08
6.74418e-79
1.14706e-75
2.17841e-72
4.62218e-69
1.09576e-65
2.90239e-62
8.58921e-59
2.84007e-55
1.04927e-51
4.33128e-48
1.99767e-44
1.0295e-40
5.92813e-37
3.81411e-33
2.74197e-29
2.20249e-25
1.9768e-21
1.98246e-17
2.22149e-13
2.7815e-09
3.89142e-05
0.608317
10627
2.07417e+08
4.52339e+12
1.3456e+12
2.7606e+11
4.9635e+10
8.15303e+09
1.23784e+09
1.79915e+08
2.6476e+07
4.05633e+06
648819
108580
19043.2
3503.95
677.021
137.429
29.3205
6.57545
1.54996
0.383941
0.0999152
0.0273036
0.00783011
0.00235531
0.000742532
0.000245126
8.46597e-05
3.05621e-05
1.15209e-05
4.53038e-06
1.85601e-06
7.91269e-07
3.50652e-07
1.61331e-07
7.68754e-08
3.83262e-08
1.78716e-08
6.71101e-79
1.14142e-75
2.16771e-72
4.59946e-69
1.09037e-65
2.88813e-62
8.54704e-59
2.82613e-55
1.04412e-51
4.31003e-48
1.98788e-44
1.02445e-40
5.89907e-37
3.79542e-33
2.72854e-29
2.1917e-25
1.96712e-21
1.97275e-17
2.21061e-13
2.76789e-09
3.87238e-05
0.605342
10575
2.06403e+08
4.50129e+12
1.33202e+12
2.72924e+11
4.90401e+10
8.05169e+09
1.22202e+09
1.77562e+08
2.61235e+07
4.00153e+06
639950
107081
18778.1
3454.85
667.482
135.483
28.9039
6.48176
1.52783
0.378448
0.0984842
0.0269123
0.00771782
0.00232152
0.000731878
0.000241608
8.34442e-05
3.01231e-05
1.13553e-05
4.46519e-06
1.82927e-06
7.79852e-07
3.45584e-07
1.58995e-07
7.57604e-08
3.77692e-08
1.76118e-08
6.66581e-79
1.13374e-75
2.15311e-72
4.5685e-69
1.08303e-65
2.86869e-62
8.48952e-59
2.80711e-55
1.0371e-51
4.28104e-48
1.97451e-44
1.01756e-40
5.8594e-37
3.7699e-33
2.7102e-29
2.17697e-25
1.9539e-21
1.9595e-17
2.19576e-13
2.7493e-09
3.84638e-05
0.601277
10504
2.05018e+08
4.47108e+12
1.31394e+12
2.68763e+11
4.82519e+10
7.91758e+09
1.20109e+09
1.74454e+08
2.56582e+07
3.92923e+06
628253
105105
18428.8
3390.14
654.91
132.92
28.3548
6.35822
1.49863
0.371202
0.0965953
0.0263955
0.00756949
0.00227688
0.000717797
0.000236958
8.18378e-05
2.9543e-05
1.11365e-05
4.37911e-06
1.79398e-06
7.64791e-07
3.38902e-07
1.55917e-07
7.42914e-08
3.70356e-08
1.72694e-08
6.60749e-79
1.12382e-75
2.13428e-72
4.52855e-69
1.07356e-65
2.84362e-62
8.41533e-59
2.78258e-55
1.02804e-51
4.24365e-48
1.95726e-44
1.00868e-40
5.80825e-37
3.737e-33
2.68655e-29
2.15798e-25
1.93685e-21
1.94241e-17
2.17662e-13
2.72533e-09
3.81285e-05
0.596037
10412.5
2.03232e+08
4.43213e+12
1.29138e+12
2.63593e+11
4.72747e+10
7.75156e+09
1.17522e+09
1.70615e+08
2.50837e+07
3.84004e+06
613830
102670
17998.4
3310.46
639.432
129.763
27.6789
6.20615
1.46269
0.362279
0.094269
0.0257589
0.00738672
0.00222185
0.00070044
0.000231226
7.98572e-05
2.88278e-05
1.08668e-05
4.27303e-06
1.7505e-06
7.46245e-07
3.30678e-07
1.52129e-07
7.24851e-08
3.61339e-08
1.68485e-08
6.53509e-79
1.11151e-75
2.1109e-72
4.47895e-69
1.06181e-65
2.81248e-62
8.32319e-59
2.75212e-55
1.01678e-51
4.1972e-48
1.93584e-44
9.97639e-41
5.7447e-37
3.69612e-33
2.65716e-29
2.13438e-25
1.91567e-21
1.92117e-17
2.15282e-13
2.69553e-09
3.77117e-05
0.589523
10298.7
2.01011e+08
4.38371e+12
1.26438e+12
2.57438e+11
4.61142e+10
7.55474e+09
1.14459e+09
1.66074e+08
2.44051e+07
3.73474e+06
596815
99797.8
17491.3
3216.58
621.204
126.048
26.8833
6.02716
1.42039
0.351776
0.0915309
0.0250095
0.00717153
0.00215706
0.000679998
0.000224473
7.75242e-05
2.79853e-05
1.05492e-05
4.14809e-06
1.69931e-06
7.24414e-07
3.21e-07
1.47675e-07
7.03611e-08
3.50742e-08
1.63541e-08
6.44723e-79
1.09657e-75
2.08253e-72
4.41875e-69
1.04754e-65
2.77469e-62
8.21136e-59
2.71515e-55
1.00313e-51
4.14083e-48
1.90985e-44
9.84244e-41
5.66758e-37
3.6465e-33
2.62149e-29
2.10573e-25
1.88996e-21
1.89539e-17
2.12394e-13
2.65937e-09
3.72059e-05
0.581616
10160.6
1.98316e+08
4.32494e+12
1.23299e+12
2.50326e+11
4.47773e+10
7.32846e+09
1.10943e+09
1.60869e+08
2.36278e+07
3.61425e+06
577359
96516.3
16912
3109.42
600.403
121.809
25.9759
5.8231
1.37217
0.339806
0.0884101
0.0241554
0.00692627
0.0020832
0.000656694
0.000216775
7.48641e-05
2.70247e-05
1.01869e-05
4.00563e-06
1.64094e-06
6.99526e-07
3.09969e-07
1.42599e-07
6.79419e-08
3.38676e-08
1.57914e-08
6.34249e-79
1.07875e-75
2.0487e-72
4.34699e-69
1.03053e-65
2.72964e-62
8.07807e-59
2.67108e-55
9.86847e-52
4.07364e-48
1.87886e-44
9.68278e-41
5.57565e-37
3.58736e-33
2.57899e-29
2.07159e-25
1.85933e-21
1.86467e-17
2.08952e-13
2.61628e-09
3.66031e-05
0.572195
9996.03
1.95104e+08
4.25491e+12
1.19732e+12
2.42299e+11
4.32732e+10
7.07446e+09
1.07004e+09
1.55045e+08
2.27591e+07
3.47972e+06
555653
92857.7
16266.6
2990.08
577.25
117.093
24.9667
5.5962
1.31856
0.326502
0.0849421
0.0232063
0.00665375
0.00200114
0.0006308
0.000208221
7.1908e-05
2.5957e-05
9.78436e-06
3.84729e-06
1.57606e-06
6.71866e-07
2.97712e-07
1.36959e-07
6.52546e-08
3.25276e-08
1.51667e-08
6.21957e-79
1.05785e-75
2.00901e-72
4.26278e-69
1.01057e-65
2.67677e-62
7.92161e-59
2.61935e-55
9.67737e-52
3.99477e-48
1.84249e-44
9.49534e-41
5.46773e-37
3.51793e-33
2.52908e-29
2.0315e-25
1.82335e-21
1.82859e-17
2.04909e-13
2.56568e-09
3.58952e-05
0.561129
9802.74
1.91332e+08
4.17265e+12
1.15748e+12
2.33403e+11
4.16121e+10
6.79464e+09
1.02672e+09
1.48651e+08
2.18067e+07
3.33238e+06
531901
88857.4
15561.3
2859.75
551.977
111.947
23.8661
5.34882
1.26014
0.312006
0.0811643
0.0221726
0.00635698
0.00191179
0.000602605
0.000198906
6.86891e-05
2.47945e-05
9.34596e-06
3.67485e-06
1.50541e-06
6.41742e-07
2.84363e-07
1.30818e-07
6.23285e-08
3.10689e-08
1.44867e-08
6.0769e-79
1.03359e-75
1.96293e-72
4.16502e-69
9.87394e-66
2.6154e-62
7.74002e-59
2.55931e-55
9.45558e-52
3.90322e-48
1.80027e-44
9.27779e-41
5.34247e-37
3.43735e-33
2.47116e-29
1.98498e-25
1.7816e-21
1.78673e-17
2.00219e-13
2.50695e-09
3.50736e-05
0.548288
9578.44
1.86954e+08
4.07719e+12
1.11363e+12
2.23692e+11
3.98062e+10
6.49126e+09
9.79853e+08
1.41745e+08
2.07795e+07
3.17365e+06
506336
84555.3
14803.4
2719.77
524.847
106.426
22.6855
5.0836
1.19752
0.296475
0.0771177
0.0210656
0.00603923
0.00181613
0.000572426
0.000188937
6.5244e-05
2.35502e-05
8.87674e-06
3.49029e-06
1.42978e-06
6.09498e-07
2.70074e-07
1.24244e-07
5.91964e-08
2.95076e-08
1.37591e-08
5.91334e-79
1.00577e-75
1.9101e-72
4.05294e-69
9.60824e-66
2.54502e-62
7.53177e-59
2.49046e-55
9.20121e-52
3.79823e-48
1.75185e-44
9.02826e-41
5.1988e-37
3.34492e-33
2.40471e-29
1.93161e-25
1.73371e-21
1.7387e-17
1.94837e-13
2.43957e-09
3.41311e-05
0.533555
9321.07
1.81931e+08
3.96766e+12
1.06599e+12
2.13236e+11
3.78697e+10
6.16687e+09
9.29855e+08
1.34391e+08
1.96872e+07
3.00507e+06
479213
79994.9
14000.5
2571.59
496.144
100.587
21.4378
4.80338
1.13139
0.280077
0.0728465
0.0198976
0.00570402
0.00171523
0.000540601
0.000178425
6.1612e-05
2.22385e-05
8.38211e-06
3.29573e-06
1.35006e-06
5.75506e-07
2.55009e-07
1.17313e-07
5.58943e-08
2.78615e-08
1.29919e-08
5.73962e-79
9.75985e-76
1.85314e-72
3.93127e-69
9.3181e-66
2.46776e-62
7.30202e-59
2.41416e-55
8.91825e-52
3.68103e-48
1.69763e-44
8.74814e-41
5.03714e-37
3.24071e-33
2.32968e-29
1.87126e-25
1.67948e-21
1.68428e-17
1.88735e-13
2.36313e-09
3.30613e-05
0.516829
9028.86
1.76228e+08
3.84329e+12
1.01482e+12
2.0211e+11
3.58183e+10
5.82427e+09
8.77176e+08
1.26658e+08
1.85404e+07
2.8283e+06
450803
75222.4
13161
2416.74
466.165
94.4926
20.1358
4.51111
1.06244
0.262986
0.0683963
0.0186809
0.00535496
0.0016102
0.000507475
0.000167487
5.78329e-05
2.08739e-05
7.86758e-06
3.09336e-06
1.26714e-06
5.4015e-07
2.3934e-07
1.10104e-07
5.24593e-08
2.61491e-08
1.21938e-08
7.81363e-79
1.29204e-75
2.39789e-72
4.97452e-69
1.15363e-65
2.99097e-62
8.6694e-59
2.80958e-55
1.01812e-51
4.12542e-48
1.86931e-44
9.47276e-41
5.36874e-37
3.40318e-33
2.41293e-29
1.91363e-25
1.69771e-21
1.6849e-17
1.87072e-13
2.32373e-09
3.22933e-05
0.502111
8736.21
1.70054e+08
3.7036e+12
9.60472e+11
1.90408e+11
3.36707e+10
5.46675e+09
8.2234e+08
1.18625e+08
1.7351e+07
2.64521e+06
421410
70289.3
12293.8
2256.91
435.243
88.2092
18.7942
4.21006
0.991446
0.245394
0.0638171
0.0174293
0.00499598
0.0015022
0.000473426
0.000156245
5.39501e-05
1.94721e-05
7.3391e-06
2.88553e-06
1.18198e-06
5.03846e-07
2.23252e-07
1.02702e-07
4.89323e-08
2.43908e-08
1.13743e-08
3.5812e-77
4.87174e-74
8.85376e-71
1.79437e-67
4.05426e-64
1.02104e-60
2.86535e-57
8.95796e-54
3.11884e-50
1.20875e-46
5.2123e-43
2.49935e-39
1.33169e-35
7.87668e-32
5.16588e-28
3.75076e-24
3.00875e-20
2.65889e-16
2.57802e-12
2.72554e-08
0.000311071
3.76537
46619.9
5.36204e+08
3.54837e+12
9.03333e+11
1.78231e+11
3.14464e+10
5.09767e+09
7.65877e+08
1.1037e+08
1.61309e+07
2.45766e+06
391335
65246.8
11408.2
2093.79
403.702
81.8036
17.4271
3.90342
0.919161
0.227488
0.0591577
0.0161562
0.00463091
0.0013924
0.000438816
0.000144821
5.00051e-05
1.80481e-05
6.80235e-06
2.67448e-06
1.09553e-06
4.66991e-07
2.0692e-07
9.51888e-08
4.53525e-08
2.26062e-08
1.05424e-08
1.16101e-74
3.43206e-72
6.49209e-69
1.37585e-65
3.25773e-62
8.61856e-59
2.54748e-55
8.41321e-52
3.10453e-48
1.27997e-44
5.89634e-41
3.03499e-37
1.74551e-33
1.12168e-29
8.05399e-26
6.46149e-22
5.79229e-18
5.80178e-14
6.49337e-10
8.12032e-06
0.113467
1771.57
3.09103e+07
6.02564e+11
3.37781e+12
8.43878e+11
1.65692e+11
2.91671e+10
4.72072e+09
7.0836e+08
1.01979e+08
1.48928e+07
2.26762e+06
360895
60148.1
10513.5
1929.11
371.878
75.3441
16.0492
3.59449
0.846362
0.209461
0.0544682
0.0148751
0.00426368
0.00128198
0.000404015
0.000133336
4.60399e-05
1.66171e-05
6.26307e-06
2.46248e-06
1.0087e-06
4.29981e-07
1.90523e-07
8.76463e-08
4.17591e-08
2.0815e-08
9.70739e-09
1.54936e-71
2.53364e-71
1.90096e-68
4.03204e-65
9.55516e-62
2.53003e-58
7.48462e-55
2.47395e-51
9.13682e-48
3.77025e-44
1.7383e-40
8.9551e-37
5.15475e-33
3.31535e-29
2.38256e-25
1.91311e-21
1.71646e-17
1.72076e-13
1.92755e-09
2.4126e-05
0.337411
5272.61
9.20768e+07
1.79651e+12
3.19258e+12
7.82644e+11
1.52914e+11
2.68557e+10
4.33975e+09
6.50384e+08
9.35398e+07
1.36497e+07
2.07707e+06
330412
55047.2
9619.05
1764.6
340.109
68.8989
14.675
3.28651
0.773815
0.191503
0.0497981
0.0135998
0.00389816
0.00117209
0.000369392
0.000121912
4.20962e-05
1.51941e-05
5.72688e-06
2.25172e-06
9.2239e-07
3.932e-07
1.7423e-07
8.01525e-08
3.81895e-08
1.9036e-08
8.87814e-09
2.50078e-68
2.47545e-68
2.97877e-68
6.31632e-65
1.4971e-61
3.96471e-58
1.17308e-54
3.87814e-51
1.43252e-47
5.9122e-44
2.72632e-40
1.40474e-36
8.08738e-33
5.20239e-29
3.73931e-25
3.00304e-21
2.69481e-17
2.70202e-13
3.02724e-09
3.78967e-05
0.53009
8284.96
1.44707e+08
2.82385e+12
2.99383e+12
7.20236e+11
1.40028e+11
2.45363e+10
3.95875e+09
5.92557e+08
8.51402e+07
1.24147e+07
1.88803e+06
300205
49997.4
8734.34
1601.99
308.724
62.535
13.3187
2.98267
0.702269
0.173799
0.0451952
0.0123431
0.0035381
0.00106388
0.000335302
0.000110666
3.82146e-05
1.37937e-05
5.19927e-06
2.04435e-06
8.37478e-07
3.57018e-07
1.58203e-07
7.27823e-08
3.46791e-08
1.72867e-08
8.06282e-09
4.03644e-65
3.99249e-65
6.04626e-68
8.17963e-65
1.93884e-61
5.13493e-58
1.51944e-54
5.02357e-51
1.85577e-47
7.65957e-44
3.53236e-40
1.8202e-36
1.048e-32
6.74201e-29
4.84632e-25
3.89237e-21
3.49313e-17
3.50274e-13
3.92464e-09
4.91346e-05
0.687335
10743.4
1.87661e+08
3.66236e+12
2.78333e+12
6.57313e+11
1.27173e+11
2.22335e+10
3.58175e+09
5.35488e+08
7.68683e+07
1.12005e+07
1.70245e+06
270585
45050.7
7868.41
1442.95
278.044
56.3169
11.994
2.68601
0.632435
0.156522
0.0407049
0.0111175
0.00318702
0.000958383
0.000302077
9.97081e-05
3.44332e-05
1.24297e-05
4.68542e-06
1.84243e-06
7.54801e-07
3.2179e-07
1.426e-07
6.56072e-08
3.12618e-08
1.55838e-08
7.26916e-09
6.55718e-62
6.48491e-62
3.56259e-65
9.9728e-65
2.27563e-61
6.02702e-58
1.78348e-54
5.89673e-51
2.1784e-47
8.99155e-44
4.14678e-40
2.13688e-36
1.23038e-32
7.91557e-29
5.6901e-25
4.57023e-21
4.10161e-17
4.11304e-13
4.60862e-09
5.76998e-05
0.807181
12617.1
2.20398e+08
4.30141e+12
2.56208e+12
5.94199e+11
1.14411e+11
1.99586e+10
3.21051e+09
4.79436e+08
6.87607e+07
1.00124e+07
1.5211e+06
241674
40226.9
7024.67
1288.08
248.187
50.2687
10.706
2.39766
0.564574
0.139738
0.0363431
0.0099272
0.0028461
0.00085596
0.000269825
8.90729e-05
3.07639e-05
1.11063e-05
4.18703e-06
1.6466e-06
6.74637e-07
2.87637e-07
1.27475e-07
5.86524e-08
2.79496e-08
1.39334e-08
6.49989e-09
1.11517e-58
1.10273e-58
6.04935e-62
6.44573e-63
2.57564e-61
6.64619e-58
1.96665e-54
6.50223e-51
2.40204e-47
9.91448e-44
4.57234e-40
2.35613e-36
1.3566e-32
8.72745e-29
6.27361e-25
5.03881e-21
4.52206e-17
4.53459e-13
5.08087e-09
6.36112e-05
0.889862
13909.3
2.42966e+08
4.74176e+12
2.32618e+12
5.29863e+11
1.01535e+11
1.76741e+10
2.83891e+09
4.23472e+08
6.06822e+07
8.83044e+06
1.34093e+06
212980
35443.5
6188.61
1134.72
218.638
44.2855
9.43243
2.11263
0.497511
0.123154
0.0320341
0.00875139
0.00250936
0.000754799
0.000237972
7.85702e-05
2.71407e-05
9.79981e-06
3.69503e-06
1.45333e-06
5.9553e-07
2.53941e-07
1.12555e-07
5.17931e-08
2.46834e-08
1.23061e-08
5.74146e-09
2.11983e-55
2.09591e-55
1.14959e-58
1.20421e-59
1.28469e-59
7.0923e-58
2.06222e-54
6.81795e-51
2.5186e-47
1.03952e-43
4.79388e-40
2.47021e-36
1.42224e-32
9.14942e-29
6.57672e-25
5.28209e-21
4.74024e-17
4.75322e-13
5.32566e-09
6.66737e-05
0.932674
14578
2.54638e+08
4.9694e+12
2.07324e+12
4.63823e+11
8.84549e+10
1.53644e+10
2.46445e+09
3.67222e+08
5.25795e+07
7.64691e+06
1.16075e+06
184313
30668.6
5354.59
981.818
189.191
38.3257
8.16428
1.82891
0.430779
0.106656
0.0277482
0.00758206
0.0021745
0.000654208
0.000206299
6.81262e-05
2.35377e-05
8.50051e-06
3.20574e-06
1.26112e-06
5.16865e-07
2.20437e-07
9.77214e-08
4.49747e-08
2.14372e-08
1.06891e-08
4.98793e-09
4.50069e-52
4.4493e-52
2.44e-55
2.55466e-56
2.66956e-56
2.679e-56
2.09169e-54
6.81888e-51
2.51815e-47
1.03929e-43
4.79264e-40
2.46949e-36
1.42178e-32
9.14615e-29
6.57416e-25
5.27986e-21
4.73808e-17
4.7509e-13
5.32289e-09
6.66368e-05
0.932127
14569
2.54472e+08
4.966e+12
1.80716e+12
3.97225e+11
7.53997e+10
1.30701e+10
2.09371e+09
3.11675e+08
4.45947e+07
6.48256e+06
983713
156177
25985.6
4537.13
832.02
160.353
32.4907
6.923
1.55128
0.365491
0.0905185
0.023557
0.00643874
0.00184714
0.000555877
0.000175339
5.79175e-05
2.00157e-05
7.23032e-06
2.72738e-06
1.07318e-06
4.39939e-07
1.8767e-07
8.32134e-08
3.83055e-08
1.8262e-08
9.10759e-09
4.25093e-09
1.06762e-48
1.05529e-48
5.78626e-52
6.05519e-53
6.32734e-53
6.18407e-53
7.10349e-53
1.10516e-50
2.49898e-47
9.90803e-44
4.56859e-40
2.35386e-36
1.3551e-32
8.71664e-29
6.26504e-25
5.03132e-21
4.51481e-17
4.52681e-13
5.07161e-09
6.34886e-05
0.888056
13879.7
2.42425e+08
4.73074e+12
1.53381e+12
3.31493e+11
6.26433e+10
1.08386e+10
1.73425e+09
2.57955e+08
3.6888e+07
5.36056e+06
813339
129127
21486.8
3752.27
688.254
132.683
26.893
5.73233
1.28498
0.302873
0.0750417
0.0195375
0.00534238
0.00153325
0.000461602
0.000145659
4.81315e-05
1.66396e-05
6.01278e-06
2.26882e-06
8.93014e-07
3.66185e-07
1.5625e-07
6.92996e-08
3.19085e-08
1.52159e-08
7.59011e-09
3.54364e-09
2.829e-45
2.79594e-45
1.5328e-48
1.60325e-49
1.67527e-49
1.63717e-49
1.79267e-49
1.13565e-47
2.6238e-45
1.08736e-43
4.74982e-40
2.40234e-36
1.35915e-32
8.60196e-29
6.0906e-25
4.82468e-21
4.27627e-17
4.24101e-13
4.7066e-09
5.84514e-05
0.812356
12635
2.19965e+08
4.28538e+12
1.26109e+12
2.68304e+11
5.04969e+10
8.72304e+09
1.39445e+09
2.07286e+08
2.96322e+07
4.30571e+06
653341
103747
17268.8
3016.78
553.58
106.769
21.651
4.61733
1.03558
0.244221
0.060543
0.0157715
0.00431498
0.00123908
0.00037324
0.000117839
3.89585e-05
1.3475e-05
4.87151e-06
1.83899e-06
7.24133e-07
2.9705e-07
1.26797e-07
5.62559e-08
2.59109e-08
1.23596e-08
6.16702e-09
2.88018e-09
8.377e-42
8.278e-42
4.53745e-45
4.74365e-46
4.95666e-46
4.84354e-46
5.20353e-46
3.15042e-44
7.68586e-42
1.70427e-41
2.62069e-38
1.24731e-34
6.59115e-31
3.8605e-27
2.50212e-23
1.79048e-19
1.41021e-15
1.21697e-11
1.14274e-07
0.00115427
12.2814
131558
1.24307e+09
3.67621e+12
9.98502e+11
2.09471e+11
3.92863e+10
6.778e+09
1.08283e+09
1.6091e+08
2.3001e+07
3.34272e+06
507396
80610.1
13425.4
2346.86
430.942
83.1741
16.8785
3.60213
0.808468
0.190798
0.0473332
0.012339
0.00337827
0.00097077
0.00029262
9.24476e-05
3.05841e-05
1.05852e-05
3.82915e-06
1.44636e-06
5.69849e-07
2.33886e-07
9.98857e-08
4.43372e-08
2.04304e-08
9.74944e-09
4.8665e-09
2.27378e-09
2.77159e-38
2.73847e-38
1.5008e-41
1.56823e-42
1.63862e-42
1.6011e-42
1.6891e-42
9.72867e-41
2.53973e-38
3.75584e-38
6.624e-36
3.39381e-32
1.9533e-28
1.25616e-24
9.02648e-21
7.24723e-17
6.50164e-13
6.51731e-09
7.29982e-05
0.91359
12775.7
1.99623e+08
3.48574e+12
2.97101e+12
7.56357e+11
1.56782e+11
2.93236e+10
5.05516e+09
8.07392e+08
1.19981e+08
1.71549e+07
2.49433e+06
378870
60239.4
10041.7
1757.06
322.966
62.3979
12.6754
2.70787
0.608365
0.143714
0.0356865
0.00931153
0.00255167
0.000733885
0.000221405
7.00067e-05
2.31788e-05
8.02853e-06
2.9065e-06
1.09866e-06
4.3317e-07
1.7791e-07
7.60297e-08
3.37691e-08
1.55699e-08
7.43417e-09
3.71276e-09
1.73571e-09
1.02428e-34
1.01191e-34
5.54479e-38
5.79105e-39
6.05086e-39
5.91191e-39
6.12992e-39
3.3391e-37
9.37583e-35
1.33392e-34
1.40698e-34
5.23632e-32
2.82893e-28
1.80413e-24
1.2931e-20
1.03587e-16
9.27477e-13
9.28156e-09
0.000103816
1.29787
18135.1
2.83225e+08
4.94457e+12
2.24808e+12
5.44122e+11
1.11717e+11
2.08563e+10
3.59474e+09
5.74274e+08
8.53769e+07
1.22153e+07
1.77765e+06
270292
43025.7
7181.31
1258.22
231.592
44.8064
9.11457
1.94985
0.438657
0.103761
0.0257983
0.00673973
0.0018491
0.000532424
0.000160802
5.08978e-05
1.6869e-05
5.84863e-06
2.11931e-06
8.0182e-07
3.16406e-07
1.30061e-07
5.56256e-08
2.47253e-08
1.14084e-08
5.45099e-09
2.72412e-09
1.27444e-09
4.23091e-31
4.17921e-31
2.28965e-34
2.39016e-35
2.49734e-35
2.43984e-35
2.48882e-35
1.27357e-33
3.86866e-31
5.50438e-31
5.38753e-31
1.33263e-29
1.01045e-26
2.14317e-23
1.37778e-19
9.79624e-16
7.65666e-12
6.54077e-08
0.000605567
5.98901
61520.5
6.13951e+08
4.65634e+12
1.58216e+12
3.68837e+11
7.52087e+10
1.40294e+10
2.41925e+09
3.86802e+08
5.7562e+07
8.24521e+06
1.2015e+06
182957
29169.3
4876.67
855.903
157.817
30.5876
6.23329
1.33584
0.30105
0.0713326
0.0177652
0.00464858
0.00127735
0.000368343
0.000111405
3.53102e-05
1.17179e-05
4.06771e-06
1.4757e-06
5.5894e-07
2.20797e-07
9.08519e-08
3.88938e-08
1.7304e-08
7.99116e-09
3.82138e-09
1.91124e-09
8.94903e-10
1.95282e-27
1.9287e-27
1.0565e-30
1.10233e-31
1.15174e-31
1.12516e-31
1.13029e-31
5.39134e-30
1.78373e-27
2.53811e-27
2.47271e-27
5.33625e-26
3.12328e-23
1.04362e-20
7.28536e-17
5.8279e-13
5.2261e-09
5.23662e-05
0.586311
7335.04
1.02535e+08
1.60153e+12
3.55774e+12
1.02878e+12
2.33666e+11
4.74467e+10
8.85351e+09
1.52866e+09
2.44775e+08
3.64846e+07
5.23519e+06
764313
116616
18630.8
3121.38
549.016
101.453
19.7064
4.02471
0.864406
0.195227
0.0463564
0.0115689
0.00303332
0.000835137
0.000241278
7.31062e-05
2.32115e-05
7.71564e-06
2.6826e-06
9.74659e-07
3.69688e-07
1.46234e-07
6.02475e-08
2.58231e-08
1.15018e-08
5.31738e-09
2.54536e-09
1.27427e-09
5.97256e-10
1.0072e-23
9.94625e-24
5.44744e-27
5.68096e-28
5.93549e-28
5.79819e-28
5.74211e-28
2.52993e-26
9.19006e-24
1.30778e-23
1.26896e-23
2.47031e-22
1.52583e-19
1.54521e-18
1.4604e-15
1.96755e-12
1.6822e-08
0.000165044
1.83147
22831.6
3.18808e+08
4.97955e+12
2.32982e+12
6.14116e+11
1.37222e+11
2.78168e+10
5.19806e+09
8.99368e+08
1.4433e+08
2.15622e+07
3.10138e+06
453925
69436.7
11122.4
1868.37
329.499
61.05
11.89
2.43472
0.524281
0.118714
0.0282599
0.00707016
0.00185827
0.000512827
0.000148499
4.50941e-05
1.43481e-05
4.77913e-06
1.66488e-06
6.06024e-07
2.30274e-07
9.12409e-08
3.7651e-08
1.61623e-08
7.20916e-09
3.33734e-09
1.59958e-09
8.01745e-10
3.76249e-10
5.80306e-20
5.72984e-20
3.13765e-23
3.27054e-24
3.41701e-24
3.33781e-24
3.26232e-24
1.31341e-22
5.28929e-20
7.52749e-20
7.27761e-20
1.26949e-18
8.76948e-16
7.7249e-15
6.99583e-12
5.34104e-10
2.07407e-06
0.00897592
43.1807
218305
1.03552e+09
4.04439e+12
1.33606e+12
3.34504e+11
7.40993e+10
1.50286e+10
2.81532e+09
4.88501e+08
7.86256e+07
1.17813e+07
1.69978e+06
249574
38300.3
6154.82
1037.25
183.513
34.11
6.66414
1.36887
0.295669
0.0671505
0.0160324
0.00402264
0.00106027
0.000293408
8.51893e-05
2.59362e-05
8.27309e-06
2.76232e-06
9.64534e-07
3.51881e-07
1.33992e-07
5.32001e-08
2.19961e-08
9.4597e-09
4.2269e-09
1.96003e-09
9.40913e-10
4.72311e-10
2.21987e-10
3.7357e-16
3.68806e-16
2.01925e-19
2.10373e-20
2.1979e-20
2.14687e-20
2.07329e-20
7.52814e-19
3.40133e-16
4.84103e-16
4.66524e-16
7.18538e-15
5.63251e-12
4.34218e-11
4.45643e-08
1.94827e-06
0.00758061
32.9341
165526
9.27711e+08
4.99468e+12
2.36089e+12
6.77694e+11
1.65305e+11
3.65092e+10
7.42142e+09
1.39495e+09
2.42914e+08
3.92396e+07
5.90123e+06
854611
125962
19405.4
3130.52
529.607
94.0573
17.5484
3.44115
0.709407
0.153774
0.0350457
0.00839577
0.00211355
0.000558879
0.000155145
4.51832e-05
1.37969e-05
4.41356e-06
1.47774e-06
5.1737e-07
1.89233e-07
7.2236e-08
2.87485e-08
1.19134e-08
5.13461e-09
2.29906e-09
1.06818e-09
5.13742e-10
2.58343e-10
1.21643e-10
2.68676e-12
2.65214e-12
1.45184e-15
1.51183e-16
1.57948e-16
1.54274e-16
1.47388e-16
4.74883e-15
2.44368e-12
3.47832e-12
3.34253e-12
4.46023e-11
4.04249e-08
2.67447e-07
0.00031846
0.0079278
30.8625
130456
6.56727e+08
4.0993e+12
3.37623e+12
1.12975e+12
3.05393e+11
7.36955e+10
1.62903e+10
3.3232e+09
6.27211e+08
1.09682e+08
1.77927e+07
2.68727e+06
390870
57868.1
8955.13
1451.16
246.596
43.9884
8.24263
1.62323
0.336034
0.0731375
0.0167348
0.00402465
0.00101699
0.000269906
7.51927e-05
2.1974e-05
6.73229e-06
2.16057e-06
7.25651e-07
2.5482e-07
9.34722e-08
3.57804e-08
1.42779e-08
5.9319e-09
2.56289e-09
1.15024e-09
5.35618e-10
2.58153e-10
1.30081e-10
6.13776e-11
2.15976e-08
2.13164e-08
1.16671e-11
1.21433e-12
1.26864e-12
1.23909e-12
1.17253e-12
3.2833e-11
1.96226e-08
2.79331e-08
2.67775e-08
3.01823e-07
0.00032433
0.00179199
2.54956
36.0406
143337
5.76795e+08
2.64357e+12
4.00885e+12
1.54636e+12
4.6334e+11
1.22391e+11
2.94743e+10
6.53646e+09
1.3394e+09
2.53985e+08
4.46257e+07
7.27372e+06
1.10384e+06
161346
24007.4
3733.99
608.15
103.864
18.6199
3.50617
0.693805
0.144306
0.031553
0.0072522
0.00175176
0.000444533
0.000118464
3.31345e-05
9.7205e-06
2.98923e-06
9.62775e-07
3.2448e-07
1.14325e-07
4.20709e-08
1.6154e-08
6.46519e-09
2.69363e-09
1.16694e-09
5.25088e-10
2.45116e-10
1.18418e-10
5.98046e-11
2.82836e-11
0.000193954
0.000191403
1.04744e-07
1.08965e-08
1.13836e-08
1.11181e-08
1.04343e-08
2.46972e-07
0.00017603
0.000250603
0.000239748
0.00220256
2.90748
12.8945
22833.6
180004
7.69732e+08
3.05723e+12
4.12632e+12
1.74512e+12
5.74131e+11
1.65859e+11
4.3557e+10
1.05159e+10
2.34292e+09
4.82544e+08
9.1976e+07
1.62441e+07
2.66148e+06
406024
59667.6
8927.19
1396.23
228.671
39.2712
7.07895
1.34022
0.266621
0.0557458
0.0122514
0.00282994
0.00068689
0.000175131
4.68847e-05
1.31719e-05
3.88073e-06
1.19833e-06
3.87499e-07
1.31098e-07
4.63606e-08
1.71208e-08
6.59622e-09
2.64854e-09
1.10691e-09
4.80963e-10
2.17033e-10
1.01587e-10
4.92041e-11
2.4911e-11
1.1811e-11
1.9461
1.92024
0.00105067
0.000109247
0.000114128
0.000111463
0.000103884
0.00199848
1.76438
2.51205
2.39934
17.0171
29126.9
97408.1
2.28664e+08
9.44322e+08
4.65854e+12
3.71353e+12
1.62454e+12
5.78107e+11
1.82028e+11
5.21323e+10
1.37154e+10
3.32696e+09
7.45266e+08
1.54344e+08
2.95819e+07
5.2535e+06
865552
132791
19627.7
2954.06
464.798
76.5827
13.2312
2.39926
0.456922
0.0914275
0.019225
0.00424874
0.000986772
0.000240786
6.17092e-05
1.66033e-05
4.68724e-06
1.38747e-06
4.30382e-07
1.3978e-07
4.74896e-08
1.68619e-08
6.25123e-09
2.41741e-09
9.74104e-10
4.08495e-10
1.78073e-10
8.06036e-11
3.78399e-11
1.83793e-11
9.33003e-12
4.4357e-12
21821.1
21528.3
11.7774
1.22399
1.27865
1.24876
1.15736
17.04
19762.4
28139.3
26844.1
133951
3.26128e+08
7.34722e+08
2.56016e+12
4.76128e+12
2.78356e+12
1.23246e+12
4.69512e+11
1.60571e+11
5.01305e+10
1.43828e+10
3.80262e+09
9.27715e+08
2.0904e+08
4.35463e+07
8.39502e+06
1.49964e+06
248538
38359.1
5704.78
864.035
136.82
22.6885
3.9451
0.719956
0.137978
0.0277811
0.00587755
0.00130677
0.000305285
7.49221e-05
1.93087e-05
5.2234e-06
1.48239e-06
4.41043e-07
1.37484e-07
4.48649e-08
1.53125e-08
5.46091e-09
2.0331e-09
7.89409e-10
3.19331e-10
1.3441e-10
5.87999e-11
2.67053e-11
1.25773e-11
6.12761e-12
3.1197e-12
1.48754e-12
2.73371e+08
2.69666e+08
147501
15321.8
16005.8
15631.1
14426
146334
2.47317e+08
3.5218e+08
3.35697e+08
9.67417e+08
4.08058e+12
4.73659e+12
3.12313e+12
1.64043e+12
7.46311e+11
3.04231e+11
1.1289e+11
3.84136e+10
1.20264e+10
3.46921e+09
9.2287e+08
2.26561e+08
5.1368e+07
1.07667e+07
2.08842e+06
375367
62598.6
9722.71
1455.41
221.911
35.3786
5.9068
1.0341
0.189999
0.0366582
0.00743001
0.00158224
0.000354044
8.32321e-05
2.05523e-05
5.32844e-06
1.44987e-06
4.13802e-07
1.23791e-07
3.87938e-08
1.27245e-08
4.3644e-09
1.56389e-09
5.84902e-10
2.28102e-10
9.26593e-11
3.91582e-11
1.71962e-11
7.83867e-12
3.70464e-12
1.81086e-12
9.24875e-13
4.42395e-13
3.82687e+12
3.77449e+12
2.06422e+09
2.14316e+08
2.2388e+08
2.18634e+08
2.01206e+08
1.11021e+09
3.45845e+12
4.92526e+12
4.69288e+12
3.61462e+12
2.39291e+12
1.40179e+12
7.38992e+11
3.54288e+11
1.55466e+11
6.26742e+10
2.32561e+10
7.94968e+09
2.50438e+09
7.27264e+08
1.94762e+08
4.81297e+07
1.09836e+07
2.31705e+06
452345
81832.9
13737
2147.93
323.752
49.7146
7.98292
1.34249
0.236731
0.0438095
0.00851304
0.00173765
0.000372613
8.39467e-05
1.98674e-05
4.93795e-06
1.28842e-06
3.52761e-07
1.0129e-07
3.04795e-08
9.60601e-09
3.16813e-09
1.09241e-09
3.93441e-10
1.47872e-10
5.794e-11
2.36429e-11
1.00349e-11
4.42504e-12
2.02507e-12
9.60681e-13
4.71272e-13
2.41523e-13
1.1592e-13
7.44532e+11
1.9961e+12
2.85938e+12
3.33654e+12
3.49906e+12
3.417e+12
3.14012e+12
2.71441e+12
2.19818e+12
1.65996e+12
1.16469e+12
7.57433e+11
4.55891e+11
2.53747e+11
1.30536e+11
6.20363e+10
2.72215e+10
1.10224e+10
4.11625e+09
1.41713e+09
4.49694e+08
1.31532e+08
3.54736e+07
8.82712e+06
2.02825e+06
430795
84677.9
15424.9
2607.49
410.63
62.3498
9.64687
1.56094
0.264531
0.0470073
0.00876607
0.0017164
0.000352984
7.62538e-05
1.73046e-05
4.12469e-06
1.03234e-06
2.71196e-07
7.47454e-08
2.16007e-08
6.54068e-09
2.07391e-09
6.88007e-10
2.38579e-10
8.63969e-11
3.26427e-11
1.2855e-11
5.27104e-12
2.24763e-12
9.95545e-13
4.57539e-13
2.17935e-13
1.07323e-13
5.5206e-14
2.65927e-14
9.93388e+10
2.86909e+11
4.4082e+11
5.41926e+11
5.83647e+11
5.70837e+11
5.15835e+11
4.34305e+11
3.419e+11
2.51847e+11
1.73435e+11
1.11472e+11
6.67349e+10
3.71362e+10
1.91708e+10
9.16411e+09
4.05009e+09
1.65273e+09
6.22122e+08
2.15878e+08
6.90369e+07
2.03463e+07
5.52829e+06
1.38577e+06
320740
68621.9
13587.6
2493.53
424.71
67.401
10.3158
1.60915
0.262531
0.0448614
0.00803822
0.0015114
0.00029836
6.18554e-05
1.34689e-05
3.08048e-06
7.39886e-07
1.86569e-07
4.93704e-08
1.37041e-08
3.98778e-09
1.21561e-09
3.87955e-10
1.29513e-10
4.51843e-11
1.64587e-11
6.25362e-12
2.47611e-12
1.0206e-12
4.37373e-13
1.94654e-13
8.98702e-14
4.29943e-14
2.12609e-14
1.09801e-14
5.30976e-15
1.09243e+10
3.1935e+10
4.97495e+10
6.19877e+10
6.75351e+10
6.66557e+10
6.06486e+10
5.13372e+10
4.0604e+10
3.00512e+10
2.08044e+10
1.34534e+10
8.11023e+09
4.54781e+09
2.36697e+09
1.1411e+09
5.0866e+08
2.09357e+08
7.94768e+07
2.78094e+07
8.96636e+06
2.66388e+06
729572
184328
43000.4
9272.94
1850.85
342.429
58.8095
9.41256
1.45326
0.228733
0.0376572
0.00649363
0.00117412
0.000222763
4.43682e-05
9.27951e-06
2.03813e-06
4.70109e-07
1.13854e-07
2.89428e-08
7.71965e-09
2.15933e-09
6.33059e-10
1.94382e-10
6.24726e-11
2.09976e-11
7.37378e-12
2.70298e-12
1.03329e-12
4.11533e-13
1.70582e-13
7.34972e-14
3.28796e-14
1.52554e-14
7.33282e-15
3.64246e-15
1.88928e-15
9.17455e-16
1.00109e+09
2.93795e+09
4.60691e+09
5.78786e+09
6.36313e+09
6.33797e+09
5.81837e+09
4.96761e+09
3.96209e+09
2.95683e+09
2.06422e+09
1.34627e+09
8.18668e+08
4.63154e+08
2.43229e+08
1.18324e+08
5.32238e+07
2.21041e+07
8.46647e+06
2.98875e+06
972100
291325
80479.4
20509.8
4826.37
1049.99
211.456
39.4803
6.844
1.10594
0.172446
0.027417
0.00455991
0.00079436
0.000145092
2.78058e-05
5.59332e-06
1.1813e-06
2.61954e-07
6.09907e-08
1.4907e-08
3.82352e-09
1.02872e-09
2.90195e-10
8.57781e-11
2.65485e-11
8.59831e-12
2.91152e-12
1.02981e-12
3.8011e-13
1.46278e-13
5.86322e-14
2.44529e-14
1.0598e-14
4.76793e-15
2.22418e-15
1.07462e-15
5.36426e-16
2.79553e-16
1.36372e-16
7.52153e+07
2.21318e+08
3.48827e+08
4.41333e+08
4.89177e+08
4.91494e+08
4.55195e+08
3.92059e+08
3.15431e+08
2.37452e+08
1.67224e+08
1.10033e+08
6.75166e+07
3.85487e+07
2.04334e+07
1.00343e+07
4.5566e+06
1.91049e+06
738782
263298
86460.9
26160.7
7297.01
1877.82
446.278
98.0716
19.9549
3.76525
0.659829
0.107819
0.0170062
0.00273562
0.000460362
8.1144e-05
1.49947e-05
2.90686e-06
5.91391e-07
1.26295e-07
2.83121e-08
6.66224e-09
1.64528e-09
4.26268e-10
1.15814e-10
3.29817e-11
9.83889e-12
3.07232e-12
1.00361e-12
3.42662e-13
1.2217e-13
4.54418e-14
1.7617e-14
7.11161e-15
2.98618e-15
1.30269e-15
5.89733e-16
2.76749e-16
1.34477e-16
6.74928e-17
3.53575e-17
1.73346e-17
4.50995e+06
1.33e+07
2.10572e+07
2.68111e+07
2.99438e+07
3.03354e+07
2.83365e+07
2.46183e+07
1.99796e+07
1.51726e+07
1.07805e+07
7.15805e+06
4.43318e+06
2.55534e+06
1.36778e+06
678410
311213
131839
51518.6
18556.9
6159.61
1884.22
531.452
138.329
33.2601
7.39704
1.52374
0.291183
0.0516991
0.00856253
0.00136942
0.000223409
3.81294e-05
6.81543e-06
1.27696e-06
2.50937e-07
5.1737e-08
1.11935e-08
2.54135e-09
6.05445e-10
1.51322e-10
3.96638e-11
1.08984e-11
3.13764e-12
9.45897e-13
2.98381e-13
9.84276e-14
3.3924e-14
1.22051e-14
4.5794e-15
1.79024e-15
7.28497e-16
3.08254e-16
1.35464e-16
6.17575e-17
2.91766e-17
1.42685e-17
7.20499e-18
3.79672e-18
1.87178e-18
207319
612606
973859
1.24723e+06
1.40294e+06
1.43262e+06
1.34949e+06
1.18257e+06
968213
741881
531986
356588
223020
129865
70248.9
35225.6
16342.7
7004.31
2770.05
1010.15
339.58
105.245
30.0879
7.94138
1.93719
0.437316
0.0914891
0.0177657
0.00320695
0.000540302
8.79413e-05
1.46033e-05
2.53667e-06
4.61373e-07
8.79335e-08
1.75709e-08
3.68208e-09
8.09328e-10
1.86586e-10
4.51162e-11
1.1439e-11
3.04012e-12
8.46558e-13
2.46875e-13
7.53512e-14
2.40537e-14
8.02584e-15
2.79669e-15
1.01682e-15
3.85383e-16
1.52121e-16
6.2477e-17
2.6671e-17
1.18202e-17
5.43238e-18
2.58628e-18
1.2741e-18
6.47866e-19
3.437e-19
1.70515e-19
6845.3
20263.7
32334.1
41638.4
47158.1
48532.1
46101.5
40756.7
33675.3
26049
18864.3
12775.9
8077.6
4757.68
2604.8
1322.82
621.948
270.314
108.481
40.1705
13.7225
4.32489
1.2583
0.338261
0.0841096
0.0193707
0.00413764
0.000821005
0.000151551
2.61283e-05
4.35406e-06
7.40282e-07
1.31617e-07
2.44897e-08
4.77202e-09
9.74227e-10
2.08432e-10
4.67388e-11
1.09847e-11
2.70564e-12
6.98287e-13
1.8877e-13
5.34304e-14
1.58271e-14
4.90362e-15
1.58793e-15
5.37148e-16
1.89644e-16
6.98203e-17
2.6781e-17
1.06927e-17
4.43969e-18
1.91509e-18
8.57194e-19
3.97694e-19
1.91047e-19
9.4927e-20
4.86625e-20
2.60191e-20
1.30026e-20
144.968
429.881
688.439
891.348
1016.51
1054.61
1010.82
902.324
753.286
589.132
431.677
296.052
189.725
113.385
63.0578
32.5673
15.5916
6.90908
2.83072
1.07161
0.374766
0.121095
0.0361737
0.00999889
0.00256014
0.000607974
0.000134086
2.75034e-05
5.25366e-06
9.38142e-07
1.61994e-07
2.85293e-08
5.24906e-09
1.00952e-09
2.03061e-10
4.27357e-11
9.41256e-12
2.16994e-12
5.2362e-13
1.32255e-13
3.49592e-14
9.66819e-15
2.79644e-15
8.45605e-16
2.67178e-16
8.81497e-17
3.03525e-17
1.08988e-17
4.0776e-18
1.58816e-18
6.43395e-19
2.70868e-19
1.18389e-19
5.36587e-20
2.5193e-20
1.224e-20
6.14747e-21
3.18357e-21
1.719e-21
8.66901e-22
)
;

boundaryField
{
    highVoltage
    {
        type            fixedValue;
        value           uniform 0;
    }
    topBotBoundaries
    {
        type            zeroGradient;
    }
    inletBoundary
    {
        type            fixedValue;
        value           uniform 0;
    }
    frontBack
    {
        type            empty;
    }
    region0_to_dielectric
    {
        type            zeroGradient;
    }
}


// ************************************************************************* //
