/*--------------------------------*- C++ -*----------------------------------*\
| =========                 |                                                 |
| \\      /  F ield         | OpenFOAM: The Open Source CFD Toolbox           |
|  \\    /   O peration     | Version:  2406                                  |
|   \\  /    A nd           | Website:  www.openfoam.com                      |
|    \\/     M anipulation  |                                                 |
\*---------------------------------------------------------------------------*/
FoamFile
{
    version     2.0;
    format      ascii;
    arch        "LSB;label=32;scalar=64";
    class       volScalarField;
    location    "2e-07";
    object      O2;
}
// * * * * * * * * * * * * * * * * * * * * * * * * * * * * * * * * * * * * * //

dimensions      [0 -3 0 0 0 0 0];

internalField   nonuniform List<scalar> 
5880
(
1e+13
1e+13
1e+13
1e+13
1e+13
1e+13
1e+13
1e+13
1e+13
1e+13
1e+13
1e+13
1e+13
1e+13
1e+13
1e+13
1e+13
1e+13
1e+13
1e+13
1e+13
1e+13
1e+13
1e+13
1e+13
1e+13
1e+13
1e+13
1e+13
1e+13
1e+13
1e+13
1e+13
1e+13
1e+13
1e+13
1e+13
1e+13
1e+13
1e+13
1e+13
1e+13
1e+13
1e+13
1e+13
1e+13
1e+13
1e+13
1e+13
1e+13
1e+13
1e+13
1e+13
1e+13
1e+13
1e+13
1e+13
1e+13
1e+13
1e+13
1e+13
1e+13
1e+13
1e+13
1e+13
1e+13
1e+13
1e+13
1e+13
1e+13
1e+13
1e+13
1e+13
1e+13
1e+13
1e+13
1e+13
1e+13
1e+13
1e+13
1e+13
1e+13
1e+13
1e+13
1e+13
1e+13
1e+13
1e+13
1e+13
1e+13
1e+13
1e+13
1e+13
1e+13
1e+13
1e+13
1e+13
1e+13
1e+13
1e+13
1e+13
1e+13
1e+13
1e+13
1e+13
1e+13
1e+13
1e+13
1e+13
1e+13
1e+13
1e+13
1e+13
1e+13
1e+13
1e+13
1e+13
1e+13
1e+13
1e+13
1e+13
1e+13
1e+13
1e+13
1e+13
1e+13
1e+13
1e+13
1e+13
1e+13
1e+13
1e+13
1e+13
1e+13
1e+13
1e+13
1e+13
1e+13
1e+13
1e+13
1e+13
1e+13
1e+13
1e+13
1e+13
1e+13
1e+13
1e+13
1e+13
1e+13
1e+13
1e+13
1e+13
1e+13
1e+13
1e+13
1e+13
1e+13
1e+13
1e+13
1e+13
1e+13
1e+13
1e+13
1e+13
1e+13
1e+13
1e+13
1e+13
1e+13
1e+13
1e+13
1e+13
1e+13
1e+13
1e+13
1e+13
1e+13
1e+13
1e+13
1e+13
1e+13
1e+13
1e+13
1e+13
1e+13
1e+13
1e+13
1e+13
1e+13
1e+13
1e+13
1e+13
1e+13
1e+13
1e+13
1e+13
1e+13
1e+13
1e+13
1e+13
1e+13
1e+13
1e+13
1e+13
1e+13
1e+13
1e+13
1e+13
1e+13
1e+13
1e+13
1e+13
1e+13
1e+13
1e+13
1e+13
1e+13
1e+13
1e+13
1e+13
1e+13
1e+13
1e+13
1e+13
1e+13
1e+13
1e+13
1e+13
1e+13
1e+13
1e+13
1e+13
1e+13
1e+13
1e+13
1e+13
1e+13
1e+13
1e+13
1e+13
1e+13
1e+13
1e+13
1e+13
1e+13
1e+13
1e+13
1e+13
1e+13
1e+13
1e+13
1e+13
1e+13
1e+13
1e+13
1e+13
1e+13
1e+13
1e+13
1e+13
1e+13
1e+13
1e+13
1e+13
1e+13
1e+13
1e+13
1e+13
1e+13
1e+13
1e+13
1e+13
1e+13
1e+13
1e+13
1e+13
1e+13
1e+13
1e+13
1e+13
1e+13
1e+13
1e+13
1e+13
1e+13
1e+13
1e+13
1e+13
1e+13
1e+13
1e+13
1e+13
1e+13
1e+13
1e+13
1e+13
1e+13
1e+13
1e+13
1e+13
1e+13
1.00001e+13
1.00001e+13
1.00001e+13
1.00001e+13
1.00001e+13
1.00001e+13
1e+13
1e+13
1e+13
1e+13
1e+13
1e+13
1e+13
1e+13
1e+13
1e+13
1e+13
1e+13
1e+13
1e+13
1e+13
1e+13
1e+13
1e+13
1e+13
1e+13
1e+13
1e+13
1e+13
1e+13
1e+13
1e+13
1e+13
1e+13
1e+13
1e+13
1e+13
1e+13
1e+13
1e+13
1e+13
1e+13
1e+13
1e+13
1e+13
1e+13
1e+13
1e+13
1e+13
1e+13
1e+13
1e+13
1e+13
1e+13
1e+13
1e+13
1e+13
1e+13
1.00003e+13
1.00026e+13
1.00062e+13
1.00097e+13
1.00115e+13
1.00112e+13
1.00093e+13
1.00066e+13
1.00041e+13
1.00023e+13
1.00011e+13
1.00005e+13
1.00002e+13
1.00001e+13
1e+13
1e+13
1e+13
1e+13
1e+13
1e+13
1e+13
1e+13
1e+13
1e+13
1e+13
1e+13
1e+13
1e+13
1e+13
1e+13
1e+13
1e+13
1e+13
1e+13
1e+13
1e+13
1e+13
1e+13
1e+13
1e+13
1e+13
1e+13
1e+13
1e+13
1e+13
1e+13
1e+13
1e+13
1e+13
1e+13
1e+13
1e+13
1e+13
1e+13
1e+13
1e+13
1e+13
1e+13
1e+13
1e+13
1.0025e+13
1.02124e+13
1.05095e+13
1.07784e+13
1.09069e+13
1.08663e+13
1.07032e+13
1.04941e+13
1.03032e+13
1.01629e+13
1.00766e+13
1.00314e+13
1.00112e+13
1.00034e+13
1.00009e+13
1.00002e+13
1e+13
1e+13
1e+13
1e+13
1e+13
1e+13
1e+13
1e+13
1e+13
1e+13
1e+13
1e+13
1e+13
1e+13
1e+13
1e+13
1e+13
1e+13
1e+13
1e+13
1e+13
1e+13
1e+13
1e+13
1e+13
1e+13
1e+13
1e+13
1e+13
1e+13
1e+13
1e+13
1e+13
1e+13
1e+13
1e+13
1e+13
1e+13
1e+13
1e+13
1e+13
1e+13
1e+13
1e+13
1.15072e+13
2.26748e+13
3.99459e+13
5.4882e+13
6.12221e+13
5.79263e+13
4.81319e+13
3.62853e+13
2.5833e+13
1.83543e+13
1.38571e+13
1.15533e+13
1.05434e+13
1.01644e+13
1.00428e+13
1.00096e+13
1.00018e+13
1.00003e+13
1e+13
1e+13
1e+13
1e+13
1e+13
1e+13
1e+13
1e+13
1e+13
1e+13
1e+13
1e+13
1e+13
1e+13
1e+13
1e+13
1e+13
1e+13
1e+13
1e+13
1e+13
1e+13
1e+13
1e+13
1e+13
1e+13
1e+13
1e+13
1e+13
1e+13
1e+13
1e+13
1e+13
1e+13
1e+13
1e+13
1e+13
1e+13
1e+13
1e+13
1e+13
1e+13
7.70653e+13
5.68343e+14
1.30612e+15
1.91125e+15
2.13146e+15
1.9518e+15
1.52304e+15
1.03251e+15
6.14283e+14
3.22982e+14
1.51876e+14
6.61042e+13
2.92745e+13
1.57273e+13
1.14656e+13
1.03216e+13
1.00603e+13
1.00096e+13
1.00013e+13
1.00001e+13
1e+13
1e+13
1e+13
1e+13
1e+13
1e+13
1e+13
1e+13
1e+13
1e+13
1e+13
1e+13
1e+13
1e+13
1e+13
1e+13
1e+13
1e+13
1e+13
1e+13
1e+13
1e+13
1e+13
1e+13
1e+13
1e+13
1e+13
1e+13
1e+13
1e+13
1e+13
1e+13
1e+13
1e+13
1e+13
1e+13
1e+13
1e+13
1e+13
1e+13
2.26226e+15
1.85293e+16
4.21231e+16
6.03113e+16
6.56688e+16
5.87236e+16
4.47734e+16
2.9647e+16
1.71848e+16
8.73735e+15
3.89256e+15
1.51707e+15
5.18318e+14
1.58331e+14
4.72905e+13
1.80447e+13
1.14839e+13
1.02333e+13
1.00312e+13
1.00035e+13
1.00003e+13
1e+13
1e+13
1e+13
1e+13
1e+13
1e+13
1e+13
1e+13
1e+13
1e+13
1e+13
1e+13
1e+13
1e+13
1e+13
1e+13
1e+13
1e+13
1e+13
1e+13
1e+13
1e+13
1e+13
1e+13
1e+13
1e+13
1e+13
1e+13
1e+13
1e+13
1e+13
1e+13
1e+13
1e+13
1e+13
1e+13
1e+13
1e+13
1e+13
5.81196e+16
4.70406e+17
1.04411e+18
1.45512e+18
1.54293e+18
1.34614e+18
1.00328e+18
6.50335e+17
3.69341e+17
1.84039e+17
8.03166e+16
3.05949e+16
1.01343e+16
2.91053e+15
7.2627e+14
1.61887e+14
3.75635e+13
1.4268e+13
1.05625e+13
1.0063e+13
1.0006e+13
1.00005e+13
1e+13
1e+13
1e+13
1e+13
1e+13
1e+13
1e+13
1e+13
1e+13
1e+13
1e+13
1e+13
1e+13
1e+13
1e+13
1e+13
1e+13
1e+13
1e+13
1e+13
1e+13
1e+13
1e+13
1e+13
1e+13
1e+13
1e+13
1e+13
1e+13
1e+13
1e+13
1e+13
1e+13
1e+13
1e+13
1e+13
1e+13
1e+13
1.17062e+18
9.28862e+18
2.00379e+19
2.70928e+19
2.79178e+19
2.37334e+19
1.72767e+19
1.09568e+19
6.09446e+18
2.97606e+18
1.27322e+18
4.75554e+17
1.54442e+17
4.34351e+16
1.05416e+16
2.205e+15
4.01886e+14
6.97676e+13
1.77688e+13
1.08591e+13
1.00807e+13
1.00064e+13
1.00004e+13
1e+13
1e+13
1e+13
1e+13
1e+13
1e+13
1e+13
1e+13
1e+13
1e+13
1e+13
1e+13
1e+13
1e+13
1e+13
1e+13
1e+13
1e+13
1e+13
1e+13
1e+13
1e+13
1e+13
1e+13
1e+13
1e+13
1e+13
1e+13
1e+13
1e+13
1e+13
1e+13
1e+13
1e+13
1e+13
1e+13
1e+13
1.86932e+19
1.44538e+20
3.01521e+20
3.94164e+20
3.93902e+20
3.2589e+20
2.31523e+20
1.43564e+20
7.81639e+19
3.73845e+19
1.56716e+19
5.7375e+18
1.82721e+18
5.04154e+17
1.20068e+17
2.46018e+16
4.32943e+15
6.58866e+14
9.31828e+13
1.9085e+13
1.08444e+13
1.00667e+13
1.00045e+13
1.00003e+13
1e+13
1e+13
1e+13
1e+13
1e+13
1e+13
1e+13
1e+13
1e+13
1e+13
1e+13
1e+13
1e+13
1e+13
1e+13
1e+13
1e+13
1e+13
1e+13
1e+13
1e+13
1e+13
1e+13
1e+13
1e+13
1e+13
1e+13
1e+13
1e+13
1e+13
1e+13
1e+13
1e+13
1e+13
1e+13
1e+13
2.4011e+20
1.79478e+21
3.59965e+21
4.5335e+21
4.3851e+21
3.52695e+21
2.44362e+21
1.48065e+21
7.88612e+20
3.6921e+20
1.5157e+20
5.4367e+19
1.69726e+19
4.59381e+18
1.07407e+18
2.16222e+17
3.73739e+16
5.53903e+15
7.09133e+14
8.54173e+13
1.69325e+13
1.05426e+13
1.00362e+13
1.00021e+13
1.00001e+13
1e+13
1e+13
1e+13
1e+13
1e+13
1e+13
1e+13
1e+13
1e+13
1e+13
1e+13
1e+13
1e+13
1e+13
1e+13
1e+13
1e+13
1e+13
1e+13
1e+13
1e+13
1e+13
1e+13
1e+13
1e+13
1e+13
1e+13
1e+13
1e+13
1e+13
1e+13
1e+13
1e+13
1e+13
1e+13
2.51717e+21
1.79983e+22
3.44797e+22
4.16884e+22
3.89618e+22
3.04372e+22
2.05537e+22
1.21628e+22
6.33354e+21
2.90089e+21
1.16562e+21
4.09444e+20
1.25261e+20
3.3251e+19
7.63235e+18
1.51007e+18
2.56801e+17
3.74513e+16
4.68103e+15
5.07797e+14
5.5265e+13
1.3509e+13
1.02319e+13
1.00131e+13
1.00006e+13
1e+13
1e+13
1e+13
1e+13
1e+13
1e+13
1e+13
1e+13
1e+13
1e+13
1e+13
1e+13
1e+13
1e+13
1e+13
1e+13
1e+13
1e+13
1e+13
1e+13
1e+13
1e+13
1e+13
1e+13
1e+13
1e+13
1e+13
1e+13
1e+13
1e+13
1e+13
1e+13
1e+13
1e+13
1e+13
2.18423e+22
1.47367e+23
2.67763e+23
3.09763e+23
2.79328e+23
2.11807e+23
1.39338e+23
8.04865e+22
4.09541e+22
1.83408e+22
7.20963e+21
2.47911e+21
7.43041e+20
1.93433e+20
4.35926e+19
8.47875e+18
1.41935e+18
2.04008e+17
2.51322e+16
2.65636e+15
2.48158e+14
2.82938e+13
1.1199e+13
1.00671e+13
1.00032e+13
1.00001e+13
1e+13
1e+13
1e+13
1e+13
1e+13
1e+13
1e+13
1e+13
1e+13
1e+13
1e+13
1e+13
1e+13
1e+13
1e+13
1e+13
1e+13
1e+13
1e+13
1e+13
1e+13
1e+13
1e+13
1e+13
1e+13
1e+13
1e+13
1e+13
1e+13
1e+13
1e+13
1e+13
1e+13
1e+13
1.5907e+23
9.95578e+23
1.70321e+24
1.87981e+24
1.6339e+24
1.20208e+24
7.70112e+23
4.34035e+23
2.15695e+23
9.44008e+22
3.6287e+22
1.2211e+22
3.58517e+21
9.15347e+20
2.02587e+20
3.87531e+19
6.38986e+18
9.05977e+17
1.10229e+17
1.14957e+16
1.03384e+15
8.79877e+13
1.50739e+13
1.0282e+13
1.00134e+13
1.00005e+13
1e+13
1e+13
1e+13
1e+13
1e+13
1e+13
1e+13
1e+13
1e+13
1e+13
1e+13
1e+13
1e+13
1e+13
1e+13
1e+13
1e+13
1e+13
1e+13
1e+13
1e+13
1e+13
1e+13
1e+13
1e+13
1e+13
1e+13
1e+13
1e+13
1e+13
1e+13
1e+13
1e+13
1e+13
9.85255e+23
5.60556e+24
8.96523e+24
9.41885e+24
7.88703e+24
5.6292e+24
3.51119e+24
1.93006e+24
9.36313e+23
4.0029e+23
1.50414e+23
4.95265e+22
1.42452e+22
3.56809e+21
7.75959e+20
1.46095e+20
2.37492e+19
3.32515e+18
4.00102e+17
4.13033e+16
3.66025e+15
2.86035e+14
2.78458e+13
1.09863e+13
1.00466e+13
1.00019e+13
1.00001e+13
1e+13
1e+13
1e+13
1e+13
1e+13
1e+13
1e+13
1e+13
1e+13
1e+13
1e+13
1e+13
1e+13
1e+13
1e+13
1e+13
1e+13
1e+13
1e+13
1e+13
1e+13
1e+13
1e+13
1e+13
1e+13
1e+13
1e+13
1e+13
1e+13
1e+13
1e+13
1e+13
1e+13
5.25097e+24
2.65484e+25
3.94412e+25
3.93899e+25
3.17772e+25
2.20046e+25
1.33611e+25
7.16055e+24
3.38957e+24
1.41502e+24
5.19676e+23
1.6744e+23
4.71969e+22
1.1605e+22
2.48208e+21
4.60473e+20
7.38962e+19
1.02318e+19
1.21948e+18
1.24858e+17
1.09711e+16
8.341e+14
6.30162e+13
1.29176e+13
1.01374e+13
1.00055e+13
1.00002e+13
1e+13
1e+13
1e+13
1e+13
1e+13
1e+13
1e+13
1e+13
1e+13
1e+13
1e+13
1e+13
1e+13
1e+13
1e+13
1e+13
1e+13
1e+13
1e+13
1e+13
1e+13
1e+13
1e+13
1e+13
1e+13
1e+13
1e+13
1e+13
1e+13
1e+13
1e+13
1e+13
1e+13
2.43105e+25
1.06674e+26
1.46465e+26
1.39003e+26
1.08094e+26
7.26409e+25
4.29319e+25
2.24245e+25
1.03541e+25
4.21983e+24
1.51475e+24
4.7776e+23
1.3207e+23
3.19128e+22
6.72203e+21
1.23079e+21
1.95335e+20
2.67978e+19
3.16976e+18
3.22532e+17
2.81851e+16
2.11979e+15
1.45282e+14
1.74245e+13
1.03487e+13
1.0014e+13
1.00005e+13
1e+13
1e+13
1e+13
1e+13
1e+13
1e+13
1e+13
1e+13
1e+13
1e+13
1e+13
1e+13
1e+13
1e+13
1e+13
1e+13
1e+13
1e+13
1e+13
1e+13
1e+13
1e+13
1e+13
1e+13
1e+13
1e+13
1e+13
1e+13
1e+13
1e+13
1e+13
1e+13
1e+13
9.84465e+25
3.66558e+26
4.63671e+26
4.18491e+26
3.13991e+26
2.04848e+26
1.17827e+26
5.9963e+25
2.69988e+25
1.07422e+25
3.77037e+24
1.16507e+24
3.16248e+23
7.52198e+22
1.56342e+22
2.8313e+21
4.45398e+20
6.06825e+19
7.13992e+18
7.23631e+17
6.30423e+16
4.72016e+15
3.11572e+14
2.6533e+13
1.07759e+13
1.00312e+13
1.00011e+13
1e+13
1e+13
1e+13
1e+13
1e+13
1e+13
1e+13
1e+13
1e+13
1e+13
1e+13
1e+13
1e+13
1e+13
1e+13
1e+13
1e+13
1e+13
1e+13
1e+13
1e+13
1e+13
1e+13
1e+13
1e+13
1e+13
1e+13
1e+13
1e+13
1e+13
1e+13
1e+13
1e+13
3.50222e+26
1.08552e+27
1.26395e+27
1.08683e+27
7.87701e+26
4.99057e+26
2.79314e+26
1.38451e+26
6.07848e+25
2.36191e+25
8.11305e+24
2.45968e+24
6.56874e+23
1.54146e+23
3.16954e+22
5.69254e+21
8.90057e+20
1.20749e+20
1.41684e+19
1.43371e+18
1.24809e+17
9.33505e+15
6.07239e+14
4.27599e+13
1.15384e+13
1.00619e+13
1.00021e+13
1.00001e+13
1e+13
1e+13
1e+13
1e+13
1e+13
1e+13
1e+13
1e+13
1e+13
1e+13
1e+13
1e+13
1e+13
1e+13
1e+13
1e+13
1e+13
1e+13
1e+13
1e+13
1e+13
1e+13
1e+13
1e+13
1e+13
1e+13
1e+13
1e+13
1e+13
1e+13
1e+13
1e+13
1.09706e+27
2.79169e+27
2.99721e+27
2.46155e+27
1.72548e+27
1.0618e+27
5.7808e+26
2.7904e+26
1.19485e+26
4.53837e+25
1.52814e+25
4.55585e+24
1.2003e+24
2.78744e+23
5.68803e+22
1.01632e+22
1.58416e+21
2.14608e+20
2.51778e+19
2.54977e+18
2.22276e+17
1.6648e+16
1.07774e+15
6.86859e+13
1.27611e+13
1.01112e+13
1.00038e+13
1.00001e+13
1e+13
1e+13
1e+13
1e+13
1e+13
1e+13
1e+13
1e+13
1e+13
1e+13
1e+13
1e+13
1e+13
1e+13
1e+13
1e+13
1e+13
1e+13
1e+13
1e+13
1e+13
1e+13
1e+13
1e+13
1e+13
1e+13
1e+13
1e+13
1e+13
1e+13
1e+13
1e+13
3.02823e+27
6.28254e+27
6.24479e+27
4.91318e+27
3.3343e+27
1.99266e+27
1.05494e+27
4.95918e+26
2.07295e+26
7.7105e+25
2.55175e+25
7.50532e+24
1.95778e+24
4.51583e+23
9.17776e+22
1.63691e+22
2.55142e+21
3.46102e+20
4.06985e+19
4.13375e+18
3.61555e+17
2.7168e+16
1.75886e+15
1.06437e+14
1.4551e+13
1.01838e+13
1.00064e+13
1.00002e+13
1e+13
1e+13
1e+13
1e+13
1e+13
1e+13
1e+13
1e+13
1e+13
1e+13
1e+13
1e+13
1e+13
1e+13
1e+13
1e+13
1e+13
1e+13
1e+13
1e+13
1e+13
1e+13
1e+13
1e+13
1e+13
1e+13
1e+13
1e+13
1e+13
1e+13
1e+13
1e+13
7.36441e+27
1.24652e+28
1.15415e+28
8.72462e+27
5.73533e+27
3.3273e+27
1.71252e+27
7.84587e+26
3.20781e+26
1.17209e+26
3.82738e+25
1.11534e+25
2.89289e+24
6.65455e+23
1.35193e+23
2.41475e+22
3.77446e+21
5.13958e+20
6.07056e+19
6.19549e+18
5.44543e+17
4.11114e+16
2.66896e+15
1.57249e+14
1.69758e+13
1.02827e+13
1.00098e+13
1.00003e+13
1e+13
1e+13
1e+13
1e+13
1e+13
1e+13
1e+13
1e+13
1e+13
1e+13
1e+13
1e+13
1e+13
1e+13
1e+13
1e+13
1e+13
1e+13
1e+13
1e+13
1e+13
1e+13
1e+13
1e+13
1e+13
1e+13
1e+13
1e+13
1e+13
1e+13
1e+13
1e+13
1.57767e+28
2.19765e+28
1.90942e+28
1.39011e+28
8.84973e+27
4.98065e+27
2.49316e+27
1.11553e+27
4.47756e+26
1.61478e+26
5.22962e+25
1.51748e+25
3.93136e+24
9.05435e+23
1.84498e+23
3.30958e+22
5.20022e+21
7.12233e+20
8.46431e+19
8.69248e+18
7.68699e+17
5.83712e+16
3.80624e+15
2.21283e+14
2.00545e+13
1.04091e+13
1.00142e+13
1.00004e+13
1e+13
1e+13
1e+13
1e+13
1e+13
1e+13
1e+13
1e+13
1e+13
1e+13
1e+13
1e+13
1e+13
1e+13
1e+13
1e+13
1e+13
1e+13
1e+13
1e+13
1e+13
1e+13
1e+13
1e+13
1e+13
1e+13
1e+13
1e+13
1e+13
1e+13
1e+13
1e+13
2.97694e+28
3.46971e+28
2.85018e+28
2.00047e+28
1.23196e+28
6.7245e+27
3.28058e+27
1.43997e+27
5.70816e+26
2.04479e+26
6.60674e+25
1.91857e+25
4.98537e+24
1.15343e+24
2.36375e+23
4.26791e+22
6.75353e+21
9.31803e+20
1.11562e+20
1.15408e+19
1.02776e+18
7.85553e+16
5.15031e+15
2.97668e+14
2.37568e+13
1.05622e+13
1.00196e+13
1.00006e+13
1e+13
1e+13
1e+13
1e+13
1e+13
1e+13
1e+13
1e+13
1e+13
1e+13
1e+13
1e+13
1e+13
1e+13
1e+13
1e+13
1e+13
1e+13
1e+13
1e+13
1e+13
1e+13
1e+13
1e+13
1e+13
1e+13
1e+13
1e+13
1e+13
1e+13
1e+13
1e+13
4.94942e+28
4.94196e+28
3.86088e+28
2.60946e+28
1.55227e+28
8.23289e+27
3.93671e+27
1.70861e+27
6.74405e+26
2.41677e+26
7.83373e+25
2.28618e+25
5.97706e+24
1.39258e+24
2.87582e+23
5.23495e+22
8.35371e+21
1.16238e+21
1.40332e+20
1.4634e+19
1.31314e+18
1.01076e+17
6.66691e+15
3.84709e+14
2.80119e+13
1.07394e+13
1.00259e+13
1.00008e+13
1e+13
1e+13
1e+13
1e+13
1e+13
1e+13
1e+13
1e+13
1e+13
1e+13
1e+13
1e+13
1e+13
1e+13
1e+13
1e+13
1e+13
1e+13
1e+13
1e+13
1e+13
1e+13
1e+13
1e+13
1e+13
1e+13
1e+13
1e+13
1e+13
1e+13
1e+13
1e+13
7.27388e+28
6.38257e+28
4.75055e+28
3.08103e+28
1.77265e+28
9.20771e+27
4.36485e+27
1.89411e+27
7.50871e+26
2.70767e+26
8.83868e+25
2.59904e+25
6.85022e+24
1.60983e+24
3.35467e+23
6.16366e+22
9.92811e+21
1.39423e+21
1.69828e+20
1.78603e+19
1.61536e+18
1.25246e+17
8.31374e+15
4.80186e+14
3.27203e+13
1.0937e+13
1.0033e+13
1.0001e+13
1e+13
1e+13
1e+13
1e+13
1e+13
1e+13
1e+13
1e+13
1e+13
1e+13
1e+13
1e+13
1e+13
1e+13
1e+13
1e+13
1e+13
1e+13
1e+13
1e+13
1e+13
1e+13
1e+13
1e+13
1e+13
1e+13
1e+13
1e+13
1e+13
1e+13
1e+13
1e+13
8.39909e+28
7.47061e+28
5.25893e+28
3.27224e+28
1.8453e+28
9.56535e+27
4.56876e+27
2.00321e+27
8.02078e+26
2.91875e+26
9.61174e+25
2.85199e+25
7.5888e+24
1.80128e+24
3.79226e+23
7.03975e+22
1.14548e+22
1.6245e+21
1.99737e+20
2.11912e+19
1.93232e+18
1.50942e+17
1.00853e+16
5.83949e+14
3.78823e+13
1.11552e+13
1.00409e+13
1.00012e+13
1e+13
1e+13
1e+13
1e+13
1e+13
1e+13
1e+13
1e+13
1e+13
1e+13
1e+13
1e+13
1e+13
1e+13
1e+13
1e+13
1e+13
1e+13
1e+13
1e+13
1e+13
1e+13
1e+13
1e+13
1e+13
1e+13
1e+13
1e+13
1e+13
1e+13
1e+13
1e+13
8.3096e+28
7.19671e+28
4.94354e+28
3.09757e+28
1.7871e+28
9.49122e+27
4.62019e+27
2.05307e+27
8.30497e+26
3.05075e+26
1.01459e+26
3.0426e+25
8.18717e+24
1.96576e+24
4.18642e+23
7.85974e+22
1.29297e+22
1.85293e+21
2.30081e+20
2.46363e+19
2.26562e+18
1.7835e+17
1.19983e+16
6.97181e+14
4.35664e+13
1.13973e+13
1.00496e+13
1.00015e+13
1e+13
1e+13
1e+13
1e+13
1e+13
1e+13
1e+13
1e+13
1e+13
1e+13
1e+13
1e+13
1e+13
1e+13
1e+13
1e+13
1e+13
1e+13
1e+13
1e+13
1e+13
1e+13
1e+13
1e+13
1e+13
1e+13
1e+13
1e+13
1e+13
1e+13
1e+13
1e+13
7.93281e+28
6.77422e+28
4.68613e+28
2.98803e+28
1.74896e+28
9.36654e+27
4.58346e+27
2.04851e+27
8.35358e+26
3.10066e+26
1.04358e+26
3.16944e+25
8.63863e+24
2.10064e+24
4.52943e+23
8.60625e+22
1.43214e+22
2.07489e+21
2.60299e+20
2.81387e+19
2.61046e+18
2.07136e+17
1.40333e+16
8.18957e+14
4.97365e+13
1.16622e+13
1.00593e+13
1.00018e+13
1e+13
1e+13
1e+13
1e+13
1e+13
1e+13
1e+13
1e+13
1e+13
1e+13
1e+13
1e+13
1e+13
1e+13
1e+13
1e+13
1e+13
1e+13
1e+13
1e+13
1e+13
1e+13
1e+13
1e+13
1e+13
1e+13
1e+13
1e+13
1e+13
1e+13
1e+13
1e+13
7.67709e+28
6.45586e+28
4.41551e+28
2.80274e+28
1.64045e+28
8.82877e+27
4.36282e+27
1.97588e+27
8.17762e+26
3.08111e+26
1.05211e+26
3.23999e+25
8.95006e+24
2.20494e+24
4.81509e+23
9.26233e+22
1.55964e+22
2.28508e+21
2.89696e+20
3.16229e+19
2.95997e+18
2.36772e+17
1.61563e+16
9.47429e+14
5.6308e+13
1.19466e+13
1.00697e+13
1.00021e+13
1.00001e+13
1e+13
1e+13
1e+13
1e+13
1e+13
1e+13
1e+13
1e+13
1e+13
1e+13
1e+13
1e+13
1e+13
1e+13
1e+13
1e+13
1e+13
1e+13
1e+13
1e+13
1e+13
1e+13
1e+13
1e+13
1e+13
1e+13
1e+13
1e+13
1e+13
1e+13
1e+13
7.47121e+28
6.17932e+28
4.15526e+28
2.61914e+28
1.53474e+28
8.31548e+27
4.14907e+27
1.89941e+27
7.94878e+26
3.02912e+26
1.04664e+26
3.2631e+25
9.12938e+24
2.27836e+24
5.03977e+23
9.81691e+22
1.67305e+22
2.47934e+21
3.17685e+20
3.50204e+19
3.30748e+18
2.6672e+17
1.83308e+16
1.08052e+15
6.31809e+13
1.22465e+13
1.00808e+13
1.00025e+13
1.00001e+13
1e+13
1e+13
1e+13
1e+13
1e+13
1e+13
1e+13
1e+13
1e+13
1e+13
1e+13
1e+13
1e+13
1e+13
1e+13
1e+13
1e+13
1e+13
1e+13
1e+13
1e+13
1e+13
1e+13
1e+13
1e+13
1e+13
1e+13
1e+13
1e+13
1e+13
1e+13
7.31113e+28
5.954e+28
3.93098e+28
2.45219e+28
1.43167e+28
7.7674e+27
3.89476e+27
1.79675e+27
7.59382e+26
2.92751e+26
1.02448e+26
3.23698e+25
9.18026e+24
2.32222e+24
5.20505e+23
1.02686e+23
1.77134e+22
2.65506e+21
3.43824e+20
3.8273e+19
3.64691e+18
2.96453e+17
2.05193e+16
1.216e+15
7.02443e+13
1.25572e+13
1.00923e+13
1.00028e+13
1.00001e+13
1e+13
1e+13
1e+13
1e+13
1e+13
1e+13
1e+13
1e+13
1e+13
1e+13
1e+13
1e+13
1e+13
1e+13
1e+13
1e+13
1e+13
1e+13
1e+13
1e+13
1e+13
1e+13
1e+13
1e+13
1e+13
1e+13
1e+13
1e+13
1e+13
1e+13
1e+13
7.17719e+28
5.76429e+28
3.73709e+28
2.30306e+28
1.33634e+28
7.24348e+27
3.64427e+27
1.69239e+27
7.21761e+26
2.81227e+26
9.95731e+25
3.1852e+25
9.14854e+24
2.34388e+24
5.32024e+23
1.06254e+23
1.85457e+22
2.81086e+21
3.67788e+20
4.13329e+19
3.9728e+18
3.25479e+17
2.2685e+16
1.35159e+15
7.73807e+13
1.28735e+13
1.01042e+13
1.00032e+13
1.00001e+13
1e+13
1e+13
1e+13
1e+13
1e+13
1e+13
1e+13
1e+13
1e+13
1e+13
1e+13
1e+13
1e+13
1e+13
1e+13
1e+13
1e+13
1e+13
1e+13
1e+13
1e+13
1e+13
1e+13
1e+13
1e+13
1e+13
1e+13
1e+13
1e+13
1e+13
1e+13
7.06327e+28
5.60366e+28
3.57157e+28
2.17355e+28
1.25166e+28
6.76529e+27
3.40799e+27
1.58995e+27
6.82961e+26
2.68551e+26
9.60939e+25
3.10952e+25
9.03986e+24
2.34476e+24
5.38792e+23
1.08901e+23
1.92268e+22
2.94579e+21
3.89344e+20
4.41621e+19
4.28058e+18
3.53355e+17
2.47935e+16
1.48508e+15
8.44719e+13
1.31903e+13
1.01161e+13
1.00036e+13
1.00001e+13
1e+13
1e+13
1e+13
1e+13
1e+13
1e+13
1e+13
1e+13
1e+13
1e+13
1e+13
1e+13
1e+13
1e+13
1e+13
1e+13
1e+13
1e+13
1e+13
1e+13
1e+13
1e+13
1e+13
1e+13
1e+13
1e+13
1e+13
1e+13
1e+13
1e+13
1e+13
6.96894e+28
5.46946e+28
3.43212e+28
2.06309e+28
1.17819e+28
6.34136e+27
3.19321e+27
1.49413e+27
6.45453e+26
2.55794e+26
9.23957e+25
3.02153e+25
8.88325e+24
2.33093e+24
5.41853e+23
1.10769e+23
1.97712e+22
3.0606e+21
4.08424e+20
4.67373e+19
4.56668e+18
3.79699e+17
2.68127e+16
1.61432e+15
9.13984e+13
1.35021e+13
1.01279e+13
1.0004e+13
1.00001e+13
1e+13
1e+13
1e+13
1e+13
1e+13
1e+13
1e+13
1e+13
1e+13
1e+13
1e+13
1e+13
1e+13
1e+13
1e+13
1e+13
1e+13
1e+13
1e+13
1e+13
1e+13
1e+13
1e+13
1e+13
1e+13
1e+13
1e+13
1e+13
1e+13
1e+13
1e+13
6.88929e+28
5.35613e+28
3.31433e+28
1.96925e+28
1.11509e+28
5.97175e+27
3.00238e+27
1.40707e+27
6.10454e+26
2.43502e+26
8.86808e+25
2.92758e+25
8.69585e+24
2.3063e+24
5.41952e+23
1.11975e+23
2.01925e+22
3.15636e+21
4.25036e+20
4.90449e+19
4.82853e+18
4.04205e+17
2.87154e+16
1.73738e+15
9.80504e+13
1.38036e+13
1.01394e+13
1.00043e+13
1.00001e+13
1e+13
1e+13
1e+13
1e+13
1e+13
1e+13
1e+13
1e+13
1e+13
1e+13
1e+13
1e+13
1e+13
1e+13
1e+13
1e+13
1e+13
1e+13
1e+13
1e+13
1e+13
1e+13
1e+13
1e+13
1e+13
1e+13
1e+13
1e+13
1e+13
1e+13
1e+13
6.82195e+28
5.26038e+28
3.21507e+28
1.89002e+28
1.06147e+28
5.65431e+27
2.83613e+27
1.32986e+27
5.78755e+26
2.32082e+26
8.51184e+25
2.8335e+25
8.49438e+24
2.2749e+24
5.39898e+23
1.12651e+23
2.05083e+22
3.23474e+21
4.39269e+20
5.10808e+19
5.0644e+18
4.26629e+17
3.04781e+16
1.85251e+15
1.04325e+14
1.40898e+13
1.01504e+13
1.00047e+13
1.00001e+13
1e+13
1e+13
1e+13
1e+13
1e+13
1e+13
1e+13
1e+13
1e+13
1e+13
1e+13
1e+13
1e+13
1e+13
1e+13
1e+13
1e+13
1e+13
1e+13
1e+13
1e+13
1e+13
1e+13
1e+13
1e+13
1e+13
1e+13
1e+13
1e+13
1e+13
1e+13
6.76518e+28
5.17975e+28
3.13182e+28
1.82358e+28
1.01634e+28
5.38513e+27
2.69364e+27
1.26276e+27
5.50734e+26
2.21778e+26
8.18222e+25
2.74353e+25
8.29192e+24
2.24008e+24
5.36408e+23
1.12923e+23
2.07363e+22
3.29768e+21
4.51267e+20
5.28479e+19
5.2733e+18
4.4679e+17
3.20814e+16
1.9582e+15
1.10128e+14
1.43562e+13
1.01607e+13
1.0005e+13
1.00001e+13
1e+13
1e+13
1e+13
1e+13
1e+13
1e+13
1e+13
1e+13
1e+13
1e+13
1e+13
1e+13
1e+13
1e+13
1e+13
1e+13
1e+13
1e+13
1e+13
1e+13
1e+13
1e+13
1e+13
1e+13
1e+13
1e+13
1e+13
1e+13
1e+13
1e+13
1e+13
6.71768e+28
5.11236e+28
3.06253e+28
1.76836e+28
9.78766e+27
5.15994e+27
2.57347e+27
1.20556e+27
5.26517e+26
2.12725e+26
7.88668e+25
2.66075e+25
8.09871e+24
2.20465e+24
5.3211e+23
1.12908e+23
2.08939e+22
3.34724e+21
4.61207e+20
5.43546e+19
5.45488e+18
4.64561e+17
3.35099e+16
2.05319e+15
1.15378e+14
1.45986e+13
1.01701e+13
1.00053e+13
1.00001e+13
1e+13
1e+13
1e+13
1e+13
1e+13
1e+13
1e+13
1e+13
1e+13
1e+13
1e+13
1e+13
1e+13
1e+13
1e+13
1e+13
1e+13
1e+13
1e+13
1e+13
1e+13
1e+13
1e+13
1e+13
1e+13
1e+13
1e+13
1e+13
1e+13
1e+13
1e+13
6.67839e+28
5.05676e+28
3.00564e+28
1.72313e+28
9.47968e+27
4.97475e+27
2.47406e+27
1.15784e+27
5.06095e+26
2.04988e+26
7.62998e+25
2.58736e+25
7.92259e+24
2.17085e+24
5.27538e+23
1.12708e+23
2.09973e+22
3.38543e+21
4.69275e+20
5.56119e+19
5.60913e+18
4.79853e+17
3.47511e+16
2.13635e+15
1.20004e+14
1.48132e+13
1.01784e+13
1.00056e+13
1.00002e+13
1e+13
1e+13
1e+13
1e+13
1e+13
1e+13
1e+13
1e+13
1e+13
1e+13
1e+13
1e+13
1e+13
1e+13
1e+13
1e+13
1e+13
1e+13
1e+13
1e+13
1e+13
1e+13
1e+13
1e+13
1e+13
1e+13
1e+13
1e+13
1e+13
1e+13
1e+13
6.64685e+28
5.01202e+28
2.95995e+28
1.68686e+28
9.23273e+27
4.82592e+27
2.39382e+27
1.11907e+27
4.89363e+26
1.98581e+26
7.41464e+25
2.52481e+25
7.76921e+24
2.14044e+24
5.23124e+23
1.12412e+23
2.1061e+22
3.41412e+21
4.75662e+20
5.66331e+19
5.73645e+18
4.9262e+17
3.57963e+16
2.20684e+15
1.23945e+14
1.49968e+13
1.01856e+13
1.00058e+13
1.00002e+13
1e+13
1e+13
1e+13
1e+13
1e+13
1e+13
1e+13
1e+13
1e+13
1e+13
1e+13
1e+13
1e+13
1e+13
1e+13
1e+13
1e+13
1e+13
1e+13
1e+13
1e+13
1e+13
1e+13
1e+13
1e+13
1e+13
1e+13
1e+13
1e+13
1e+13
1e+13
6.62202e+28
4.97699e+28
2.92439e+28
1.65871e+28
9.04119e+27
4.71037e+27
2.33134e+27
1.08874e+27
4.76187e+26
1.93495e+26
7.24196e+25
2.47401e+25
7.64263e+24
2.11472e+24
5.19212e+23
1.12091e+23
2.1097e+22
3.43499e+21
4.8054e+20
5.74312e+19
5.83737e+18
5.02837e+17
3.66388e+16
2.26398e+15
1.27154e+14
1.51469e+13
1.01914e+13
1.0006e+13
1.00002e+13
1e+13
1e+13
1e+13
1e+13
1e+13
1e+13
1e+13
1e+13
1e+13
1e+13
1e+13
1e+13
1e+13
1e+13
1e+13
1e+13
1e+13
1e+13
1e+13
1e+13
1e+13
1e+13
1e+13
1e+13
1e+13
1e+13
1e+13
1e+13
1e+13
1e+13
1e+13
6.60386e+28
4.95129e+28
2.89833e+28
1.6381e+28
8.90107e+27
4.62576e+27
2.28549e+27
1.06641e+27
4.66439e+26
1.89708e+26
7.11244e+25
2.43556e+25
7.54564e+24
2.09467e+24
5.16063e+23
1.11802e+23
2.11155e+22
3.44939e+21
4.84059e+20
5.80182e+19
5.91244e+18
5.10497e+17
3.72742e+16
2.30727e+15
1.29594e+14
1.52613e+13
1.01959e+13
1.00062e+13
1.00002e+13
1e+13
1e+13
1e+13
1e+13
1e+13
1e+13
1e+13
1e+13
1e+13
1e+13
1e+13
1e+13
1e+13
1e+13
1e+13
1e+13
1e+13
1e+13
1e+13
1e+13
1e+13
1e+13
1e+13
1e+13
1e+13
1e+13
1e+13
1e+13
1e+13
1e+13
1e+13
6.59186e+28
4.93436e+28
2.88121e+28
1.6246e+28
8.80927e+27
4.57032e+27
2.25541e+27
1.05172e+27
4.60007e+26
1.872e+26
7.02617e+25
2.40978e+25
7.48008e+24
2.08095e+24
5.13864e+23
1.11587e+23
2.11236e+22
3.4584e+21
4.86338e+20
5.84037e+19
5.96217e+18
5.15601e+17
3.76992e+16
2.33632e+15
1.31235e+14
1.53384e+13
1.01989e+13
1.00063e+13
1.00002e+13
1e+13
1e+13
1e+13
1e+13
1e+13
1e+13
1e+13
1e+13
1e+13
1e+13
1e+13
1e+13
1e+13
1e+13
1e+13
1e+13
1e+13
1e+13
1e+13
1e+13
1e+13
1e+13
1e+13
1e+13
1e+13
1e+13
1e+13
1e+13
1e+13
1e+13
1e+13
6.58591e+28
4.92597e+28
2.87274e+28
1.61791e+28
8.76385e+27
4.54288e+27
2.24051e+27
1.04443e+27
4.5681e+26
1.8595e+26
6.98306e+25
2.39685e+25
7.44703e+24
2.07399e+24
5.12735e+23
1.11473e+23
2.11264e+22
3.46273e+21
4.87457e+20
5.85948e+19
5.98694e+18
5.18152e+17
3.79122e+16
2.3509e+15
1.3206e+14
1.53772e+13
1.02005e+13
1.00063e+13
1.00002e+13
1e+13
1e+13
1e+13
1e+13
1e+13
1e+13
1e+13
1e+13
1e+13
1e+13
1e+13
1e+13
1e+13
1e+13
1e+13
1e+13
1e+13
1e+13
1e+13
1e+13
1e+13
1e+13
1e+13
1e+13
1e+13
1e+13
1e+13
1e+13
1e+13
1e+13
1e+13
6.58592e+28
4.92597e+28
2.87274e+28
1.61791e+28
8.76385e+27
4.54288e+27
2.24051e+27
1.04443e+27
4.5681e+26
1.8595e+26
6.98306e+25
2.39685e+25
7.44703e+24
2.07399e+24
5.12735e+23
1.11473e+23
2.11265e+22
3.46273e+21
4.87457e+20
5.85948e+19
5.98694e+18
5.18152e+17
3.79122e+16
2.3509e+15
1.3206e+14
1.53772e+13
1.02005e+13
1.00063e+13
1.00002e+13
1e+13
1e+13
1e+13
1e+13
1e+13
1e+13
1e+13
1e+13
1e+13
1e+13
1e+13
1e+13
1e+13
1e+13
1e+13
1e+13
1e+13
1e+13
1e+13
1e+13
1e+13
1e+13
1e+13
1e+13
1e+13
1e+13
1e+13
1e+13
1e+13
1e+13
1e+13
6.59187e+28
4.93437e+28
2.88121e+28
1.6246e+28
8.80927e+27
4.57031e+27
2.25541e+27
1.05172e+27
4.60006e+26
1.87199e+26
7.02616e+25
2.40978e+25
7.48007e+24
2.08095e+24
5.13864e+23
1.11587e+23
2.11236e+22
3.4584e+21
4.86339e+20
5.84038e+19
5.96218e+18
5.15602e+17
3.76992e+16
2.33632e+15
1.31234e+14
1.53383e+13
1.01989e+13
1.00063e+13
1.00002e+13
1e+13
1e+13
1e+13
1e+13
1e+13
1e+13
1e+13
1e+13
1e+13
1e+13
1e+13
1e+13
1e+13
1e+13
1e+13
1e+13
1e+13
1e+13
1e+13
1e+13
1e+13
1e+13
1e+13
1e+13
1e+13
1e+13
1e+13
1e+13
1e+13
1e+13
1e+13
6.60383e+28
4.95127e+28
2.89832e+28
1.6381e+28
8.90104e+27
4.62575e+27
2.28549e+27
1.0664e+27
4.66438e+26
1.89708e+26
7.11243e+25
2.43556e+25
7.54563e+24
2.09466e+24
5.16063e+23
1.11802e+23
2.11155e+22
3.4494e+21
4.8406e+20
5.80183e+19
5.91245e+18
5.10499e+17
3.72741e+16
2.30726e+15
1.29592e+14
1.52612e+13
1.01959e+13
1.00062e+13
1.00002e+13
1e+13
1e+13
1e+13
1e+13
1e+13
1e+13
1e+13
1e+13
1e+13
1e+13
1e+13
1e+13
1e+13
1e+13
1e+13
1e+13
1e+13
1e+13
1e+13
1e+13
1e+13
1e+13
1e+13
1e+13
1e+13
1e+13
1e+13
1e+13
1e+13
1e+13
1e+13
6.62205e+28
4.977e+28
2.92439e+28
1.65871e+28
9.0412e+27
4.71037e+27
2.33134e+27
1.08874e+27
4.76187e+26
1.93495e+26
7.24196e+25
2.47401e+25
7.64263e+24
2.11472e+24
5.19212e+23
1.12091e+23
2.10971e+22
3.43499e+21
4.80541e+20
5.74313e+19
5.83737e+18
5.02837e+17
3.66386e+16
2.26397e+15
1.27151e+14
1.51467e+13
1.01914e+13
1.0006e+13
1.00002e+13
1e+13
1e+13
1e+13
1e+13
1e+13
1e+13
1e+13
1e+13
1e+13
1e+13
1e+13
1e+13
1e+13
1e+13
1e+13
1e+13
1e+13
1e+13
1e+13
1e+13
1e+13
1e+13
1e+13
1e+13
1e+13
1e+13
1e+13
1e+13
1e+13
1e+13
1e+13
6.64686e+28
5.01202e+28
2.95996e+28
1.68686e+28
9.23276e+27
4.82594e+27
2.39383e+27
1.11907e+27
4.89364e+26
1.98582e+26
7.41465e+25
2.52481e+25
7.76922e+24
2.14044e+24
5.23125e+23
1.12412e+23
2.1061e+22
3.41413e+21
4.75662e+20
5.66331e+19
5.73644e+18
4.92618e+17
3.57958e+16
2.2068e+15
1.23941e+14
1.49966e+13
1.01855e+13
1.00058e+13
1.00002e+13
1e+13
1e+13
1e+13
1e+13
1e+13
1e+13
1e+13
1e+13
1e+13
1e+13
1e+13
1e+13
1e+13
1e+13
1e+13
1e+13
1e+13
1e+13
1e+13
1e+13
1e+13
1e+13
1e+13
1e+13
1e+13
1e+13
1e+13
1e+13
1e+13
1e+13
1e+13
6.67851e+28
5.05684e+28
3.00568e+28
1.72315e+28
9.47977e+27
4.97479e+27
2.47408e+27
1.15785e+27
5.06098e+26
2.04989e+26
7.63001e+25
2.58737e+25
7.92262e+24
2.17086e+24
5.2754e+23
1.12708e+23
2.09974e+22
3.38543e+21
4.69275e+20
5.56118e+19
5.60909e+18
4.79847e+17
3.47502e+16
2.13628e+15
1.19997e+14
1.48129e+13
1.01784e+13
1.00056e+13
1.00002e+13
1e+13
1e+13
1e+13
1e+13
1e+13
1e+13
1e+13
1e+13
1e+13
1e+13
1e+13
1e+13
1e+13
1e+13
1e+13
1e+13
1e+13
1e+13
1e+13
1e+13
1e+13
1e+13
1e+13
1e+13
1e+13
1e+13
1e+13
1e+13
1e+13
1e+13
1e+13
6.71757e+28
5.1123e+28
3.0625e+28
1.76835e+28
9.78763e+27
5.15993e+27
2.57347e+27
1.20556e+27
5.26518e+26
2.12725e+26
7.8867e+25
2.66076e+25
8.09874e+24
2.20466e+24
5.32112e+23
1.12908e+23
2.08939e+22
3.34724e+21
4.61206e+20
5.43543e+19
5.45479e+18
4.64551e+17
3.35086e+16
2.05309e+15
1.1537e+14
1.45982e+13
1.017e+13
1.00053e+13
1.00001e+13
1e+13
1e+13
1e+13
1e+13
1e+13
1e+13
1e+13
1e+13
1e+13
1e+13
1e+13
1e+13
1e+13
1e+13
1e+13
1e+13
1e+13
1e+13
1e+13
1e+13
1e+13
1e+13
1e+13
1e+13
1e+13
1e+13
1e+13
1e+13
1e+13
1e+13
1e+13
6.76543e+28
5.17992e+28
3.1319e+28
1.82361e+28
1.01636e+28
5.38521e+27
2.69367e+27
1.26278e+27
5.50739e+26
2.2178e+26
8.18227e+25
2.74354e+25
8.29197e+24
2.24009e+24
5.3641e+23
1.12923e+23
2.07363e+22
3.29767e+21
4.51264e+20
5.28472e+19
5.27317e+18
4.46775e+17
3.20795e+16
1.95808e+15
1.10118e+14
1.43558e+13
1.01607e+13
1.0005e+13
1.00001e+13
1e+13
1e+13
1e+13
1e+13
1e+13
1e+13
1e+13
1e+13
1e+13
1e+13
1e+13
1e+13
1e+13
1e+13
1e+13
1e+13
1e+13
1e+13
1e+13
1e+13
1e+13
1e+13
1e+13
1e+13
1e+13
1e+13
1e+13
1e+13
1e+13
1e+13
1e+13
6.82171e+28
5.26021e+28
3.21499e+28
1.88998e+28
1.06145e+28
5.65424e+27
2.83611e+27
1.32986e+27
5.78755e+26
2.32083e+26
8.51187e+25
2.83351e+25
8.49442e+24
2.27491e+24
5.39899e+23
1.12651e+23
2.05083e+22
3.23471e+21
4.39263e+20
5.10796e+19
5.06421e+18
4.26608e+17
3.04758e+16
1.85236e+15
1.04314e+14
1.40894e+13
1.01504e+13
1.00047e+13
1.00001e+13
1e+13
1e+13
1e+13
1e+13
1e+13
1e+13
1e+13
1e+13
1e+13
1e+13
1e+13
1e+13
1e+13
1e+13
1e+13
1e+13
1e+13
1e+13
1e+13
1e+13
1e+13
1e+13
1e+13
1e+13
1e+13
1e+13
1e+13
1e+13
1e+13
1e+13
1e+13
6.88931e+28
5.35614e+28
3.31433e+28
1.96924e+28
1.11509e+28
5.9717e+27
3.00235e+27
1.40705e+27
6.10446e+26
2.43499e+26
8.86801e+25
2.92757e+25
8.69582e+24
2.30629e+24
5.4195e+23
1.11974e+23
2.01924e+22
3.15631e+21
4.25026e+20
4.90432e+19
4.82828e+18
4.04179e+17
2.87129e+16
1.73722e+15
9.80407e+13
1.38033e+13
1.01394e+13
1.00043e+13
1.00001e+13
1e+13
1e+13
1e+13
1e+13
1e+13
1e+13
1e+13
1e+13
1e+13
1e+13
1e+13
1e+13
1e+13
1e+13
1e+13
1e+13
1e+13
1e+13
1e+13
1e+13
1e+13
1e+13
1e+13
1e+13
1e+13
1e+13
1e+13
1e+13
1e+13
1e+13
1e+13
6.96969e+28
5.47e+28
3.43242e+28
2.06325e+28
1.17827e+28
6.34174e+27
3.19336e+27
1.49419e+27
6.45466e+26
2.55797e+26
9.23958e+25
3.02151e+25
8.88318e+24
2.33091e+24
5.41847e+23
1.10768e+23
1.97708e+22
3.06052e+21
4.08409e+20
4.6735e+19
4.56638e+18
3.7967e+17
2.68101e+16
1.61418e+15
9.13906e+13
1.35019e+13
1.01279e+13
1.0004e+13
1.00001e+13
1e+13
1e+13
1e+13
1e+13
1e+13
1e+13
1e+13
1e+13
1e+13
1e+13
1e+13
1e+13
1e+13
1e+13
1e+13
1e+13
1e+13
1e+13
1e+13
1e+13
1e+13
1e+13
1e+13
1e+13
1e+13
1e+13
1e+13
1e+13
1e+13
1e+13
1e+13
7.06249e+28
5.60309e+28
3.57128e+28
2.17344e+28
1.25164e+28
6.76534e+27
3.40811e+27
1.59004e+27
6.83006e+26
2.68568e+26
9.60996e+25
3.10967e+25
9.04016e+24
2.34481e+24
5.38797e+23
1.089e+23
1.92265e+22
2.9457e+21
3.89327e+20
4.41595e+19
4.28026e+18
3.53326e+17
2.47912e+16
1.48498e+15
8.44676e+13
1.31904e+13
1.01161e+13
1.00036e+13
1.00001e+13
1e+13
1e+13
1e+13
1e+13
1e+13
1e+13
1e+13
1e+13
1e+13
1e+13
1e+13
1e+13
1e+13
1e+13
1e+13
1e+13
1e+13
1e+13
1e+13
1e+13
1e+13
1e+13
1e+13
1e+13
1e+13
1e+13
1e+13
1e+13
1e+13
1e+13
1e+13
7.17541e+28
5.76291e+28
3.73623e+28
2.30253e+28
1.33604e+28
7.242e+27
3.6436e+27
1.69213e+27
7.21673e+26
2.81202e+26
9.95673e+25
3.18509e+25
9.14837e+24
2.34386e+24
5.32019e+23
1.06253e+23
1.85452e+22
2.81075e+21
3.67769e+20
4.13301e+19
3.97249e+18
3.25453e+17
2.26833e+16
1.35155e+15
7.73815e+13
1.28739e+13
1.01042e+13
1.00032e+13
1.00001e+13
1e+13
1e+13
1e+13
1e+13
1e+13
1e+13
1e+13
1e+13
1e+13
1e+13
1e+13
1e+13
1e+13
1e+13
1e+13
1e+13
1e+13
1e+13
1e+13
1e+13
1e+13
1e+13
1e+13
1e+13
1e+13
1e+13
1e+13
1e+13
1e+13
1e+13
1e+13
7.31273e+28
5.95516e+28
3.93157e+28
2.45247e+28
1.43181e+28
7.76808e+27
3.89511e+27
1.7969e+27
7.59437e+26
2.92767e+26
1.02451e+26
3.23704e+25
9.18032e+24
2.32222e+24
5.205e+23
1.02684e+23
1.77128e+22
2.65494e+21
3.43804e+20
3.82704e+19
3.64664e+18
2.96436e+17
2.05186e+16
1.21605e+15
7.02513e+13
1.25579e+13
1.00924e+13
1.00028e+13
1.00001e+13
1e+13
1e+13
1e+13
1e+13
1e+13
1e+13
1e+13
1e+13
1e+13
1e+13
1e+13
1e+13
1e+13
1e+13
1e+13
1e+13
1e+13
1e+13
1e+13
1e+13
1e+13
1e+13
1e+13
1e+13
1e+13
1e+13
1e+13
1e+13
1e+13
1e+13
1e+13
7.47141e+28
6.17943e+28
4.15499e+28
2.61862e+28
1.53423e+28
8.31205e+27
4.14737e+27
1.89876e+27
7.94683e+26
3.02865e+26
1.04655e+26
3.26295e+25
9.12914e+24
2.27831e+24
5.03966e+23
9.81662e+22
1.67298e+22
2.47921e+21
3.17666e+20
3.50181e+19
3.3073e+18
2.66715e+17
1.83314e+16
1.08067e+15
6.31948e+13
1.22476e+13
1.00808e+13
1.00025e+13
1.00001e+13
1e+13
1e+13
1e+13
1e+13
1e+13
1e+13
1e+13
1e+13
1e+13
1e+13
1e+13
1e+13
1e+13
1e+13
1e+13
1e+13
1e+13
1e+13
1e+13
1e+13
1e+13
1e+13
1e+13
1e+13
1e+13
1e+13
1e+13
1e+13
1e+13
1e+13
1e+13
7.68641e+28
6.46379e+28
4.42115e+28
2.80616e+28
1.6421e+28
8.83464e+27
4.3642e+27
1.97598e+27
8.17675e+26
3.08061e+26
1.05194e+26
3.23957e+25
8.94918e+24
2.20477e+24
4.81479e+23
9.26178e+22
1.55954e+22
2.28494e+21
2.89678e+20
3.16213e+19
2.95991e+18
2.36783e+17
1.61585e+16
9.47698e+14
5.6329e+13
1.1948e+13
1.00698e+13
1.00021e+13
1.00001e+13
1e+13
1e+13
1e+13
1e+13
1e+13
1e+13
1e+13
1e+13
1e+13
1e+13
1e+13
1e+13
1e+13
1e+13
1e+13
1e+13
1e+13
1e+13
1e+13
1e+13
1e+13
1e+13
1e+13
1e+13
1e+13
1e+13
1e+13
1e+13
1e+13
1e+13
1e+13
7.92508e+28
6.76825e+28
4.68363e+28
2.98784e+28
1.74958e+28
9.37179e+27
4.58597e+27
2.04931e+27
8.35523e+26
3.10078e+26
1.04351e+26
3.16909e+25
8.63759e+24
2.1004e+24
4.52896e+23
8.60542e+22
1.43201e+22
2.07473e+21
2.60283e+20
2.8138e+19
2.61056e+18
2.07165e+17
1.40371e+16
8.19342e+14
4.97643e+13
1.16639e+13
1.00594e+13
1.00018e+13
1e+13
1e+13
1e+13
1e+13
1e+13
1e+13
1e+13
1e+13
1e+13
1e+13
1e+13
1e+13
1e+13
1e+13
1e+13
1e+13
1e+13
1e+13
1e+13
1e+13
1e+13
1e+13
1e+13
1e+13
1e+13
1e+13
1e+13
1e+13
1e+13
1e+13
1e+13
1e+13
8.30892e+28
7.19533e+28
4.94172e+28
3.09649e+28
1.78688e+28
9.4928e+27
4.62189e+27
2.05394e+27
8.30792e+26
3.05145e+26
1.01469e+26
3.04259e+25
8.18662e+24
1.96556e+24
4.18594e+23
7.85884e+22
1.29284e+22
1.85277e+21
2.30071e+20
2.46368e+19
2.26588e+18
1.78398e+17
1.20037e+16
6.97673e+14
4.36001e+13
1.13992e+13
1.00497e+13
1.00015e+13
1e+13
1e+13
1e+13
1e+13
1e+13
1e+13
1e+13
1e+13
1e+13
1e+13
1e+13
1e+13
1e+13
1e+13
1e+13
1e+13
1e+13
1e+13
1e+13
1e+13
1e+13
1e+13
1e+13
1e+13
1e+13
1e+13
1e+13
1e+13
1e+13
1e+13
1e+13
1e+13
8.39902e+28
7.4704e+28
5.2581e+28
3.27136e+28
1.84484e+28
9.56454e+27
4.56934e+27
2.00378e+27
8.02353e+26
2.91965e+26
9.61384e+25
2.85232e+25
7.58899e+24
1.8012e+24
3.79196e+23
7.03908e+22
1.14538e+22
1.6244e+21
1.99737e+20
2.11932e+19
1.93278e+18
1.51008e+17
1.00923e+16
5.84534e+14
3.79206e+13
1.11573e+13
1.00409e+13
1.00012e+13
1e+13
1e+13
1e+13
1e+13
1e+13
1e+13
1e+13
1e+13
1e+13
1e+13
1e+13
1e+13
1e+13
1e+13
1e+13
1e+13
1e+13
1e+13
1e+13
1e+13
1e+13
1e+13
1e+13
1e+13
1e+13
1e+13
1e+13
1e+13
1e+13
1e+13
1e+13
1e+13
7.27382e+28
6.38253e+28
4.75017e+28
3.08046e+28
1.77223e+28
9.20599e+27
4.36465e+27
1.89433e+27
7.51051e+26
2.70844e+26
8.841e+25
2.59955e+25
6.851e+24
1.6099e+24
3.35463e+23
6.16342e+22
9.92774e+21
1.39423e+21
1.69842e+20
1.78641e+19
1.61602e+18
1.2533e+17
8.32195e+15
4.80837e+14
3.27614e+13
1.09391e+13
1.00331e+13
1.0001e+13
1e+13
1e+13
1e+13
1e+13
1e+13
1e+13
1e+13
1e+13
1e+13
1e+13
1e+13
1e+13
1e+13
1e+13
1e+13
1e+13
1e+13
1e+13
1e+13
1e+13
1e+13
1e+13
1e+13
1e+13
1e+13
1e+13
1e+13
1e+13
1e+13
1e+13
1e+13
1e+13
4.94937e+28
4.94196e+28
3.86071e+28
2.60913e+28
1.55196e+28
8.23118e+27
3.93616e+27
1.70859e+27
6.74482e+26
2.41726e+26
7.83559e+25
2.28669e+25
5.97812e+24
1.39275e+24
2.87603e+23
5.23518e+22
8.35408e+21
1.16248e+21
1.40359e+20
1.46393e+19
1.31394e+18
1.01171e+17
6.67578e+15
3.85385e+14
2.80534e+13
1.07415e+13
1.0026e+13
1.00008e+13
1e+13
1e+13
1e+13
1e+13
1e+13
1e+13
1e+13
1e+13
1e+13
1e+13
1e+13
1e+13
1e+13
1e+13
1e+13
1e+13
1e+13
1e+13
1e+13
1e+13
1e+13
1e+13
1e+13
1e+13
1e+13
1e+13
1e+13
1e+13
1e+13
1e+13
1e+13
1e+13
2.97691e+28
3.46971e+28
2.85011e+28
2.00029e+28
1.23177e+28
6.72318e+27
3.28001e+27
1.43983e+27
5.70819e+26
2.045e+26
6.60788e+25
1.91897e+25
4.98637e+24
1.15364e+24
2.36411e+23
4.26847e+22
6.75447e+21
9.31984e+20
1.11598e+20
1.15469e+19
1.02861e+18
7.86518e+16
5.15904e+15
2.98314e+14
2.37959e+13
1.05642e+13
1.00197e+13
1.00006e+13
1e+13
1e+13
1e+13
1e+13
1e+13
1e+13
1e+13
1e+13
1e+13
1e+13
1e+13
1e+13
1e+13
1e+13
1e+13
1e+13
1e+13
1e+13
1e+13
1e+13
1e+13
1e+13
1e+13
1e+13
1e+13
1e+13
1e+13
1e+13
1e+13
1e+13
1e+13
1e+13
1.57765e+28
2.19765e+28
1.90939e+28
1.39002e+28
8.84863e+27
4.9798e+27
2.49271e+27
1.11537e+27
4.47723e+26
1.6148e+26
5.23012e+25
1.51772e+25
3.93213e+24
9.05624e+23
1.84535e+23
3.31024e+22
5.20134e+21
7.12434e+20
8.46796e+19
8.69843e+18
7.69506e+17
5.84599e+16
3.81413e+15
2.21858e+14
2.00889e+13
1.04109e+13
1.00143e+13
1.00004e+13
1e+13
1e+13
1e+13
1e+13
1e+13
1e+13
1e+13
1e+13
1e+13
1e+13
1e+13
1e+13
1e+13
1e+13
1e+13
1e+13
1e+13
1e+13
1e+13
1e+13
1e+13
1e+13
1e+13
1e+13
1e+13
1e+13
1e+13
1e+13
1e+13
1e+13
1e+13
1e+13
7.36431e+27
1.24652e+28
1.15414e+28
8.72422e+27
5.73477e+27
3.32681e+27
1.71222e+27
7.84454e+26
3.20741e+26
1.17203e+26
3.8275e+25
1.11546e+25
2.89337e+24
6.6559e+23
1.35222e+23
2.41528e+22
3.77539e+21
5.14129e+20
6.07368e+19
6.20055e+18
5.45223e+17
4.11855e+16
2.67549e+15
1.57721e+14
1.7004e+13
1.02841e+13
1.00099e+13
1.00003e+13
1e+13
1e+13
1e+13
1e+13
1e+13
1e+13
1e+13
1e+13
1e+13
1e+13
1e+13
1e+13
1e+13
1e+13
1e+13
1e+13
1e+13
1e+13
1e+13
1e+13
1e+13
1e+13
1e+13
1e+13
1e+13
1e+13
1e+13
1e+13
1e+13
1e+13
1e+13
1e+13
3.02819e+27
6.28253e+27
6.24474e+27
4.91301e+27
3.33404e+27
1.99241e+27
1.05476e+27
4.9583e+26
2.07263e+26
7.70977e+25
2.55171e+25
7.50579e+24
1.95803e+24
4.51662e+23
9.1795e+22
1.63723e+22
2.55201e+21
3.46219e+20
4.07213e+19
4.13759e+18
3.6208e+17
2.72254e+16
1.76392e+15
1.06802e+14
1.45728e+13
1.01849e+13
1.00064e+13
1.00002e+13
1e+13
1e+13
1e+13
1e+13
1e+13
1e+13
1e+13
1e+13
1e+13
1e+13
1e+13
1e+13
1e+13
1e+13
1e+13
1e+13
1e+13
1e+13
1e+13
1e+13
1e+13
1e+13
1e+13
1e+13
1e+13
1e+13
1e+13
1e+13
1e+13
1e+13
1e+13
1e+13
1.09704e+27
2.79168e+27
2.99719e+27
2.46148e+27
1.72537e+27
1.06168e+27
5.77992e+26
2.78991e+26
1.19465e+26
4.53782e+25
1.52806e+25
4.55595e+24
1.20041e+24
2.7878e+23
5.68884e+22
1.01648e+22
1.58449e+21
2.14682e+20
2.51937e+19
2.55255e+18
2.2266e+17
1.66901e+16
1.08144e+15
6.89523e+13
1.2777e+13
1.0112e+13
1.00039e+13
1.00001e+13
1e+13
1e+13
1e+13
1e+13
1e+13
1e+13
1e+13
1e+13
1e+13
1e+13
1e+13
1e+13
1e+13
1e+13
1e+13
1e+13
1e+13
1e+13
1e+13
1e+13
1e+13
1e+13
1e+13
1e+13
1e+13
1e+13
1e+13
1e+13
1e+13
1e+13
1e+13
1e+13
3.50217e+26
1.08551e+27
1.26394e+27
1.0868e+27
7.87659e+26
4.99009e+26
2.79275e+26
1.38428e+26
6.07746e+25
2.36158e+25
8.11237e+24
2.45963e+24
6.56899e+23
1.54157e+23
3.16984e+22
5.69325e+21
8.90251e+20
1.20802e+20
1.418e+19
1.43574e+18
1.25086e+17
9.36502e+15
6.09854e+14
4.29468e+13
1.15495e+13
1.00624e+13
1.00022e+13
1.00001e+13
1e+13
1e+13
1e+13
1e+13
1e+13
1e+13
1e+13
1e+13
1e+13
1e+13
1e+13
1e+13
1e+13
1e+13
1e+13
1e+13
1e+13
1e+13
1e+13
1e+13
1e+13
1e+13
1e+13
1e+13
1e+13
1e+13
1e+13
1e+13
1e+13
1e+13
1e+13
1e+13
9.8445e+25
3.66555e+26
4.63668e+26
4.18483e+26
3.13976e+26
2.04831e+26
1.17812e+26
5.99535e+25
2.69943e+25
1.07406e+25
3.76994e+24
1.16499e+24
3.16245e+23
7.52219e+22
1.56353e+22
2.83174e+21
4.45548e+20
6.07235e+19
7.14869e+18
7.25097e+17
6.32359e+16
4.74063e+15
3.13332e+14
2.66575e+13
1.07832e+13
1.00315e+13
1.00011e+13
1e+13
1e+13
1e+13
1e+13
1e+13
1e+13
1e+13
1e+13
1e+13
1e+13
1e+13
1e+13
1e+13
1e+13
1e+13
1e+13
1e+13
1e+13
1e+13
1e+13
1e+13
1e+13
1e+13
1e+13
1e+13
1e+13
1e+13
1e+13
1e+13
1e+13
1e+13
1e+13
1e+13
2.43101e+25
1.06673e+26
1.46464e+26
1.39001e+26
1.0809e+26
7.26354e+25
4.29269e+25
2.24212e+25
1.03523e+25
4.21913e+24
1.51454e+24
4.77714e+23
1.32064e+23
3.19135e+22
6.72286e+21
1.23116e+21
1.95458e+20
2.6829e+19
3.17596e+18
3.23512e+17
2.83096e+16
2.13262e+15
1.46367e+14
1.75005e+13
1.03532e+13
1.00142e+13
1.00005e+13
1e+13
1e+13
1e+13
1e+13
1e+13
1e+13
1e+13
1e+13
1e+13
1e+13
1e+13
1e+13
1e+13
1e+13
1e+13
1e+13
1e+13
1e+13
1e+13
1e+13
1e+13
1e+13
1e+13
1e+13
1e+13
1e+13
1e+13
1e+13
1e+13
1e+13
1e+13
1e+13
1e+13
5.25089e+24
2.65482e+25
3.94408e+25
3.93892e+25
3.17761e+25
2.20031e+25
1.33596e+25
7.15949e+24
3.38898e+24
1.41476e+24
5.19589e+23
1.67419e+23
4.71945e+22
1.16059e+22
2.48279e+21
4.60762e+20
7.39829e+19
1.02521e+19
1.22327e+18
1.2543e+17
1.10414e+16
8.41192e+14
6.36081e+13
1.29587e+13
1.01398e+13
1.00057e+13
1.00002e+13
1e+13
1e+13
1e+13
1e+13
1e+13
1e+13
1e+13
1e+13
1e+13
1e+13
1e+13
1e+13
1e+13
1e+13
1e+13
1e+13
1e+13
1e+13
1e+13
1e+13
1e+13
1e+13
1e+13
1e+13
1e+13
1e+13
1e+13
1e+13
1e+13
1e+13
1e+13
1e+13
1e+13
9.85238e+23
5.6055e+24
8.96514e+24
9.4187e+24
7.88677e+24
5.62884e+24
3.51082e+24
1.92977e+24
9.36139e+23
4.00209e+23
1.50385e+23
4.952e+22
1.42451e+22
3.56885e+21
7.76408e+20
1.46262e+20
2.37964e+19
3.33567e+18
4.01994e+17
4.15809e+16
3.69371e+15
2.8937e+14
2.81223e+13
1.10054e+13
1.00477e+13
1.00019e+13
1.00001e+13
1e+13
1e+13
1e+13
1e+13
1e+13
1e+13
1e+13
1e+13
1e+13
1e+13
1e+13
1e+13
1e+13
1e+13
1e+13
1e+13
1e+13
1e+13
1e+13
1e+13
1e+13
1e+13
1e+13
1e+13
1e+13
1e+13
1e+13
1e+13
1e+13
1e+13
1e+13
1e+13
1e+13
1.59067e+23
9.95565e+23
1.70319e+24
1.87978e+24
1.63384e+24
1.20201e+24
7.70031e+23
4.33967e+23
2.15652e+23
9.43798e+22
3.62797e+22
1.22096e+22
3.58549e+21
9.15753e+20
2.02793e+20
3.88255e+19
6.40954e+18
9.10248e+17
1.10982e+17
1.16048e+16
1.04689e+15
8.92846e+13
1.51815e+13
1.02894e+13
1.00138e+13
1.00006e+13
1e+13
1e+13
1e+13
1e+13
1e+13
1e+13
1e+13
1e+13
1e+13
1e+13
1e+13
1e+13
1e+13
1e+13
1e+13
1e+13
1e+13
1e+13
1e+13
1e+13
1e+13
1e+13
1e+13
1e+13
1e+13
1e+13
1e+13
1e+13
1e+13
1e+13
1e+13
1e+13
1e+13
1e+13
2.18418e+22
1.47365e+23
2.67759e+23
3.09758e+23
2.79319e+23
2.11794e+23
1.39323e+23
8.04732e+22
4.09453e+22
1.83364e+22
7.2082e+21
2.47898e+21
7.43226e+20
1.93583e+20
4.3662e+19
8.50233e+18
1.42563e+18
2.05356e+17
2.53684e+16
2.6905e+15
2.52249e+14
2.87023e+13
1.12331e+13
1.00695e+13
1.00033e+13
1.00001e+13
1e+13
1e+13
1e+13
1e+13
1e+13
1e+13
1e+13
1e+13
1e+13
1e+13
1e+13
1e+13
1e+13
1e+13
1e+13
1e+13
1e+13
1e+13
1e+13
1e+13
1e+13
1e+13
1e+13
1e+13
1e+13
1e+13
1e+13
1e+13
1e+13
1e+13
1e+13
1e+13
1e+13
1e+13
2.51712e+21
1.7998e+22
3.44792e+22
4.16876e+22
3.89606e+22
3.04355e+22
2.05515e+22
1.21607e+22
6.33207e+21
2.90018e+21
1.16541e+21
4.09462e+20
1.2532e+20
3.32908e+19
7.64988e+18
1.5159e+18
2.5834e+17
3.77807e+16
4.73894e+15
5.16222e+14
5.62841e+13
1.36118e+13
1.02405e+13
1.00137e+13
1.00007e+13
1e+13
1e+13
1e+13
1e+13
1e+13
1e+13
1e+13
1e+13
1e+13
1e+13
1e+13
1e+13
1e+13
1e+13
1e+13
1e+13
1e+13
1e+13
1e+13
1e+13
1e+13
1e+13
1e+13
1e+13
1e+13
1e+13
1e+13
1e+13
1e+13
1e+13
1e+13
1e+13
1e+13
1e+13
1e+13
2.40104e+20
1.79475e+21
3.59958e+21
4.53341e+21
4.38497e+21
3.52675e+21
2.44336e+21
1.48038e+21
7.8842e+20
3.6912e+20
1.51551e+20
5.43769e+19
1.69856e+19
4.60166e+18
1.07741e+18
2.17321e+17
3.76634e+16
5.60132e+15
7.20194e+14
8.70472e+13
1.71325e+13
1.05631e+13
1.00379e+13
1.00022e+13
1.00001e+13
1e+13
1e+13
1e+13
1e+13
1e+13
1e+13
1e+13
1e+13
1e+13
1e+13
1e+13
1e+13
1e+13
1e+13
1e+13
1e+13
1e+13
1e+13
1e+13
1e+13
1e+13
1e+13
1e+13
1e+13
1e+13
1e+13
1e+13
1e+13
1e+13
1e+13
1e+13
1e+13
1e+13
1e+13
1e+13
1.86927e+19
1.44535e+20
3.01515e+20
3.94156e+20
3.9389e+20
3.25872e+20
2.31497e+20
1.43537e+20
7.81445e+19
3.7376e+19
1.56707e+19
5.73959e+18
1.82924e+18
5.05312e+17
1.2055e+17
2.47595e+16
4.37118e+15
6.67948e+14
9.482e+13
1.93306e+13
1.08751e+13
1.00699e+13
1.00048e+13
1.00003e+13
1e+13
1e+13
1e+13
1e+13
1e+13
1e+13
1e+13
1e+13
1e+13
1e+13
1e+13
1e+13
1e+13
1e+13
1e+13
1e+13
1e+13
1e+13
1e+13
1e+13
1e+13
1e+13
1e+13
1e+13
1e+13
1e+13
1e+13
1e+13
1e+13
1e+13
1e+13
1e+13
1e+13
1e+13
1e+13
1e+13
1.17059e+18
9.28842e+18
2.00375e+19
2.70922e+19
2.79169e+19
2.3732e+19
1.72747e+19
1.09546e+19
6.09295e+18
2.97547e+18
1.27329e+18
4.75832e+17
1.54676e+17
4.35629e+16
1.05942e+16
2.22219e+15
4.06478e+14
7.07822e+13
1.79554e+13
1.08877e+13
1.00844e+13
1.00068e+13
1.00005e+13
1e+13
1e+13
1e+13
1e+13
1e+13
1e+13
1e+13
1e+13
1e+13
1e+13
1e+13
1e+13
1e+13
1e+13
1e+13
1e+13
1e+13
1e+13
1e+13
1e+13
1e+13
1e+13
1e+13
1e+13
1e+13
1e+13
1e+13
1e+13
1e+13
1e+13
1e+13
1e+13
1e+13
1e+13
1e+13
1e+13
1e+13
5.81178e+16
4.70395e+17
1.04408e+18
1.45508e+18
1.54288e+18
1.34606e+18
1.00316e+18
6.50207e+17
3.69252e+17
1.84011e+17
8.03306e+16
3.06207e+16
1.01542e+16
2.92108e+15
7.30576e+14
1.63302e+14
3.79462e+13
1.43542e+13
1.05787e+13
1.00655e+13
1.00063e+13
1.00005e+13
1e+13
1e+13
1e+13
1e+13
1e+13
1e+13
1e+13
1e+13
1e+13
1e+13
1e+13
1e+13
1e+13
1e+13
1e+13
1e+13
1e+13
1e+13
1e+13
1e+13
1e+13
1e+13
1e+13
1e+13
1e+13
1e+13
1e+13
1e+13
1e+13
1e+13
1e+13
1e+13
1e+13
1e+13
1e+13
1e+13
1e+13
1e+13
2.26219e+15
1.85289e+16
4.21221e+16
6.03098e+16
6.56666e+16
5.87201e+16
4.47681e+16
2.96411e+16
1.71809e+16
8.73655e+15
3.89382e+15
1.51878e+15
5.1956e+14
1.58978e+14
4.75538e+13
1.81318e+13
1.15078e+13
1.02388e+13
1.00322e+13
1.00037e+13
1.00004e+13
1e+13
1e+13
1e+13
1e+13
1e+13
1e+13
1e+13
1e+13
1e+13
1e+13
1e+13
1e+13
1e+13
1e+13
1e+13
1e+13
1e+13
1e+13
1e+13
1e+13
1e+13
1e+13
1e+13
1e+13
1e+13
1e+13
1e+13
1e+13
1e+13
1e+13
1e+13
1e+13
1e+13
1e+13
1e+13
1e+13
1e+13
1e+13
1e+13
7.70655e+13
5.6835e+14
1.30614e+15
1.91126e+15
2.13146e+15
1.95175e+15
1.52291e+15
1.03234e+15
6.14179e+14
3.22986e+14
1.51951e+14
6.61876e+13
2.9332e+13
1.57568e+13
1.14775e+13
1.03256e+13
1.00614e+13
1.00099e+13
1.00014e+13
1.00002e+13
1e+13
1e+13
1e+13
1e+13
1e+13
1e+13
1e+13
1e+13
1e+13
1e+13
1e+13
1e+13
1e+13
1e+13
1e+13
1e+13
1e+13
1e+13
1e+13
1e+13
1e+13
1e+13
1e+13
1e+13
1e+13
1e+13
1e+13
1e+13
1e+13
1e+13
1e+13
1e+13
1e+13
1e+13
1e+13
1e+13
1e+13
1e+13
1e+13
1e+13
1.15071e+13
2.26743e+13
3.99448e+13
5.48802e+13
6.12194e+13
5.79223e+13
4.81265e+13
3.62798e+13
2.58299e+13
1.83547e+13
1.38597e+13
1.1556e+13
1.05452e+13
1.01653e+13
1.00432e+13
1.00097e+13
1.00019e+13
1.00003e+13
1e+13
1e+13
1e+13
1e+13
1e+13
1e+13
1e+13
1e+13
1e+13
1e+13
1e+13
1e+13
1e+13
1e+13
1e+13
1e+13
1e+13
1e+13
1e+13
1e+13
1e+13
1e+13
1e+13
1e+13
1e+13
1e+13
1e+13
1e+13
1e+13
1e+13
1e+13
1e+13
1e+13
1e+13
1e+13
1e+13
1e+13
1e+13
1e+13
1e+13
1e+13
1e+13
1.0025e+13
1.02124e+13
1.05094e+13
1.07783e+13
1.09068e+13
1.08662e+13
1.0703e+13
1.0494e+13
1.03031e+13
1.01629e+13
1.00766e+13
1.00315e+13
1.00112e+13
1.00035e+13
1.00009e+13
1.00002e+13
1e+13
1e+13
1e+13
1e+13
1e+13
1e+13
1e+13
1e+13
1e+13
1e+13
1e+13
1e+13
1e+13
1e+13
1e+13
1e+13
1e+13
1e+13
1e+13
1e+13
1e+13
1e+13
1e+13
1e+13
1e+13
1e+13
1e+13
1e+13
1e+13
1e+13
1e+13
1e+13
1e+13
1e+13
1e+13
1e+13
1e+13
1e+13
1e+13
1e+13
1e+13
1e+13
1e+13
1e+13
1.00003e+13
1.00026e+13
1.00062e+13
1.00097e+13
1.00115e+13
1.00112e+13
1.00093e+13
1.00066e+13
1.00041e+13
1.00023e+13
1.00011e+13
1.00005e+13
1.00002e+13
1.00001e+13
1e+13
1e+13
1e+13
1e+13
1e+13
1e+13
1e+13
1e+13
1e+13
1e+13
1e+13
1e+13
1e+13
1e+13
1e+13
1e+13
1e+13
1e+13
1e+13
1e+13
1e+13
1e+13
1e+13
1e+13
1e+13
1e+13
1e+13
1e+13
1e+13
1e+13
1e+13
1e+13
1e+13
1e+13
1e+13
1e+13
1e+13
1e+13
1e+13
1e+13
1e+13
1e+13
1e+13
1e+13
1e+13
1e+13
1e+13
1e+13
1.00001e+13
1.00001e+13
1.00001e+13
1.00001e+13
1.00001e+13
1.00001e+13
1e+13
1e+13
1e+13
1e+13
1e+13
1e+13
1e+13
1e+13
1e+13
1e+13
1e+13
1e+13
1e+13
1e+13
1e+13
1e+13
1e+13
1e+13
1e+13
1e+13
1e+13
1e+13
1e+13
1e+13
1e+13
1e+13
1e+13
1e+13
1e+13
1e+13
1e+13
1e+13
1e+13
1e+13
1e+13
1e+13
1e+13
1e+13
1e+13
1e+13
1e+13
1e+13
1e+13
1e+13
1e+13
1e+13
1e+13
1e+13
1e+13
1e+13
1e+13
1e+13
1e+13
1e+13
1e+13
1e+13
1e+13
1e+13
1e+13
1e+13
1e+13
1e+13
1e+13
1e+13
1e+13
1e+13
1e+13
1e+13
1e+13
1e+13
1e+13
1e+13
1e+13
1e+13
1e+13
1e+13
1e+13
1e+13
1e+13
1e+13
1e+13
1e+13
1e+13
1e+13
1e+13
1e+13
1e+13
1e+13
1e+13
1e+13
1e+13
1e+13
1e+13
1e+13
1e+13
1e+13
1e+13
1e+13
1e+13
1e+13
1e+13
1e+13
1e+13
1e+13
1e+13
1e+13
1e+13
1e+13
1e+13
1e+13
1e+13
1e+13
1e+13
1e+13
1e+13
1e+13
1e+13
1e+13
1e+13
1e+13
1e+13
1e+13
1e+13
1e+13
1e+13
1e+13
1e+13
1e+13
1e+13
1e+13
1e+13
1e+13
1e+13
1e+13
1e+13
1e+13
1e+13
1e+13
1e+13
1e+13
1e+13
1e+13
1e+13
1e+13
1e+13
1e+13
1e+13
1e+13
1e+13
1e+13
1e+13
1e+13
1e+13
1e+13
1e+13
1e+13
1e+13
1e+13
1e+13
1e+13
1e+13
1e+13
1e+13
1e+13
1e+13
1e+13
1e+13
1e+13
1e+13
1e+13
1e+13
1e+13
1e+13
1e+13
1e+13
1e+13
1e+13
1e+13
1e+13
1e+13
1e+13
1e+13
1e+13
1e+13
1e+13
1e+13
1e+13
1e+13
1e+13
1e+13
1e+13
1e+13
1e+13
1e+13
1e+13
1e+13
1e+13
1e+13
1e+13
1e+13
1e+13
1e+13
1e+13
1e+13
1e+13
1e+13
1e+13
1e+13
1e+13
1e+13
1e+13
1e+13
1e+13
1e+13
1e+13
1e+13
1e+13
1e+13
1e+13
1e+13
1e+13
1e+13
1e+13
1e+13
1e+13
1e+13
1e+13
1e+13
1e+13
1e+13
1e+13
1e+13
1e+13
1e+13
1e+13
1e+13
1e+13
1e+13
1e+13
1e+13
1e+13
1e+13
1e+13
1e+13
1e+13
1e+13
1e+13
1e+13
1e+13
1e+13
1e+13
1e+13
1e+13
1e+13
1e+13
1e+13
1e+13
1e+13
1e+13
1e+13
1e+13
1e+13
1e+13
1e+13
1e+13
1e+13
1e+13
1e+13
1e+13
1e+13
1e+13
1e+13
1e+13
1e+13
1e+13
1e+13
1e+13
1e+13
1e+13
1e+13
1e+13
1e+13
1e+13
1e+13
1e+13
1e+13
1e+13
1e+13
1e+13
1e+13
1e+13
1e+13
1e+13
1e+13
1e+13
1e+13
1e+13
1e+13
1e+13
1e+13
1e+13
1e+13
1e+13
1e+13
1e+13
1e+13
1e+13
1e+13
1e+13
1e+13
1e+13
1e+13
1e+13
1e+13
1e+13
1e+13
1e+13
1e+13
1e+13
1e+13
1e+13
1e+13
1e+13
1e+13
1e+13
1e+13
1e+13
1e+13
1e+13
1e+13
1e+13
1e+13
1e+13
1e+13
1e+13
1e+13
1e+13
1e+13
1e+13
1e+13
1e+13
1e+13
1e+13
1e+13
1e+13
1e+13
1e+13
1e+13
1e+13
1e+13
1e+13
1e+13
)
;

boundaryField
{
    highVoltage
    {
        type            fixedValue;
        value           uniform 0;
    }
    topBotBoundaries
    {
        type            zeroGradient;
    }
    inletBoundary
    {
        type            fixedValue;
        value           uniform 1e+13;
    }
    frontBack
    {
        type            empty;
    }
    region0_to_dielectric
    {
        type            zeroGradient;
    }
}


// ************************************************************************* //
