/*--------------------------------*- C++ -*----------------------------------*\
| =========                 |                                                 |
| \\      /  F ield         | OpenFOAM: The Open Source CFD Toolbox           |
|  \\    /   O peration     | Version:  2406                                  |
|   \\  /    A nd           | Website:  www.openfoam.com                      |
|    \\/     M anipulation  |                                                 |
\*---------------------------------------------------------------------------*/
FoamFile
{
    version     2.0;
    format      ascii;
    arch        "LSB;label=32;scalar=64";
    class       volScalarField;
    location    "2e-07";
    object      O2_minus;
}
// * * * * * * * * * * * * * * * * * * * * * * * * * * * * * * * * * * * * * //

dimensions      [0 -3 0 0 0 0 0];

internalField   nonuniform List<scalar> 
5880
(
0.00727334
0.0215681
0.0345408
0.0447218
0.0510025
0.0529153
0.050718
0.0452711
0.0377857
0.0295384
0.021628
0.0148184
0.00948476
0.00565887
0.00313855
0.00161299
0.000765375
0.000334085
0.000133691
4.89157e-05
1.63374e-05
4.97839e-06
1.38513e-06
3.52506e-07
8.22633e-08
1.76587e-08
3.49832e-09
6.41804e-10
1.09388e-10
1.74202e-11
2.68441e-12
4.22466e-13
6.96369e-14
1.20388e-14
2.18405e-15
4.15917e-16
8.31511e-17
1.74523e-17
3.84508e-18
8.89129e-19
2.15727e-19
5.48983e-20
1.46463e-20
4.09447e-21
1.19869e-21
3.67245e-22
1.17673e-22
3.94017e-23
1.37749e-23
5.02353e-24
1.90938e-24
7.55681e-25
3.11114e-25
1.33087e-25
5.90899e-26
2.72019e-26
1.29706e-26
6.38827e-27
3.29127e-27
1.57212e-27
0.343729
1.01752
1.62363
2.09085
2.36805
2.43707
2.31502
2.04651
1.69063
1.30723
0.946022
0.640081
0.404196
0.237676
0.129789
0.0656144
0.0306042
0.0131238
0.00515754
0.00185274
0.000607419
0.000181649
4.95841e-05
1.23749e-05
2.83055e-06
5.9516e-07
1.15408e-07
2.07089e-08
3.44982e-09
5.36596e-10
8.07373e-11
1.24126e-11
2.00054e-12
3.38485e-13
6.01588e-14
1.12348e-14
2.20485e-15
4.54715e-16
9.85303e-17
2.24281e-17
5.36121e-18
1.34522e-18
3.54134e-19
9.77589e-20
2.828e-20
8.56677e-21
2.71576e-21
9.00193e-22
3.11709e-22
1.12651e-22
4.24517e-23
1.66656e-23
6.8088e-24
2.89159e-24
1.27507e-24
5.83185e-25
2.76376e-25
1.35341e-25
6.93295e-26
3.29627e-26
10.4148
30.7746
48.9224
62.6556
70.4782
71.9701
67.7942
59.4064
48.6307
37.249
26.6932
17.8758
11.1665
6.49171
3.50299
1.74928
0.805778
0.341263
0.132487
0.0470354
0.0152472
0.00451059
0.00121846
0.000301014
6.81603e-05
1.41863e-05
2.72231e-06
4.83236e-07
7.95951e-08
1.2234e-08
1.81813e-09
2.76076e-10
4.39556e-11
7.34876e-12
1.29098e-12
2.38393e-13
4.62799e-14
9.44536e-15
2.0263e-15
4.56844e-16
1.0821e-16
2.69162e-17
7.02722e-18
1.92462e-18
5.52604e-19
1.66212e-19
5.23373e-20
1.72379e-20
5.93307e-21
2.13201e-21
7.99121e-22
3.12129e-22
1.26914e-22
5.3656e-23
2.35601e-23
1.07329e-23
5.06736e-24
2.47289e-24
1.26225e-24
5.98775e-25
226.62
668.308
1058.09
1347.22
1504.64
1524.32
1423.89
1237.03
1003.82
762.058
541.138
358.989
222.07
127.802
68.2485
33.7228
15.3714
6.4439
2.47755
0.871707
0.280272
0.0823033
0.0220853
0.00542303
0.00122102
0.000252745
4.82355e-05
8.51379e-06
1.39391e-06
2.12854e-07
3.14112e-08
4.73493e-09
7.48294e-10
1.24168e-10
2.16496e-11
3.96815e-12
7.64712e-13
1.54953e-13
3.30096e-14
7.39176e-15
1.73934e-15
4.299e-16
1.11552e-16
3.03727e-17
8.67168e-18
2.59423e-18
8.12683e-19
2.66356e-19
9.12488e-20
3.26443e-20
1.21843e-20
4.7401e-21
1.92009e-21
8.08872e-22
3.53975e-22
1.60743e-22
7.56642e-23
3.68216e-23
1.87414e-23
8.87379e-24
3780.12
11122.8
17530.9
22179.8
24584.2
24700.9
22876.8
19703.6
15851
11929.1
8396.43
5520.21
3383.4
1928.81
1020.15
499.235
225.418
93.6489
35.7065
12.4692
3.98301
1.16316
0.310679
0.0759931
0.0170542
0.00351989
0.00066991
0.00011791
1.92459e-05
2.92871e-06
4.30478e-07
6.4608e-08
1.01632e-08
1.67819e-09
2.91131e-10
5.3087e-11
1.01775e-11
2.05158e-12
4.348e-13
9.68699e-14
2.26809e-14
5.57862e-15
1.44071e-15
3.9047e-16
1.10988e-16
3.30615e-17
1.03145e-17
3.36722e-18
1.14919e-18
4.09641e-19
1.5237e-19
5.9083e-20
2.38585e-20
1.00211e-20
4.37311e-21
1.98061e-21
9.29958e-22
4.51502e-22
2.29254e-22
1.08374e-22
50320.5
147676
231563
290919
319832
318568
292455
249693
199137
148577
103674
67563.3
41041.3
23184.9
12150.5
5892.19
2637.04
1086.45
411.104
142.609
45.2983
13.1685
3.50491
0.855041
0.19151
0.0394676
0.00750218
0.00131884
0.000214972
3.26562e-05
4.78934e-06
7.16901e-07
1.12433e-07
1.85036e-08
3.1985e-09
5.8104e-10
1.1096e-10
2.22784e-11
4.70263e-12
1.04351e-12
2.43351e-13
5.96193e-14
1.53375e-14
4.14114e-15
1.17276e-15
3.48094e-16
1.08222e-16
3.52117e-17
1.19787e-17
4.25676e-18
1.57867e-18
6.10416e-19
2.4583e-19
1.02989e-19
4.4834e-20
2.02586e-20
9.49112e-21
4.59855e-21
2.33005e-21
1.09985e-21
549158
1.60528e+06
2.50065e+06
3.11569e+06
3.39445e+06
3.35027e+06
3.04841e+06
2.58046e+06
2.04089e+06
1.5102e+06
1.04507e+06
675340
406714
227751
118306
56870.4
25237.7
10315.6
3875.51
1336.07
422.217
122.249
32.441
7.89797
1.76665
0.363798
0.069119
0.0121459
0.00197879
0.00030035
4.39931e-05
6.57386e-06
1.02881e-06
1.68899e-07
2.91149e-08
5.27324e-09
1.00385e-09
2.00893e-10
4.22634e-11
9.34643e-12
2.17222e-12
5.30378e-13
1.35986e-13
3.65952e-14
1.03301e-14
3.05647e-15
9.47332e-16
3.07312e-16
1.04245e-16
3.69417e-17
1.36637e-17
5.26979e-18
2.11709e-18
8.84874e-19
3.84351e-19
1.73304e-19
8.1029e-20
3.91852e-20
1.98166e-20
9.34085e-21
4.99343e+06
1.44172e+07
2.21451e+07
2.72195e+07
2.93133e+07
2.86711e+07
2.59118e+07
2.18197e+07
1.71793e+07
1.26542e+07
8.71208e+06
5.59646e+06
3.34752e+06
1.86047e+06
958716
457097
201220
81622.7
30454.4
10436.7
3281.99
946.657
250.52
60.8787
13.6029
2.79966
0.531802
0.0934418
0.0152208
0.00230928
0.000337955
5.04347e-05
7.87966e-06
1.29092e-06
2.22005e-07
4.01049e-08
7.61341e-09
1.51919e-09
3.18644e-10
7.02513e-11
1.62768e-11
3.96189e-12
1.01268e-12
2.71692e-13
7.64635e-14
2.25576e-14
6.97155e-15
2.25526e-15
7.62949e-16
2.69665e-16
9.94911e-17
3.82787e-17
1.53425e-17
6.39842e-18
2.7733e-18
1.24795e-18
5.8236e-19
2.81115e-19
1.41904e-19
6.67939e-20
3.73905e+07
1.00007e+08
1.43064e+08
1.66944e+08
1.75083e+08
1.70987e+08
1.57146e+08
1.35856e+08
1.10148e+08
8.32562e+07
5.84447e+07
3.80087e+07
2.28663e+07
1.27149e+07
6.53096e+06
3.09664e+06
1.35413e+06
545510
202210
68897.1
21561.5
6195.65
1635.03
396.578
88.5099
18.2054
3.4572
0.60737
0.0989159
0.0150012
0.00219359
0.000326958
5.1e-05
8.33893e-06
1.43086e-06
2.57844e-07
4.88187e-08
9.71422e-09
2.03166e-09
4.46604e-10
1.03168e-10
2.5037e-11
6.38058e-12
1.70681e-12
4.7896e-13
1.40896e-13
4.34236e-14
1.40092e-14
4.72682e-15
1.66644e-15
6.13311e-16
2.35409e-16
9.41397e-17
3.91743e-17
1.6944e-17
7.60942e-18
3.54417e-18
1.70776e-18
8.60499e-19
4.04446e-19
1.91471e+08
1.8884e+08
30758.6
0
0
0
0
0
1.7281e+08
2.46375e+08
2.34821e+08
1.80847e+08
1.19813e+08
7.0206e+07
3.69793e+07
1.76964e+07
7.74287e+06
3.10796e+06
1.14613e+06
388450
120994
34633.3
9112.72
2205.62
491.56
101.017
19.1721
3.36678
0.548065
0.0830641
0.0121341
0.0018061
0.000281232
4.58892e-05
7.85578e-06
1.41205e-06
2.66632e-07
5.29069e-08
1.10331e-08
2.41818e-09
5.56949e-10
1.34759e-10
3.42408e-11
9.13249e-12
2.55531e-12
7.4956e-13
2.30369e-13
7.41195e-14
2.49426e-14
8.77106e-15
3.22011e-15
1.23305e-15
4.91966e-16
2.04272e-16
8.81677e-17
3.95157e-17
1.83695e-17
8.83523e-18
4.44376e-18
2.08543e-18
0
0
0
87.4317
90.7321
87.06
78.172
147.781
0
0
0
0
2.04299e+08
2.36828e+08
1.56076e+08
8.1957e+07
3.72093e+07
1.5115e+07
5.58015e+06
1.8856e+06
584960
166801
43750.3
10563.4
2350
482.295
91.444
16.0446
2.60959
0.395105
0.0576407
0.00856503
0.00133102
0.000216692
3.70027e-05
6.63328e-06
1.249e-06
2.47112e-07
5.13782e-08
1.12267e-08
2.57782e-09
6.21825e-10
1.57521e-10
4.18872e-11
1.16857e-11
3.4179e-12
1.04748e-12
3.36092e-13
1.12799e-13
3.95629e-14
1.44883e-14
5.53445e-15
2.20302e-15
9.12684e-16
3.93089e-16
1.75816e-16
8.15704e-17
3.91603e-17
1.96597e-17
9.2113e-18
143.14
141.023
0.218599
0
0
0
0
0
111.216
151.487
136.426
301.638
0
0
1.29551e+08
2.37803e+08
1.38847e+08
6.13336e+07
2.32707e+07
7.91382e+06
2.45269e+06
697264
182305
43896.4
9743.76
1996.16
377.912
66.2186
10.7558
1.62611
0.236817
0.0351177
0.00544478
0.000884158
0.000150567
2.69135e-05
5.05246e-06
9.96547e-07
2.0655e-07
4.49914e-08
1.02982e-08
2.47636e-09
6.25363e-10
1.65784e-10
4.61108e-11
1.3447e-11
4.10921e-12
1.31477e-12
4.40057e-13
1.53937e-13
5.62291e-14
2.14263e-14
8.50867e-15
3.517e-15
1.51144e-15
6.74607e-16
3.12358e-16
1.49672e-16
7.49984e-17
3.50801e-17
0
0
0
8.80624e-05
9.05117e-05
8.49813e-05
7.41178e-05
0.000235227
0
0
0
0
136.271
308.288
0
0
2.33777e+08
1.85012e+08
8.07159e+07
2.85954e+07
8.95143e+06
2.54519e+06
663801
159378
35286.2
7212.78
1362.83
238.361
38.6471
5.83175
0.847492
0.125374
0.0193876
0.00313944
0.000533045
9.49873e-05
1.77756e-05
3.4948e-06
7.22005e-07
1.56758e-07
3.57646e-08
8.57251e-09
2.15797e-09
5.70289e-10
1.58133e-10
4.59768e-11
1.40088e-11
4.46943e-12
1.4918e-12
5.2045e-13
1.89615e-13
7.20731e-14
2.85524e-14
1.17747e-14
5.04898e-15
2.24874e-15
1.0391e-15
4.96937e-16
2.48534e-16
1.16046e-16
0.000202201
0.00019887
6.00512e-07
0
0
0
0
0
0.000130316
0.000167873
0.000141032
0.000508308
0
0
89.8539
607.445
0
1.56106e+08
2.05428e+08
8.65985e+07
2.83586e+07
8.14594e+06
2.1248e+06
508942
112369
22909.9
4318.49
753.625
121.922
18.356
2.66101
0.392602
0.0605376
0.0097733
0.00165421
0.000293829
5.48062e-05
1.07397e-05
2.21141e-06
4.78545e-07
1.08822e-07
2.59992e-08
6.52388e-09
1.71865e-09
4.7509e-10
1.37715e-10
4.18377e-11
1.331e-11
4.43029e-12
1.54147e-12
5.60147e-13
2.12381e-13
8.39339e-14
3.45332e-14
1.47749e-14
6.56648e-15
3.02804e-15
1.44531e-15
7.21467e-16
3.36257e-16
0
0
0
1.62488e-10
1.65574e-10
1.51224e-10
1.27046e-10
5.99594e-10
0
0
0
0
0.000152027
0.000481342
0
0
523.075
0
1.36398e+08
1.99459e+08
7.66702e+07
2.28707e+07
6.00964e+06
1.43847e+06
316800
64412.3
12109.8
2107.98
340.189
51.0887
7.38638
1.08666
0.167056
0.0268858
0.00453606
0.000803089
0.000149302
2.91601e-05
5.98453e-06
1.29079e-06
2.92574e-07
6.96757e-08
1.74282e-08
4.57707e-09
1.26141e-09
3.64564e-10
1.10434e-10
3.50344e-11
1.16296e-11
4.03571e-12
1.46277e-12
5.53247e-13
2.18126e-13
8.95392e-14
3.82249e-14
1.69526e-14
7.80164e-15
3.71662e-15
1.85176e-15
8.61469e-16
5.21706e-10
5.11736e-10
2.35503e-12
0
0
0
0
0
2.64567e-10
3.17935e-10
2.45134e-10
1.19056e-09
0
0
9.55474e-05
0.00208791
0
533.063
0
2.07287e+08
1.67892e+08
5.59957e+07
1.50761e+07
3.62122e+06
796246
161471
30275.5
5256.35
846.091
126.733
18.273
2.6805
0.410846
0.0659164
0.0110861
0.00195647
0.000362559
7.05838e-05
1.44396e-05
3.10456e-06
7.01483e-07
1.6654e-07
4.15307e-08
1.08744e-08
2.98818e-09
8.61165e-10
2.60141e-10
8.23047e-11
2.72491e-11
9.43195e-12
3.41025e-12
1.28675e-12
5.06154e-13
2.07312e-13
8.83141e-14
3.90867e-14
1.79523e-14
8.53617e-15
4.24522e-15
1.97133e-15
0
0
0
5.32792e-16
5.39067e-16
4.74872e-16
3.79647e-16
2.46505e-15
0
0
0
0
2.67295e-10
1.01529e-09
0
0
0.00231114
0
678.589
0
2.49611e+08
1.17386e+08
3.36004e+07
8.16749e+06
1.7967e+06
363587
67998.9
11775.8
1890.74
282.493
40.6238
5.94267
0.908238
0.14529
0.0243626
0.00428658
0.000791963
0.000153717
3.13523e-05
6.72084e-06
1.51414e-06
3.58434e-07
8.91299e-08
2.32728e-08
6.37764e-09
1.83306e-09
5.52287e-10
1.74291e-10
5.75608e-11
1.98761e-11
7.16971e-12
2.69915e-12
1.05941e-12
4.33001e-13
1.84081e-13
8.13117e-14
3.72753e-14
1.76919e-14
8.78301e-15
4.07116e-15
2.41784e-15
2.36172e-15
1.49772e-17
0
0
0
0
0
8.94375e-16
9.84545e-16
6.8235e-16
3.9905e-15
0
0
1.4191e-10
9.33759e-09
0
0.00260153
0
707.183
0
2.01419e+08
6.64622e+07
1.65998e+07
3.66637e+06
741103
138305
23896.4
3828.1
570.636
81.8631
11.9452
1.82087
0.290508
0.0485813
0.00852455
0.00157064
0.000304025
6.18412e-05
1.3221e-05
2.97063e-06
7.01376e-07
1.73957e-07
4.53064e-08
1.23847e-08
3.5509e-09
1.0673e-09
3.3603e-10
1.10723e-10
3.8148e-11
1.37309e-11
5.15832e-12
2.0205e-12
8.24173e-13
3.49706e-13
1.54184e-13
7.05549e-14
3.34295e-14
1.65678e-14
7.66611e-15
0
0
0
3.04374e-21
3.06776e-21
2.57376e-21
1.92368e-21
1.61397e-20
0
0
0
0
6.98839e-16
4.05353e-15
0
6.16484e-10
0
0.000383458
0
280.165
0
2.49149e+08
1.16148e+08
3.05774e+07
6.8182e+06
1.3787e+06
256897
44303.5
7083.63
1053.86
150.876
21.9676
3.34113
0.531824
0.0887277
0.0155321
0.00285497
0.000551312
0.000111875
2.38612e-05
5.34884e-06
1.25995e-06
3.11779e-07
8.1018e-08
2.20972e-08
6.32171e-09
1.89602e-09
5.95679e-10
1.95869e-10
6.73467e-11
2.41923e-11
9.07069e-12
3.54621e-12
1.44385e-12
6.11536e-13
2.69153e-13
1.22956e-13
5.81616e-14
2.8779e-14
1.32934e-14
2.0059e-20
1.94638e-20
1.61663e-22
0
0
0
0
0
4.84582e-21
4.7726e-21
2.89673e-21
2.00598e-20
0
5.73217e-16
0
2.72974e-10
0
0.000149945
0
99.89
0
8.29455e+07
1.77479e+08
5.13443e+07
1.16467e+07
2.36061e+06
439533
75698.5
12085.7
1795.32
256.612
37.2975
5.66232
0.899591
0.149793
0.0261702
0.00480079
0.000925203
0.00018737
3.98829e-05
8.9224e-06
2.09753e-06
5.18009e-07
1.34343e-07
3.65695e-08
1.04417e-08
3.12568e-09
9.80143e-10
3.21683e-10
1.10401e-10
3.95862e-11
1.48159e-11
5.78213e-12
2.35015e-12
9.93717e-13
4.36639e-13
1.99145e-13
9.4054e-14
4.64674e-14
2.14277e-14
0
0
0
2.97821e-26
3.01665e-26
2.36453e-26
1.61013e-26
1.64243e-25
0
0
0
0
2.14615e-20
0
5.8007e-15
0
2.0067e-09
0
0.00081275
0
394.638
0
2.32608e+08
7.90755e+07
1.84251e+07
3.75221e+06
698780
120260
19182.4
2846.62
406.411
58.9944
8.94387
1.41887
0.235902
0.04115
0.00753674
0.00145012
0.000293196
6.23054e-05
1.39155e-05
3.26585e-06
8.05183e-07
2.08467e-07
5.6651e-08
1.61483e-08
4.82573e-09
1.51068e-09
4.94971e-10
1.69589e-10
6.07078e-11
2.26835e-11
8.83812e-12
3.58645e-12
1.51405e-12
6.64225e-13
3.02477e-13
1.4264e-13
7.03664e-14
3.23937e-14
3.01056e-25
2.88949e-25
3.06361e-27
0
0
0
0
0
4.03128e-26
3.44529e-26
4.29358e-26
0
7.17416e-21
0
2.35388e-15
0
9.34484e-10
0
0.000465366
0
297.417
0
2.47439e+08
1.12425e+08
2.72221e+07
5.58452e+06
1.04126e+06
179183
28570.1
4237.51
604.583
87.6883
13.2816
2.10484
0.349567
0.0609068
0.0111419
0.00214112
0.000432352
9.17566e-05
2.04658e-05
4.79662e-06
1.18094e-06
3.05323e-07
8.28522e-08
2.35825e-08
7.03697e-09
2.19962e-09
7.19618e-10
2.46185e-10
8.79927e-11
3.28284e-11
1.27713e-11
5.17463e-12
2.18119e-12
9.55467e-13
4.34453e-13
2.04573e-13
1.00772e-13
4.63125e-14
0
0
0
4.85087e-31
5.08039e-31
3.61185e-31
2.15995e-31
2.50213e-30
0
0
3.18562e-26
0
7.71667e-21
0
2.22143e-15
0
7.97028e-10
0
0.000366809
0
220.488
0
1.74996e+08
1.48553e+08
3.7875e+07
7.84755e+06
1.46635e+06
252465
40258.9
5970.78
851.672
123.475
18.6919
2.96037
0.491299
0.0855342
0.0156338
0.00300165
0.000605548
0.000128387
2.86065e-05
6.69739e-06
1.64709e-06
4.25349e-07
1.15285e-07
3.27736e-08
9.7672e-09
3.04907e-09
9.96192e-10
3.40339e-10
1.21477e-10
4.52572e-11
1.75815e-11
7.11336e-12
2.99407e-12
1.30964e-12
5.94633e-13
2.79593e-13
1.37529e-13
6.30962e-14
8.40594e-30
7.91364e-30
1.0617e-31
0
0
0
0
0
4.80945e-31
2.83911e-30
0
3.80379e-25
0
6.71264e-20
0
1.42602e-14
0
3.71274e-09
0
0.00118254
0
447.83
0
1.83687e+08
5.00248e+07
1.04937e+07
1.9667e+06
338959
54080.7
8023.27
1144.59
165.934
25.1148
3.97643
0.65967
0.114795
0.0209711
0.00402406
0.000811294
0.00017189
3.82714e-05
8.95306e-06
2.19996e-06
5.67613e-07
1.53697e-07
4.36496e-08
1.29947e-08
4.05212e-09
1.32238e-09
4.51236e-10
1.6086e-10
5.98529e-11
2.32211e-11
9.3825e-12
3.94378e-12
1.72267e-12
7.81067e-13
3.66735e-13
1.80139e-13
8.25006e-14
0
0
0
1.18053e-35
1.44074e-35
8.88176e-36
4.43315e-36
5.63226e-35
0
3.22079e-31
0
5.05422e-26
0
9.98468e-21
0
2.574e-15
0
8.82224e-10
0
0.000406559
0
253.481
0
2.1421e+08
6.31934e+07
1.34486e+07
2.52986e+06
436657
69730.7
10351.7
1477.41
214.236
32.4287
5.13439
0.851686
0.148183
0.0270642
0.00519168
0.00104633
0.000221596
4.93153e-05
1.15305e-05
2.83164e-06
7.3012e-07
1.9756e-07
5.6063e-08
1.66763e-08
5.19548e-09
1.69388e-09
5.77413e-10
2.05619e-10
7.64209e-11
2.96141e-11
1.1951e-11
5.01708e-12
2.18865e-12
9.91028e-13
4.64688e-13
2.27944e-13
1.04212e-13
4.61382e-34
4.17865e-34
7.13852e-36
0
0
0
0
5.91042e-36
0
6.48985e-31
0
8.59789e-26
0
1.49887e-20
0
3.50962e-15
0
1.1164e-09
0
0.00048553
0
289.508
0
2.36547e+08
7.68638e+07
1.66228e+07
3.14026e+06
542982
86809.8
12898.4
1842.11
267.246
40.4663
6.40836
1.06316
0.184989
0.0337866
0.00648095
0.00130604
0.000276558
6.15346e-05
1.43839e-05
3.53124e-06
9.10163e-07
2.46168e-07
6.98214e-08
2.07568e-08
6.46257e-09
2.10548e-09
7.17157e-10
2.55165e-10
9.47482e-11
3.66803e-11
1.47872e-11
6.20094e-12
2.702e-12
1.22202e-12
5.72291e-13
2.80374e-13
1.27965e-13
0
0
0
1.22996e-40
6.55463e-40
5.25777e-40
0
1.32834e-35
0
1.14114e-30
0
1.30987e-25
0
2.05147e-20
0
4.42436e-15
0
1.3201e-09
0
0.000546115
0
313.212
0
2.4838e+08
9.05585e+07
1.99254e+07
3.78158e+06
655189
104889
15601.1
2229.93
323.716
49.0414
7.76943
1.28937
0.224411
0.0409957
0.0078652
0.00158522
0.00033571
7.47006e-05
1.74618e-05
4.28674e-06
1.1048e-06
2.98768e-07
8.47234e-08
2.51802e-08
7.83714e-09
2.55227e-09
8.68924e-10
3.08993e-10
1.14664e-10
4.43594e-11
1.78693e-11
7.48712e-12
3.25951e-12
1.47274e-12
6.89005e-13
3.37199e-13
1.53666e-13
5.571e-38
4.57707e-38
1.01915e-39
4.65796e-42
0
4.80705e-40
0
2.51958e-35
0
1.81285e-30
0
1.83225e-25
0
2.60815e-20
0
5.22507e-15
0
1.47159e-09
0
0.000581837
0
322.13
0
2.48609e+08
1.03883e+08
2.32726e+07
4.43823e+06
770615
123547
18397.3
2632.07
382.377
57.9639
9.18778
1.52546
0.265613
0.0485416
0.00931641
0.00187837
0.000397929
8.85736e-05
2.07109e-05
5.08574e-06
1.31103e-06
3.54608e-07
1.00573e-07
2.98937e-08
9.30454e-09
3.03007e-09
1.0315e-09
3.66747e-10
1.36064e-10
5.26222e-11
2.11897e-11
8.87432e-12
3.86138e-12
1.74363e-12
8.15188e-13
3.98667e-13
1.8146e-13
0
0
0
0
0
1.0199e-39
0
4.22832e-35
0
2.60857e-30
0
2.35894e-25
0
3.08616e-20
0
5.78922e-15
0
1.54813e-09
0
0.000587595
0
315.09
0
2.37263e+08
1.16541e+08
2.65926e+07
5.09639e+06
886861
142399
21230.1
3040.33
442.042
67.0542
10.6351
1.76674
0.307788
0.0562788
0.0108071
0.0021801
0.000462103
0.000102916
2.40781e-05
5.91595e-06
1.52591e-06
4.12956e-07
1.17184e-07
3.48485e-08
1.08518e-08
3.53546e-09
1.204e-09
4.28216e-10
1.58911e-10
6.14703e-11
2.47558e-11
1.03684e-11
4.5114e-12
2.03697e-12
9.52168e-13
4.65554e-13
2.11765e-13
1.92526e-41
1.11838e-41
3.36883e-43
9.53951e-44
0
1.83066e-39
0
6.27352e-35
0
3.3993e-30
0
2.79327e-25
0
3.39413e-20
0
6.00637e-15
0
1.53344e-09
0
0.000561018
0
292.288
0
2.15247e+08
1.28338e+08
2.98279e+07
5.7445e+06
1.00188e+06
161113
24049.3
3447.51
501.655
76.151
12.0856
2.00892
0.350186
0.0640705
0.0123112
0.00248519
0.000527149
0.000117491
2.75103e-05
6.76491e-06
1.7464e-06
4.73053e-07
1.3436e-07
3.99934e-08
1.24654e-08
4.06486e-09
1.38552e-09
4.93206e-10
1.83181e-10
7.09142e-11
2.85802e-11
1.19784e-11
5.21519e-12
2.35606e-12
1.10187e-12
5.38986e-13
2.45204e-13
0
0
0
1.75894e-43
0
2.79545e-39
0
8.2302e-35
0
4.00038e-30
0
3.02555e-25
0
3.44337e-20
0
5.78199e-15
0
1.41521e-09
0
0.000500634
0
254.007
0
1.8326e+08
1.39391e+08
3.3002e+07
6.38702e+06
1.11645e+06
179813
26873.4
3856.21
561.59
85.3095
13.5478
2.25334
0.393034
0.0719558
0.0138358
0.00279502
0.000593346
0.000132361
3.10215e-05
7.63615e-06
1.97347e-06
5.35177e-07
1.52189e-07
4.53573e-08
1.41556e-08
4.62212e-09
1.57758e-09
5.6233e-10
2.09136e-10
8.10706e-11
3.27167e-11
1.37298e-11
5.98524e-12
2.70724e-12
1.2676e-12
6.20747e-13
2.82736e-13
5.36722e-45
2.614e-45
0
2.59224e-43
0
3.54776e-39
0
9.3092e-35
0
4.13514e-30
0
2.90963e-25
0
3.12254e-20
0
4.99763e-15
0
1.17642e-09
0
0.000403309
0
199.612
0
1.4127e+08
1.49894e+08
3.61663e+07
7.03433e+06
1.23243e+06
198804
29748.8
4273.16
622.826
94.6781
15.0449
2.50382
0.436977
0.0800488
0.0154018
0.00311358
0.000661489
0.00014769
3.46471e-05
8.53749e-06
2.20891e-06
5.99756e-07
1.70775e-07
5.09665e-08
1.59291e-08
5.20899e-09
1.78063e-09
6.3571e-10
2.36806e-10
9.19459e-11
3.7166e-11
1.56223e-11
6.8213e-12
3.09035e-12
1.44926e-12
7.108e-13
3.2433e-13
0
2.94273e-47
0
2.65172e-43
0
3.38828e-39
0
8.22058e-35
0
3.40357e-30
0
2.25467e-25
0
2.29931e-20
0
3.5263e-15
0
8.01349e-10
0
0.000266982
0
129.167
0
8.98116e+07
1.59796e+08
3.93043e+07
7.68317e+06
1.34925e+06
217998
32662.3
4696.47
685.094
104.216
16.5704
2.75921
0.481803
0.0883079
0.0170007
0.00343895
0.000731122
0.000163363
3.83571e-05
9.46076e-06
2.45038e-06
6.66085e-07
1.89899e-07
5.67494e-08
1.77616e-08
5.81693e-09
1.99154e-09
7.12157e-10
2.65724e-10
1.03349e-10
4.18473e-11
1.76208e-11
7.70735e-12
3.49789e-12
1.64323e-12
8.07326e-13
3.6912e-13
0
1.88231e-47
0
1.20648e-43
0
1.52958e-39
0
3.55976e-35
0
1.40543e-30
0
8.89903e-26
0
8.7158e-21
0
1.29063e-15
0
2.84707e-10
0
9.2544e-05
0
43.885
0
3.00303e+07
1.69009e+08
4.23826e+07
8.32659e+06
1.46568e+06
237191
35583.3
5121.76
747.751
113.824
18.1087
3.01689
0.527052
0.0966473
0.0186153
0.00376758
0.000801463
0.000179199
4.21067e-05
1.03943e-05
2.69467e-06
7.33244e-07
2.09281e-07
6.26178e-08
1.9624e-08
6.43581e-09
2.20667e-09
7.90299e-10
2.95352e-10
1.15062e-10
4.66686e-11
1.96847e-11
8.62512e-12
3.92129e-12
1.84538e-12
9.0824e-13
4.16125e-13
1.70498e-50
0
9.0028e-47
0
7.33977e-43
0
1.03049e-38
0
2.43516e-34
0
9.27964e-30
0
5.51419e-25
0
5.00906e-20
0
6.90452e-15
0
1.44779e-09
0
0.000465722
0
231.572
0
1.77517e+08
4.53709e+07
8.95795e+06
1.5805e+06
256182
38481.4
5544.59
810.149
123.405
19.6439
3.27424
0.572263
0.104982
0.0202293
0.00409606
0.000871772
0.000195027
4.58544e-05
1.13274e-05
2.9389e-06
8.00409e-07
2.28674e-07
6.84938e-08
2.14905e-08
7.05676e-09
2.42281e-09
8.68928e-10
3.25216e-10
1.26891e-10
5.15481e-11
2.17782e-11
9.5583e-12
4.35288e-12
2.05198e-12
1.01165e-12
4.64451e-13
2.60201e-51
0
1.67418e-47
0
1.66372e-43
0
2.77494e-39
0
7.72899e-35
0
3.49306e-30
0
2.48981e-25
0
2.73862e-20
0
4.5762e-15
0
1.14791e-09
0
0.000427623
0
233.886
0
1.8529e+08
4.82421e+07
9.571e+06
1.69254e+06
274777
41326.6
5960.58
871.641
132.859
21.1603
3.52862
0.616973
0.113226
0.021826
0.00442104
0.000941322
0.000210682
4.95604e-05
1.225e-05
3.18036e-06
8.66811e-07
2.4785e-07
7.43057e-08
2.33375e-08
7.67164e-09
2.63701e-09
9.4694e-10
3.54885e-10
1.38659e-10
5.64105e-11
2.38682e-11
1.04917e-11
4.78548e-12
2.2595e-12
1.11576e-12
5.13247e-13
2.73702e-51
0
1.99706e-47
0
2.12183e-43
0
3.58996e-39
0
9.83595e-35
0
4.31264e-30
0
2.97012e-25
0
3.15964e-20
0
5.12384e-15
0
1.25285e-09
0
0.000457037
0
245.848
0
1.92282e+08
5.09724e+07
1.016e+07
1.80071e+06
292790
44089.9
6365.47
931.592
142.089
22.6423
3.77741
0.660725
0.121297
0.0233892
0.00473922
0.00100941
0.000226004
5.31866e-05
1.31524e-05
3.41648e-06
9.31732e-07
2.66596e-07
7.99873e-08
2.51434e-08
8.27302e-09
2.84662e-09
1.02333e-09
3.83962e-10
1.50206e-10
6.11874e-11
2.59244e-11
1.14115e-11
5.21251e-12
2.46475e-12
1.21893e-12
5.61726e-13
2.78113e-51
0
2.25587e-47
0
2.56015e-43
0
4.43479e-39
0
1.20819e-34
0
5.18551e-30
0
3.47365e-25
0
3.59107e-20
0
5.67084e-15
0
1.35492e-09
0
0.000484872
0
256.844
0
1.98506e+08
5.3542e+07
1.072e+07
1.90402e+06
310050
46744.4
6755.22
989.401
151
24.0747
4.01809
0.703076
0.129112
0.0249034
0.00504741
0.00107535
0.00024084
5.66968e-05
1.40257e-05
3.64487e-06
9.94504e-07
2.84716e-07
8.54776e-08
2.68882e-08
8.85408e-09
3.04919e-09
1.09718e-09
4.12088e-10
1.61383e-10
6.58155e-11
2.79188e-11
1.23048e-11
5.62782e-12
2.66467e-12
1.3196e-12
6.09136e-13
2.78368e-51
0
2.46847e-47
0
2.97703e-43
0
5.29721e-39
0
1.44377e-34
0
6.10133e-30
0
3.99426e-25
0
4.02741e-20
0
6.2103e-15
0
1.45298e-09
0
0.000510906
0
266.842
0
2.03985e+08
5.59334e+07
1.12461e+07
2.00152e+06
326390
49263.7
7125.85
1044.46
159.5
25.4424
4.24808
0.743574
0.136589
0.0263524
0.00534237
0.00113846
0.000255036
6.00545e-05
1.48607e-05
3.86316e-06
1.05447e-06
3.02017e-07
9.07175e-08
2.8553e-08
9.40833e-09
3.24239e-09
1.16762e-09
4.38921e-10
1.72051e-10
7.02357e-11
2.98251e-11
1.31594e-11
6.02564e-12
2.85642e-12
1.4163e-12
6.5477e-13
2.75906e-51
0
2.63787e-47
0
3.36024e-43
0
6.14705e-39
0
1.683e-34
0
7.0358e-30
0
4.51997e-25
0
4.45995e-20
0
6.73333e-15
0
1.54582e-09
0
0.000534952
0
275.831
0
2.08759e+08
5.81337e+07
1.17346e+07
2.09243e+06
341668
51624.8
7473.88
1096.25
167.504
26.7318
4.46509
0.781813
0.143653
0.0277217
0.00562118
0.00119812
0.000268453
6.32271e-05
1.56493e-05
4.06922e-06
1.11105e-06
3.18331e-07
9.56559e-08
3.0121e-08
9.93016e-09
3.42423e-09
1.2339e-09
4.64171e-10
1.82091e-10
7.43969e-11
3.16206e-11
1.3965e-11
6.40096e-12
3.03753e-12
1.50773e-12
6.98e-13
2.71822e-51
0
2.76924e-47
0
3.70242e-43
0
6.95812e-39
0
1.91858e-34
0
7.96315e-30
0
5.03805e-25
0
4.87975e-20
0
7.23122e-15
0
1.63234e-09
0
0.000556858
0
283.817
0
2.12872e+08
6.01323e+07
1.21819e+07
2.17603e+06
355756
53806.6
7796.05
1144.26
174.934
27.9298
4.66691
0.817401
0.15023
0.0289974
0.00588097
0.00125371
0.000280956
6.61828e-05
1.63838e-05
4.26105e-06
1.16368e-06
3.33499e-07
1.00244e-07
3.1577e-08
1.04144e-08
3.59288e-09
1.29535e-09
4.87572e-10
1.91394e-10
7.82532e-11
3.3285e-11
1.47121e-11
6.74922e-12
3.20571e-12
1.59273e-12
7.38249e-13
2.66927e-51
0
2.86862e-47
0
4.00024e-43
0
7.70957e-39
0
2.14369e-34
0
8.8579e-30
0
5.53577e-25
0
5.27805e-20
0
7.69578e-15
0
1.71156e-09
0
0.000576509
0
290.815
0
2.16373e+08
6.19212e+07
1.25855e+07
2.2517e+06
368541
55790.5
8089.47
1188.04
181.717
29.0248
4.85152
0.849976
0.156254
0.0301664
0.00611911
0.00130467
0.000292419
6.88925e-05
1.7057e-05
4.43678e-06
1.21188e-06
3.47379e-07
1.0444e-07
3.29073e-08
1.08565e-08
3.74674e-09
1.35138e-09
5.08897e-10
1.99869e-10
8.17652e-11
3.48007e-11
1.53925e-11
7.06656e-12
3.35905e-12
1.67029e-12
7.75023e-13
2.61808e-51
0
2.94198e-47
0
4.25327e-43
0
8.38585e-39
0
2.35233e-34
0
9.696e-30
0
6.00093e-25
0
5.64657e-20
0
8.11951e-15
0
1.78264e-09
0
0.000593821
0
296.853
0
2.1931e+08
6.34946e+07
1.29429e+07
2.31894e+06
379926
57560.4
8351.61
1227.2
187.791
30.0061
5.0171
0.879216
0.161665
0.0312168
0.00633318
0.0013505
0.000302727
7.13292e-05
1.76622e-05
4.59473e-06
1.25518e-06
3.5984e-07
1.08204e-07
3.40999e-08
1.12525e-08
3.88445e-09
1.40148e-09
5.27953e-10
2.07437e-10
8.49002e-11
3.61534e-11
1.59997e-11
7.34976e-12
3.49594e-12
1.73956e-12
8.07905e-13
2.56888e-51
0
2.99478e-47
0
4.46285e-43
0
8.97585e-39
0
2.53935e-34
0
1.04552e-29
0
6.422e-25
0
5.97752e-20
0
8.49551e-15
0
1.84482e-09
0
0.000608729
0
301.955
0
2.2173e+08
6.48479e+07
1.32521e+07
2.37729e+06
389825
59101.6
8580.17
1261.39
193.097
30.8641
5.16198
0.904818
0.166405
0.0321375
0.00652091
0.00139071
0.000311773
7.34675e-05
1.81933e-05
4.7333e-06
1.29315e-06
3.70762e-07
1.11501e-07
3.51437e-08
1.15988e-08
4.00474e-09
1.44521e-09
5.4457e-10
2.14032e-10
8.763e-11
3.73306e-11
1.6528e-11
7.59613e-12
3.61504e-12
1.79985e-12
8.36552e-13
2.52461e-51
0
3.03176e-47
0
4.63149e-43
0
9.47274e-39
0
2.70068e-34
0
1.11168e-29
0
6.78896e-25
0
6.26416e-20
0
8.81799e-15
0
1.89753e-09
0
0.000621194
0
306.151
0
2.23676e+08
6.59785e+07
1.35118e+07
2.42641e+06
398172
60403
8773.36
1290.31
197.59
31.591
5.28481
0.926536
0.170429
0.0329195
0.00668043
0.00142488
0.000319465
7.52862e-05
1.8645e-05
4.85115e-06
1.32543e-06
3.80045e-07
1.14301e-07
3.60295e-08
1.18924e-08
4.10666e-09
1.48222e-09
5.58621e-10
2.19603e-10
8.9934e-11
3.83235e-11
1.69733e-11
7.80375e-12
3.7154e-12
1.85067e-12
8.60718e-13
2.4873e-51
0
3.05683e-47
0
4.76202e-43
0
9.87243e-39
0
2.83313e-34
0
1.16648e-29
0
7.09312e-25
0
6.50064e-20
0
9.08195e-15
0
1.94025e-09
0
0.000631187
0
309.471
0
2.25186e+08
6.68844e+07
1.37209e+07
2.46602e+06
404913
61454.9
8929.65
1313.72
201.229
32.1803
5.38441
0.944158
0.173695
0.0335547
0.00681008
0.00145268
0.000325722
7.67663e-05
1.90128e-05
4.94709e-06
1.35171e-06
3.87599e-07
1.16579e-07
3.67496e-08
1.21309e-08
4.18935e-09
1.51222e-09
5.69997e-10
2.24109e-10
9.17957e-11
3.91251e-11
1.73326e-11
7.9712e-12
3.79633e-12
1.89165e-12
8.80225e-13
2.45832e-51
0
3.07302e-47
0
4.85715e-43
0
1.01729e-38
0
2.93433e-34
0
1.20866e-29
0
7.32747e-25
0
6.68222e-20
0
9.28344e-15
0
1.97262e-09
0
0.000638693
0
311.937
0
2.2629e+08
6.75646e+07
1.38783e+07
2.49591e+06
410003
62250
9047.86
1331.44
203.984
32.6265
5.45989
0.95752
0.176173
0.0340369
0.00690856
0.0014738
0.000330481
7.78925e-05
1.92927e-05
5.02014e-06
1.37172e-06
3.9335e-07
1.18313e-07
3.72974e-08
1.23122e-08
4.25216e-09
1.53498e-09
5.78619e-10
2.2752e-10
9.32037e-11
3.97308e-11
1.76039e-11
8.09757e-12
3.8574e-12
1.92258e-12
8.94969e-13
2.43854e-51
0
3.08256e-47
0
4.91916e-43
0
1.03733e-38
0
3.00263e-34
0
1.23729e-29
0
7.48665e-25
0
6.80528e-20
0
9.41942e-15
0
1.99436e-09
0
0.000643701
0
313.57
0
2.27012e+08
6.80183e+07
1.39836e+07
2.51592e+06
413413
62782.9
9127.09
1343.32
205.832
32.926
5.51056
0.966493
0.177838
0.0343612
0.00697484
0.00148803
0.00033369
7.86527e-05
1.94818e-05
5.06953e-06
1.38526e-06
3.97241e-07
1.19486e-07
3.76678e-08
1.24347e-08
4.29458e-09
1.55034e-09
5.84429e-10
2.29816e-10
9.41504e-11
4.01377e-11
1.77861e-11
8.18241e-12
3.89842e-12
1.94338e-12
9.04907e-13
2.42849e-51
0
3.08693e-47
0
4.94968e-43
0
1.04734e-38
0
3.03701e-34
0
1.25175e-29
0
7.56712e-25
0
6.86741e-20
0
9.48791e-15
0
2.00527e-09
0
0.000646206
0
314.384
0
2.2737e+08
6.82453e+07
1.40363e+07
2.52594e+06
415121
63049.9
9166.8
1349.27
206.758
33.0761
5.53597
0.970999
0.178676
0.0345245
0.00700828
0.00149522
0.000335316
7.90388e-05
1.9578e-05
5.09471e-06
1.39217e-06
3.99231e-07
1.20086e-07
3.78575e-08
1.24974e-08
4.31626e-09
1.55818e-09
5.87393e-10
2.30986e-10
9.46322e-11
4.03447e-11
1.78788e-11
8.22567e-12
3.91939e-12
1.95405e-12
9.10056e-13
2.42841e-51
0
3.08684e-47
0
4.94956e-43
0
1.04732e-38
0
3.03696e-34
0
1.25173e-29
0
7.56706e-25
0
6.86738e-20
0
9.48788e-15
0
2.00526e-09
0
0.000646206
0
314.383
0
2.2737e+08
6.82452e+07
1.40363e+07
2.52593e+06
415118
63049.3
9166.68
1349.25
206.755
33.0758
5.53592
0.970998
0.178677
0.0345252
0.00700853
0.00149531
0.000335341
7.90463e-05
1.95803e-05
5.0954e-06
1.39238e-06
3.99297e-07
1.20107e-07
3.78642e-08
1.24997e-08
4.31704e-09
1.55846e-09
5.87495e-10
2.31026e-10
9.4649e-11
4.03523e-11
1.78825e-11
8.2276e-12
3.92048e-12
1.9547e-12
9.10473e-13
2.43829e-51
0
3.08228e-47
0
4.91877e-43
0
1.03726e-38
0
3.00248e-34
0
1.23724e-29
0
7.48646e-25
0
6.80517e-20
0
9.41932e-15
0
1.99434e-09
0
0.000643699
0
313.57
0
2.27012e+08
6.80181e+07
1.39834e+07
2.51588e+06
413403
62781.2
9126.76
1343.27
205.824
32.925
5.51044
0.966494
0.177843
0.0343635
0.00697563
0.00148828
0.000333765
7.8675e-05
1.94884e-05
5.07154e-06
1.38587e-06
3.97434e-07
1.19547e-07
3.76879e-08
1.24415e-08
4.29692e-09
1.55118e-09
5.84747e-10
2.29942e-10
9.4204e-11
4.01622e-11
1.77981e-11
8.1888e-12
3.90203e-12
1.94553e-12
9.0626e-13
2.45788e-51
0
3.07253e-47
0
4.8565e-43
0
1.01718e-38
0
2.93408e-34
0
1.20858e-29
0
7.32716e-25
0
6.68203e-20
0
9.28327e-15
0
1.9726e-09
0
0.000638689
0
311.936
0
2.26289e+08
6.75641e+07
1.3878e+07
2.49586e+06
409988
62247.4
9047.35
1331.37
203.972
32.6253
5.45977
0.957536
0.176184
0.0340412
0.00690993
0.00147422
0.000330605
7.7929e-05
1.93035e-05
5.0234e-06
1.37272e-06
3.93661e-07
1.18413e-07
3.73302e-08
1.23234e-08
4.25611e-09
1.53644e-09
5.79181e-10
2.2775e-10
9.33042e-11
3.97778e-11
1.76274e-11
8.11013e-12
3.86448e-12
1.9268e-12
8.97549e-13
2.48667e-51
0
3.05614e-47
0
4.76111e-43
0
9.8709e-39
0
2.83278e-34
0
1.16637e-29
0
7.09268e-25
0
6.50037e-20
0
9.08171e-15
0
1.94022e-09
0
0.00063118
0
309.469
0
2.25184e+08
6.68835e+07
1.37204e+07
2.46594e+06
404891
61451.6
8929.04
1313.64
201.217
32.1793
5.38439
0.94421
0.173715
0.0335615
0.00681211
0.00145327
0.000325894
7.6816e-05
1.90273e-05
4.95145e-06
1.35304e-06
3.88016e-07
1.16714e-07
3.67946e-08
1.21465e-08
4.195e-09
1.51437e-09
5.70855e-10
2.24473e-10
9.19599e-11
3.92038e-11
1.73727e-11
7.9927e-12
3.80843e-12
1.8988e-12
8.84501e-13
2.52377e-51
0
3.03087e-47
0
4.63032e-43
0
9.47079e-39
0
2.70025e-34
0
1.11155e-29
0
6.7884e-25
0
6.26381e-20
0
8.81767e-15
0
1.89748e-09
0
0.000621184
0
306.148
0
2.23674e+08
6.59771e+07
1.35113e+07
2.42631e+06
398148
60399.5
8772.74
1290.24
197.581
31.5911
5.28502
0.926644
0.170462
0.0329294
0.00668321
0.00142566
0.000319683
7.53481e-05
1.8663e-05
4.85648e-06
1.32706e-06
3.80559e-07
1.14469e-07
3.60867e-08
1.19127e-08
4.11424e-09
1.4852e-09
5.59856e-10
2.20145e-10
9.01857e-11
3.84467e-11
1.70368e-11
7.83795e-12
3.73459e-12
1.86192e-12
8.67303e-13
2.5678e-51
0
2.99365e-47
0
4.46142e-43
0
8.9735e-39
0
2.53884e-34
0
1.04537e-29
0
6.42133e-25
0
5.9771e-20
0
8.49511e-15
0
1.84477e-09
0
0.000608716
0
301.949
0
2.21727e+08
6.4846e+07
1.32515e+07
2.37717e+06
389799
59098.4
8579.66
1261.36
193.096
30.8659
5.16255
0.905005
0.166455
0.0321512
0.00652452
0.00139168
0.000312037
7.3541e-05
1.82144e-05
4.73952e-06
1.29505e-06
3.7137e-07
1.11703e-07
3.5214e-08
1.16245e-08
4.01467e-09
1.44925e-09
5.46298e-10
2.14812e-10
8.8e-11
3.75144e-11
1.66233e-11
7.64757e-12
3.64378e-12
1.81658e-12
8.46167e-13
2.61673e-51
0
2.94062e-47
0
4.25159e-43
0
8.38315e-39
0
2.35175e-34
0
9.69422e-30
0
6.00016e-25
0
5.64608e-20
0
8.11904e-15
0
1.78257e-09
0
0.000593804
0
296.846
0
2.19306e+08
6.34923e+07
1.29421e+07
2.31882e+06
379902
57558.2
8351.34
1227.23
187.801
30.0103
5.01815
0.879502
0.161735
0.0312346
0.00633768
0.00135167
0.000303037
7.14141e-05
1.76863e-05
4.60186e-06
1.25737e-06
3.60551e-07
1.08446e-07
3.41863e-08
1.12851e-08
3.89738e-09
1.40689e-09
5.30329e-10
2.08531e-10
8.54263e-11
3.64169e-11
1.61368e-11
7.42363e-12
3.53701e-12
1.76331e-12
8.21336e-13
2.66761e-51
0
2.86702e-47
0
3.99832e-43
0
7.70657e-39
0
2.14304e-34
0
8.85595e-30
0
5.53492e-25
0
5.27749e-20
0
7.69523e-15
0
1.71148e-09
0
0.000576488
0
290.807
0
2.16367e+08
6.19185e+07
1.25847e+07
2.2516e+06
368523
55790.1
8089.57
1188.14
181.742
29.0319
4.85314
0.850376
0.156347
0.0301888
0.00612456
0.00130605
0.000292777
6.89896e-05
1.70845e-05
4.44495e-06
1.21443e-06
3.4822e-07
1.04732e-07
3.30147e-08
1.08981e-08
3.76364e-09
1.3586e-09
5.12119e-10
2.01369e-10
8.24918e-11
3.51657e-11
1.55823e-11
7.16846e-12
3.4154e-12
1.70264e-12
7.93074e-13
2.71621e-51
0
2.7674e-47
0
3.7003e-43
0
6.95489e-39
0
1.91789e-34
0
7.9611e-30
0
5.03715e-25
0
4.87916e-20
0
7.23063e-15
0
1.63225e-09
0
0.000556835
0
283.807
0
2.12866e+08
6.01297e+07
1.21813e+07
2.17597e+06
355749
53808.9
7796.67
1144.46
174.977
27.9404
4.66918
0.817922
0.150346
0.0290246
0.00588742
0.00125531
0.000281369
6.62945e-05
1.64156e-05
4.27059e-06
1.16672e-06
3.34519e-07
1.00607e-07
3.17129e-08
1.0468e-08
3.61503e-09
1.30492e-09
4.9188e-10
1.93409e-10
7.92304e-11
3.37752e-11
1.49661e-11
6.88495e-12
3.2803e-12
1.63528e-12
7.61699e-13
2.75663e-51
0
2.63578e-47
0
3.35796e-43
0
6.14368e-39
0
1.6823e-34
0
7.03372e-30
0
4.51906e-25
0
4.45935e-20
0
6.73273e-15
0
1.54573e-09
0
0.000534929
0
275.821
0
2.08752e+08
5.81316e+07
1.17341e+07
2.09244e+06
341678
51630.6
7475.15
1096.57
167.568
26.7461
4.46803
0.78246
0.143793
0.0277538
0.0056287
0.00119997
0.000268931
6.33571e-05
1.56868e-05
4.08065e-06
1.11475e-06
3.19598e-07
9.61143e-08
3.02954e-08
9.99971e-09
3.4532e-09
1.24648e-09
4.6984e-10
1.8474e-10
7.56784e-11
3.22609e-11
1.4295e-11
6.57622e-12
3.13321e-12
1.56194e-12
7.27551e-13
2.78077e-51
0
2.46614e-47
0
2.97463e-43
0
5.29381e-39
0
1.44308e-34
0
6.0993e-30
0
3.99337e-25
0
4.02682e-20
0
6.20972e-15
0
1.45289e-09
0
0.000510885
0
266.833
0
2.03979e+08
5.59323e+07
1.1246e+07
2.00164e+06
326422
49273.8
7127.87
1044.91
159.586
25.4606
4.2517
0.744347
0.136754
0.0263897
0.00535108
0.00114061
0.000255596
6.02089e-05
1.49059e-05
3.8772e-06
1.05909e-06
3.03623e-07
9.1305e-08
2.87782e-08
9.49851e-09
3.28001e-09
1.18393e-09
4.46251e-10
1.75462e-10
7.18766e-11
3.06399e-11
1.35767e-11
6.24575e-12
2.97576e-12
1.48345e-12
6.91007e-13
2.77765e-51
0
2.2533e-47
0
2.55768e-43
0
4.43146e-39
0
1.20754e-34
0
5.1836e-30
0
3.47282e-25
0
3.59054e-20
0
5.67033e-15
0
1.35485e-09
0
0.000484857
0
256.839
0
1.98502e+08
5.35427e+07
1.07205e+07
1.90426e+06
310110
46759.5
6758.07
989.985
151.109
24.0967
4.02239
0.703977
0.129303
0.0249464
0.00505752
0.00107787
0.000241506
5.68838e-05
1.40814e-05
3.66246e-06
1.00037e-06
2.86771e-07
8.62326e-08
2.71781e-08
8.97005e-09
3.09741e-09
1.11798e-09
4.21385e-10
1.65681e-10
6.78688e-11
2.89311e-11
1.28194e-11
5.89734e-12
2.80976e-12
1.40069e-12
6.52479e-13
2.73548e-51
0
1.99609e-47
0
2.12071e-43
0
3.58811e-39
0
9.83172e-35
0
4.31126e-30
0
2.96948e-25
0
3.15922e-20
0
5.12347e-15
0
1.25281e-09
0
0.000457032
0
245.848
0
1.92283e+08
5.09755e+07
1.01612e+07
1.80111e+06
292881
44110.4
6369.19
932.316
142.22
22.6681
3.78241
0.661761
0.121517
0.0234391
0.00475107
0.00101241
0.000226811
5.34171e-05
1.32221e-05
3.43872e-06
9.39195e-07
2.69221e-07
8.09518e-08
2.55128e-08
8.42011e-09
2.90743e-09
1.04938e-09
3.95518e-10
1.55508e-10
6.37002e-11
2.71537e-11
1.20317e-11
5.53493e-12
2.63709e-12
1.3146e-12
6.12396e-13
2.37514e-51
0
1.5393e-47
0
1.56283e-43
0
2.66215e-39
0
7.53643e-35
0
3.44431e-30
0
2.47228e-25
0
2.73013e-20
0
4.57106e-15
0
1.14758e-09
0
0.000427615
0
233.894
0
1.85297e+08
4.82485e+07
9.57301e+06
1.69312e+06
274902
41352.8
5965.21
872.504
133.013
21.1901
3.53435
0.61816
0.113481
0.0218843
0.00443514
0.000944955
0.000211675
4.98476e-05
1.23377e-05
3.20849e-06
8.7627e-07
2.51173e-07
7.55224e-08
2.3801e-08
7.85496e-09
2.71222e-09
9.78908e-10
3.6895e-10
1.45059e-10
5.94195e-11
2.53286e-11
1.12229e-11
5.16282e-12
2.45978e-12
1.2262e-12
5.71235e-13
1.60989e-50
0
8.53446e-47
0
7.0219e-43
0
9.95354e-39
0
2.37269e-34
0
9.10927e-30
0
5.44611e-25
0
4.97071e-20
0
6.87519e-15
0
1.44488e-09
0
0.000465384
0
231.546
0
1.77534e+08
4.53811e+07
8.96091e+06
1.58128e+06
256343
38513.4
5550.11
811.15
123.582
19.6778
3.2808
0.573628
0.105279
0.0202983
0.00411306
0.000876219
0.000196257
4.62132e-05
1.14374e-05
2.97423e-06
8.12261e-07
2.32819e-07
7.00023e-08
2.2061e-08
7.28063e-09
2.51389e-09
9.07319e-10
3.41966e-10
1.3445e-10
5.50733e-11
2.34759e-11
1.04019e-11
4.78513e-12
2.27983e-12
1.13649e-12
5.29455e-13
0
1.88389e-47
0
1.20568e-43
0
1.52649e-39
0
3.54915e-35
0
1.40037e-30
0
8.86362e-26
0
8.67932e-21
0
1.2851e-15
0
2.83476e-10
0
9.2143e-05
0
43.6949
0
2.99003e+07
1.69037e+08
4.23971e+07
8.33058e+06
1.46666e+06
237387
35621
5128.16
748.892
114.026
18.1471
3.02442
0.528637
0.0969978
0.0186982
0.00378828
0.000806937
0.000180724
4.2553e-05
1.05311e-05
2.73845e-06
7.47856e-07
2.14356e-07
6.44506e-08
2.03114e-08
6.70325e-09
2.31455e-09
8.35379e-10
3.14855e-10
1.23792e-10
5.07081e-11
2.16154e-11
9.57761e-12
4.40596e-12
2.09919e-12
1.04644e-12
4.87521e-13
0
2.94577e-47
0
2.65142e-43
0
3.38562e-39
0
8.21033e-35
0
3.39831e-30
0
2.25077e-25
0
2.2951e-20
0
3.51967e-15
0
7.99824e-10
0
0.000266472
0
128.921
0
8.96403e+07
1.59838e+08
3.93235e+07
7.68822e+06
1.35044e+06
218229
32705.5
4703.76
686.381
104.444
16.6143
2.76792
0.483664
0.0887262
0.0171008
0.00346421
0.000737842
0.00016524
3.89055e-05
9.62817e-06
2.50365e-06
6.83735e-07
1.95979e-07
5.89261e-08
1.85707e-08
6.12892e-09
2.11629e-09
7.6384e-10
2.879e-10
1.13197e-10
4.63692e-11
1.97663e-11
8.75852e-12
4.02924e-12
1.91975e-12
9.56997e-13
4.45874e-13
5.36728e-45
2.61432e-45
0
2.58988e-43
0
3.54399e-39
0
9.29816e-35
0
4.12985e-30
0
2.90574e-25
0
3.11826e-20
0
4.99069e-15
0
1.17479e-09
0
0.000402749
0
199.335
0
1.41074e+08
1.49952e+08
3.61903e+07
7.04044e+06
1.2338e+06
199070
29797.6
4281.37
624.273
94.9383
15.0953
2.514
0.439179
0.08055
0.0155227
0.00314423
0.000669648
0.000149963
3.53082e-05
8.73802e-06
2.27223e-06
6.20556e-07
1.77877e-07
5.34855e-08
1.68568e-08
5.56353e-09
1.92115e-09
6.93438e-10
2.61375e-10
1.02772e-10
4.21006e-11
1.79474e-11
7.95285e-12
3.65874e-12
1.74328e-12
8.69052e-13
4.04927e-13
0
0
0
1.75483e-43
0
2.78998e-39
0
8.21756e-35
0
3.99505e-30
0
3.02184e-25
0
3.43934e-20
0
5.77543e-15
0
1.41364e-09
0
0.000500085
0
253.73
0
1.83061e+08
1.39467e+08
3.30309e+07
6.39414e+06
1.11801e+06
180111
26927.7
3865.4
563.216
85.6062
13.6059
2.26526
0.395637
0.0725526
0.0139801
0.00283158
0.000603044
0.000135047
3.17971e-05
7.86941e-06
2.04647e-06
5.58937e-07
1.60226e-07
4.81818e-08
1.51865e-08
5.01262e-09
1.73104e-09
6.24863e-10
2.35543e-10
9.26206e-11
3.79443e-11
1.61764e-11
7.16847e-12
3.29804e-12
1.57149e-12
7.83444e-13
3.65067e-13
1.92527e-41
1.11837e-41
3.30456e-43
9.07259e-44
0
1.8256e-39
0
6.2622e-35
0
3.39473e-30
0
2.79019e-25
0
3.39082e-20
0
6.00096e-15
0
1.53212e-09
0
0.000560549
0
292.047
0
2.1507e+08
1.28433e+08
2.98614e+07
5.75257e+06
1.00362e+06
161443
24109
3457.69
503.472
76.4872
12.1521
2.0227
0.353211
0.0647656
0.0124789
0.00252748
0.000538284
0.000120549
2.83852e-05
7.02552e-06
1.82718e-06
4.99092e-07
1.43086e-07
4.30325e-08
1.3565e-08
4.47795e-09
1.54657e-09
5.58337e-10
2.10488e-10
8.27763e-11
3.39144e-11
1.44596e-11
6.40812e-12
2.94842e-12
1.40499e-12
7.00471e-13
3.26433e-13
0
0
0
7.068e-44
0
1.01641e-39
0
4.22009e-35
0
2.60528e-30
0
2.35678e-25
0
3.08391e-20
0
5.7856e-15
0
1.54725e-09
0
0.000587278
0
314.924
0
2.37138e+08
1.16654e+08
2.663e+07
5.10523e+06
888738
142757
21294.7
3051.45
444.037
67.4272
10.7093
1.78218
0.311172
0.0570544
0.0109931
0.00222664
0.000474248
0.000106218
2.50134e-05
6.19173e-06
1.61054e-06
4.39977e-07
1.26157e-07
3.79467e-08
1.19637e-08
3.94994e-09
1.36442e-09
4.92653e-10
1.85754e-10
7.30599e-11
2.99375e-11
1.27656e-11
5.65808e-12
2.6036e-12
1.2408e-12
6.18661e-13
2.88343e-13
5.57103e-38
4.57702e-38
1.00784e-39
0
0
4.78855e-40
0
2.51476e-35
0
1.81093e-30
0
1.83109e-25
0
2.60708e-20
0
5.22354e-15
0
1.47125e-09
0
0.000581723
0
322.071
0
2.48564e+08
1.0401e+08
2.33126e+07
4.4476e+06
772595
123926
18466.1
2643.99
384.522
58.3667
9.26782
1.54208
0.269236
0.0493663
0.00951249
0.00192698
0.000410486
9.19533e-05
2.16582e-05
5.36225e-06
1.39506e-06
3.81188e-07
1.09322e-07
3.28894e-08
1.03713e-08
3.42488e-09
1.18329e-09
4.27334e-10
1.61156e-10
6.33973e-11
2.59829e-11
1.10813e-11
4.9124e-12
2.26084e-12
1.07761e-12
5.3737e-13
2.50499e-13
0
0
0
9.16845e-40
6.64229e-40
5.25169e-40
0
1.32595e-35
0
1.14024e-30
0
1.30948e-25
0
2.05137e-20
0
4.42471e-15
0
1.3203e-09
0
0.000546214
0
313.274
0
2.48429e+08
9.06955e+07
1.99666e+07
3.7912e+06
657225
105283
15672.8
2242.46
325.971
49.4646
7.85302
1.30661
0.228132
0.0418342
0.00806246
0.00163359
0.000348075
7.79941e-05
1.83757e-05
4.55091e-06
1.18434e-06
3.23706e-07
9.28634e-08
2.79459e-08
8.81482e-09
2.91165e-09
1.00623e-09
3.63479e-10
1.37108e-10
5.39494e-11
2.21158e-11
9.43413e-12
4.18308e-12
1.92558e-12
9.17999e-13
4.5786e-13
2.13485e-13
4.61385e-34
4.17861e-34
7.08263e-36
0
0
0
0
5.91176e-36
0
6.49234e-31
0
8.6022e-26
0
1.49966e-20
0
3.51153e-15
0
1.11703e-09
0
0.000485815
0
289.682
0
2.36689e+08
7.70044e+07
1.66636e+07
3.14982e+06
545016
87207
12971.3
1854.92
269.551
40.8973
6.49282
1.08039
0.188667
0.0346054
0.0066712
0.00135214
0.000288209
6.46049e-05
1.52274e-05
3.77278e-06
9.82251e-07
2.68585e-07
7.70827e-08
2.32063e-08
7.32267e-09
2.41968e-09
8.365e-10
3.0227e-10
1.14055e-10
4.48921e-11
1.84081e-11
7.85462e-12
3.48363e-12
1.604e-12
7.64872e-13
3.81572e-13
1.77964e-13
0
0
0
1.82826e-35
1.44641e-35
8.88399e-36
3.96792e-36
5.55608e-35
0
2.87632e-31
0
4.7232e-26
0
9.63043e-21
0
2.53247e-15
0
8.77532e-10
0
0.0004064
0
253.744
0
2.14432e+08
6.33331e+07
1.3488e+07
2.53909e+06
438632
70119.3
10423.3
1490.05
216.508
32.8519
5.2166
0.868297
0.151685
0.0278339
0.00536822
0.00108858
0.000232148
5.20656e-05
1.22785e-05
3.04383e-06
7.92908e-07
2.16932e-07
6.2293e-08
1.87639e-08
5.92404e-09
1.95852e-09
6.77406e-10
2.44895e-10
9.2447e-11
3.64022e-11
1.49326e-11
6.374e-12
2.82792e-12
1.30251e-12
6.2129e-13
3.10029e-13
1.44644e-13
8.40602e-30
7.91356e-30
1.05543e-31
0
0
0
0
0
4.81194e-31
2.80305e-30
0
3.75734e-25
0
6.64583e-20
0
1.41483e-14
0
3.69079e-09
0
0.00117771
0
446.892
0
1.8397e+08
5.01604e+07
1.0531e+07
1.97541e+06
340824
54449.3
8091.27
1156.59
168.083
25.5132
4.05322
0.675042
0.118
0.0216675
0.00418188
0.000848616
0.000181105
4.0647e-05
9.59254e-06
2.37969e-06
6.2034e-07
1.69839e-07
4.88038e-08
1.47108e-08
4.64754e-09
1.53751e-09
5.3213e-10
1.92494e-10
7.27087e-11
2.86462e-11
1.17573e-11
5.02115e-12
2.22877e-12
1.027e-12
4.9008e-13
2.44647e-13
1.1419e-13
0
0
0
5.89551e-31
5.08755e-31
3.61207e-31
2.03028e-31
2.4889e-30
0
0
3.16976e-26
0
7.67662e-21
0
2.20973e-15
0
7.92802e-10
0
0.000364861
0
219.319
0
1.74069e+08
1.4888e+08
3.80056e+07
7.88243e+06
1.47446e+06
254191
40598.7
6033.12
862.614
125.422
19.0504
3.02891
0.504904
0.0883446
0.0162384
0.00313726
0.000637287
0.000136143
3.05863e-05
7.22529e-06
1.79413e-06
4.6813e-07
1.28282e-07
3.68946e-08
1.11305e-08
3.51937e-09
1.16523e-09
4.03601e-10
1.46111e-10
5.52297e-11
2.17752e-11
8.94335e-12
3.82191e-12
1.69751e-12
7.82668e-13
3.73695e-13
1.86645e-13
8.71674e-14
3.01059e-25
2.88947e-25
3.04969e-27
0
0
0
0
0
4.03237e-26
3.44624e-26
4.16364e-26
0
7.07906e-21
0
2.33699e-15
0
9.31411e-10
0
0.000464765
0
297.224
0
2.47277e+08
1.12784e+08
2.73467e+07
5.61691e+06
1.0487e+06
180754
28876.3
4293.04
614.224
89.3845
13.5907
2.16336
0.361076
0.0632624
0.0116441
0.00225276
0.000458253
9.80312e-05
2.20538e-05
5.21656e-06
1.29699e-06
3.38832e-07
9.29601e-08
2.67663e-08
8.08382e-09
2.55871e-09
8.48019e-10
2.94013e-10
1.06537e-10
4.03071e-11
1.59054e-11
6.53797e-12
2.7962e-12
1.24289e-12
5.73474e-13
2.74004e-13
1.36944e-13
6.40017e-14
0
0
0
3.28898e-26
3.01829e-26
2.36448e-26
1.55938e-26
1.63624e-25
0
0
0
0
2.06933e-20
0
5.60993e-15
0
1.95213e-09
0
0.00079621
0
390.097
0
2.32994e+08
7.94401e+07
1.854e+07
3.7814e+06
705418
121645
19449.3
2894.37
414.589
60.4133
9.1992
1.46663
0.245195
0.0430335
0.00793469
0.00153786
0.000313388
6.71602e-05
1.51353e-05
3.5862e-06
8.93121e-07
2.33699e-07
6.42158e-08
1.85174e-08
5.60047e-09
1.77507e-09
5.89065e-10
2.04484e-10
7.41827e-11
2.80974e-11
1.10992e-11
4.56695e-12
1.95511e-12
8.69827e-13
4.01692e-13
1.92087e-13
9.60789e-14
4.49414e-14
2.00593e-20
1.94637e-20
1.61104e-22
0
0
0
0
0
4.84704e-21
4.77319e-21
2.82274e-21
1.97812e-20
0
5.51161e-16
0
2.62337e-10
0
0.000144107
0
96.0186
0
7.97451e+07
1.78165e+08
5.16838e+07
1.17467e+07
2.38558e+06
445163
76862.9
12307.7
1834.51
263.233
38.4303
5.86345
0.93674
0.156938
0.0276033
0.00510073
0.000990768
0.000202345
4.3458e-05
9.8149e-06
2.33051e-06
5.81604e-07
1.52493e-07
4.1984e-08
1.21294e-08
3.67511e-09
1.16685e-09
3.87864e-10
1.34852e-10
4.8995e-11
1.85836e-11
7.35087e-12
3.0285e-12
1.29806e-12
5.78162e-13
2.67286e-13
1.27945e-13
6.40573e-14
2.99935e-14
0
0
0
3.20432e-21
3.06838e-21
2.57363e-21
1.89469e-21
1.60993e-20
0
0
0
0
6.90024e-16
3.83284e-15
0
5.97829e-10
0
0.000381865
0
279.956
0
2.48972e+08
1.16903e+08
3.0863e+07
6.89875e+06
1.3986e+06
261358
45220.4
7256.99
1084.16
155.939
22.8232
3.49121
0.559215
0.0939372
0.0165662
0.00306936
0.000597774
0.000122405
2.63578e-05
5.96817e-06
1.42071e-06
3.55433e-07
9.34183e-08
2.57804e-08
7.46515e-09
2.26688e-09
7.21271e-10
2.40243e-10
8.3691e-11
3.04637e-11
1.15753e-11
4.58643e-12
1.8926e-12
8.12424e-13
3.62377e-13
1.67755e-13
8.0403e-14
4.03032e-14
1.88946e-14
2.41788e-15
2.36171e-15
1.49392e-17
0
0
0
0
0
8.94589e-16
9.84604e-16
6.73321e-16
3.95956e-15
0
0
1.24919e-10
1.34043e-08
0
0.00275802
0
706.921
0
2.02433e+08
6.71074e+07
1.68143e+07
3.72541e+06
755613
141551
24561.4
3953.23
592.361
85.4642
12.5483
1.92566
0.309447
0.0521492
0.0092263
0.00171489
0.000335037
6.88183e-05
1.48642e-05
3.37583e-06
8.05982e-07
2.02224e-07
5.33005e-08
1.47497e-08
4.28244e-09
1.30379e-09
4.15877e-10
1.38857e-10
4.8485e-11
1.76881e-11
6.73538e-12
2.67418e-12
1.10566e-12
4.75499e-13
2.12467e-13
9.8521e-14
4.72945e-14
2.37424e-14
1.11477e-14
0
0
0
5.46337e-16
5.39099e-16
4.74848e-16
3.77235e-16
2.46138e-15
0
0
0
0
2.65462e-10
9.91902e-10
0
0
0.00238656
0
671.854
0
2.4969e+08
1.1848e+08
3.40568e+07
8.31013e+06
1.83554e+06
373128
70134.6
12213.2
1972.88
296.703
42.9682
6.33304
0.975639
0.15739
0.0266262
0.0047287
0.000882228
0.000172998
3.56638e-05
7.73053e-06
1.7618e-06
4.22063e-07
1.06249e-07
2.80947e-08
7.79904e-09
2.2713e-09
6.93548e-10
2.2186e-10
7.42819e-11
2.60065e-11
9.51205e-12
3.63101e-12
1.44506e-12
5.98827e-13
2.5809e-13
1.15561e-13
5.36914e-14
2.58225e-14
1.29863e-14
6.10852e-15
5.21715e-10
5.11735e-10
2.35097e-12
0
0
0
0
0
2.64629e-10
3.17944e-10
2.438e-10
1.18533e-09
0
0
9.33643e-05
0.00217234
0
521.032
0
2.048e+08
1.69251e+08
5.67569e+07
1.53508e+07
3.70492e+06
818997
167076
31533.6
5514.37
894.553
135.107
19.6516
2.90937
0.450222
0.0729563
0.0123974
0.00221144
0.00041438
8.16034e-05
1.6893e-05
3.67669e-06
8.41265e-07
2.02318e-07
5.11233e-08
1.35678e-08
3.7798e-09
1.10458e-09
3.38413e-10
1.08605e-10
3.64757e-11
1.28087e-11
4.69841e-12
1.7985e-12
7.17673e-13
2.98162e-13
1.28821e-13
5.78152e-14
2.69219e-14
1.29755e-14
6.53877e-15
3.08214e-15
0
0
0
1.64185e-10
1.65574e-10
1.51218e-10
1.26768e-10
5.9917e-10
0
0
0
0
0.000151537
0.000476058
0
0
512.87
0
1.31915e+08
2.00772e+08
7.76654e+07
2.32876e+07
6.15265e+06
1.48177e+06
328613
67337.1
12768.9
2243.53
365.684
55.4958
8.11167
1.20695
0.187721
0.0305736
0.00522153
0.000936058
0.00017626
3.48781e-05
7.25431e-06
1.58616e-06
3.64561e-07
8.80582e-08
2.23458e-08
5.95488e-09
1.66557e-09
4.88615e-10
1.50256e-10
4.83944e-11
1.631e-11
5.7465e-12
2.11466e-12
8.11963e-13
3.24963e-13
1.3539e-13
5.86538e-14
2.63922e-14
1.23201e-14
5.95186e-15
3.00612e-15
1.42026e-15
0.000202205
0.00019887
5.99925e-07
0
0
0
0
0
0.000130346
0.000167876
0.000140846
0.000507217
0
0
88.6195
603.443
0
1.52635e+08
2.06606e+08
8.7635e+07
2.88535e+07
8.33733e+06
2.18965e+06
528654
117784
24258.6
4623.85
816.632
133.8
20.4122
2.99968
0.448793
0.0701913
0.0114956
0.0019742
0.000355861
6.73727e-05
1.34028e-05
2.80227e-06
6.15854e-07
1.42254e-07
3.4528e-08
8.80326e-09
2.35671e-09
6.62092e-10
1.95065e-10
6.02337e-11
1.94773e-11
6.58949e-12
2.33024e-12
8.60543e-13
3.31543e-13
1.33121e-13
5.56353e-14
2.4174e-14
1.09083e-14
5.10589e-15
2.47302e-15
1.25214e-15
5.93077e-16
0
0
0
8.83071e-05
9.05101e-05
8.49783e-05
7.40801e-05
0.000235189
0
0
0
0
136.024
306.161
0
0
2.32839e+08
1.86059e+08
8.15833e+07
2.90524e+07
9.14974e+06
2.62064e+06
689475
167247
37464.7
7758.92
1487.1
264.097
43.5121
6.67561
0.98671
0.148503
0.0233655
0.00384979
0.000665119
0.000120608
2.29686e-05
4.59584e-06
9.66383e-07
2.13569e-07
4.96011e-08
1.21033e-08
3.10182e-09
8.34556e-10
2.356e-10
6.97392e-11
2.16324e-11
7.02575e-12
2.38694e-12
8.47512e-13
3.14197e-13
1.21502e-13
4.89594e-14
2.05312e-14
8.94998e-15
4.05114e-15
1.90182e-15
9.23726e-16
4.68959e-16
2.2273e-16
143.143
141.024
0.218535
0
0
0
0
0
111.242
151.49
136.443
301.32
0
0
1.27783e+08
2.38196e+08
1.39612e+08
6.19056e+07
2.35955e+07
8.071e+06
2.51992e+06
722994
191151
46634.6
10508.1
2189
422.005
75.3847
12.4937
1.92829
0.286776
0.0434341
0.00687773
0.0011405
0.000198309
3.61899e-05
6.93565e-06
1.39644e-06
2.95437e-07
6.56844e-08
1.5345e-08
3.76588e-09
9.70522e-10
2.62544e-10
7.45088e-11
2.21678e-11
6.91018e-12
2.25497e-12
7.69621e-13
2.74468e-13
1.02184e-13
3.96756e-14
1.60494e-14
6.75533e-15
2.95522e-15
1.34217e-15
6.32117e-16
3.0796e-16
1.56802e-16
7.46921e-17
0
0
0
87.4304
90.7303
87.0573
78.1677
147.795
0
0
0
0
2.03927e+08
2.3702e+08
1.56491e+08
8.2355e+07
3.74962e+07
1.529e+07
5.67428e+06
1.93088e+06
604520
174384
46389.1
11388.3
2582.07
541.202
104.977
18.8684
3.14664
0.488734
0.0731595
0.0111548
0.00177835
0.00029691
5.19793e-05
9.55029e-06
1.84261e-06
3.73462e-07
7.95288e-08
1.77953e-08
4.18346e-09
1.033e-09
2.67817e-10
7.28721e-11
2.0798e-11
6.2218e-12
1.94978e-12
6.39529e-13
2.19352e-13
7.85995e-14
2.93964e-14
1.1464e-14
4.65687e-15
1.968e-15
8.64238e-16
3.93949e-16
1.86184e-16
9.10072e-17
4.64847e-17
2.22129e-17
1.91472e+08
1.88837e+08
30760
0
0
0
0
0
1.72848e+08
2.46374e+08
2.34846e+08
1.80939e+08
1.19962e+08
7.03708e+07
3.71235e+07
1.78038e+07
7.81373e+06
3.1502e+06
1.16895e+06
399585
125881
36555.1
9789.5
2419.18
552.075
116.464
22.7367
4.11327
0.690485
0.107966
0.0162734
0.00249889
0.000401255
6.74784e-05
1.18989e-05
2.20199e-06
4.27886e-07
8.73376e-08
1.87281e-08
4.21926e-09
9.98547e-10
2.48183e-10
6.47556e-11
1.77296e-11
5.09074e-12
1.53186e-12
4.82782e-13
1.59224e-13
5.49017e-14
1.97733e-14
7.43162e-15
2.91187e-15
1.1882e-15
5.04313e-16
2.22384e-16
1.01771e-16
4.82794e-17
2.36837e-17
1.21387e-17
5.82025e-18
3.73899e+07
1.00006e+08
1.43062e+08
1.66941e+08
1.7508e+08
1.70982e+08
1.57137e+08
1.35845e+08
1.10139e+08
8.3258e+07
5.84629e+07
3.8041e+07
2.29047e+07
1.27514e+07
6.56052e+06
3.11801e+06
1.36821e+06
554010
206891
71227.4
22602.3
6610.96
1782.94
443.661
101.942
21.6523
4.25604
0.775282
0.131058
0.0206393
0.00313388
0.000484874
7.84559e-05
1.32957e-05
2.36264e-06
4.40589e-07
8.62668e-08
1.77409e-08
3.83248e-09
8.69714e-10
2.07301e-10
5.18835e-11
1.36298e-11
3.75652e-12
1.08559e-12
3.28714e-13
1.04227e-13
3.45766e-14
1.199e-14
4.34192e-15
1.64047e-15
6.46024e-16
2.64894e-16
1.12953e-16
5.00303e-17
2.29931e-17
1.09521e-17
5.39333e-18
2.77451e-18
1.33516e-18
4.99315e+06
1.44164e+07
2.21438e+07
2.72179e+07
2.93113e+07
2.86687e+07
2.59088e+07
2.18167e+07
1.71773e+07
1.26546e+07
8.7155e+06
5.60213e+06
3.35399e+06
1.86646e+06
963527
460590
203558
83065.4
31267.3
10849.8
3469.7
1022.58
277.843
69.6463
16.1199
3.44884
0.682897
0.125323
0.0213457
0.00338758
0.000518474
8.08753e-05
1.31946e-05
2.25469e-06
4.0399e-07
7.59604e-08
1.49949e-08
3.1087e-09
6.76909e-10
1.54815e-10
3.71841e-11
9.37624e-12
2.48115e-12
6.88706e-13
2.00406e-13
6.10905e-14
1.94965e-14
6.50857e-15
2.27069e-15
8.27108e-16
3.14265e-16
1.24432e-16
5.12881e-17
2.19791e-17
9.78183e-18
4.51617e-18
2.16055e-18
1.06839e-18
5.51814e-19
2.66584e-19
549124
1.60518e+06
2.50049e+06
3.11547e+06
3.39419e+06
3.34995e+06
3.04804e+06
2.58008e+06
2.04067e+06
1.51032e+06
1.0456e+06
676147
407606
228564
118958
57348.1
25563.5
10521.5
3994.17
1397.57
450.606
133.874
36.6647
9.26341
2.16099
0.466015
0.0930155
0.0172091
0.00295556
0.000473047
7.3037e-05
1.14954e-05
1.89252e-06
3.26346e-07
5.90066e-08
1.11951e-08
2.22974e-09
4.66342e-10
1.02426e-10
2.36251e-11
5.72162e-12
1.45448e-12
3.8794e-13
1.08514e-13
3.1813e-14
9.7682e-15
3.13939e-15
1.05517e-15
3.70546e-16
1.35829e-16
5.19243e-17
2.068e-17
8.57188e-18
3.69328e-18
1.65221e-18
7.66589e-19
3.68475e-19
1.83032e-19
9.49438e-20
4.60607e-20
50317.1
147666
231547
290897
319804
318534
292416
249656
199120
148598
103738
67656.4
41141.6
23275.3
12223.1
5946.1
2674.62
1110.78
425.454
150.189
48.8492
14.6394
4.04418
1.03064
0.242532
0.0527638
0.0106261
0.00198398
0.000343931
5.55773e-05
8.66609e-06
1.37781e-06
2.29151e-07
3.99191e-08
7.29131e-09
1.39732e-09
2.81078e-10
5.93629e-11
1.31637e-11
3.06489e-12
7.49099e-13
1.92137e-13
5.16943e-14
1.45825e-14
4.31039e-15
1.33407e-15
4.32065e-16
1.46303e-16
5.17472e-17
1.91003e-17
7.35033e-18
2.9462e-18
1.22873e-18
5.32535e-19
2.3958e-19
1.11761e-19
5.39975e-20
2.69541e-20
1.40481e-20
6.84633e-21
3779.99
11122.4
17530.2
22178.8
24582.7
24698.8
22874.4
19701.5
15850.7
11932
8402.99
5529.05
3392.63
1937
1026.74
504.198
228.956
95.996
37.1212
13.2298
4.34433
1.31448
0.366647
0.0943538
0.022424
0.00492781
0.00100268
0.000189196
3.31556e-05
5.41784e-06
8.54558e-07
1.37464e-07
2.3133e-08
4.07745e-09
7.53477e-10
1.46068e-10
2.97169e-11
6.34621e-12
1.42265e-12
3.34769e-13
8.26728e-14
2.14193e-14
5.81946e-15
1.65726e-15
4.94382e-16
1.54377e-16
5.04288e-17
1.72178e-17
6.1387e-18
2.28331e-18
8.85194e-19
3.57334e-19
1.50045e-19
6.54553e-20
2.96318e-20
1.39055e-20
6.75689e-21
3.3912e-21
1.77671e-21
8.70219e-22
226.611
668.28
1058.05
1347.14
1504.53
1524.18
1423.74
1236.91
1003.83
762.308
541.634
359.632
222.728
128.382
68.7179
34.0834
15.6353
6.62358
2.58827
0.93229
0.309456
0.0946627
0.0267001
0.00694968
0.00167101
0.000371636
7.65555e-05
1.46298e-05
2.59754e-06
4.30218e-07
6.88063e-08
1.12251e-08
1.91581e-09
3.42441e-10
6.4161e-11
1.26084e-11
2.59953e-12
5.6242e-13
1.2769e-13
3.04206e-14
7.60316e-15
1.99291e-15
5.4759e-16
1.5765e-16
4.75262e-17
1.4992e-17
4.94544e-18
1.70449e-18
6.13233e-19
2.30088e-19
8.99489e-20
3.66025e-20
1.54879e-20
6.80622e-21
3.10292e-21
1.46593e-21
7.16897e-22
3.62e-22
1.90775e-22
9.39624e-23
10.4145
30.7737
48.9206
62.6527
70.4738
71.9641
67.7877
59.4025
48.6345
37.2653
26.722
17.9115
11.2023
6.5231
3.52859
1.76937
0.820887
0.351823
0.139139
0.0507394
0.0170571
0.00528649
0.00151134
0.000398908
9.73093e-05
2.19677e-05
4.59586e-06
8.9246e-07
1.61104e-07
2.71433e-08
4.41801e-09
7.33648e-10
1.2744e-10
2.31791e-11
4.41774e-12
8.82757e-13
1.84988e-13
4.06609e-14
9.37415e-15
2.26666e-15
5.74702e-16
1.52738e-16
4.25318e-17
1.24032e-17
3.78572e-18
1.20848e-18
4.03226e-19
1.40508e-19
5.10861e-20
1.9362e-20
7.64271e-21
3.1389e-21
1.33997e-21
5.93853e-22
2.72927e-22
1.29936e-22
6.40118e-23
3.25489e-23
1.72692e-23
8.5594e-24
0.343727
1.01751
1.6236
2.09079
2.36794
2.43692
2.31486
2.04648
1.6909
1.30797
0.947215
0.641504
0.405592
0.238893
0.130793
0.066422
0.0312297
0.0135733
0.00544721
0.00201713
0.000689074
0.000217178
6.3188e-05
1.69868e-05
4.22393e-06
9.7281e-07
2.07801e-07
4.12339e-08
7.6117e-09
1.31235e-09
2.18699e-10
3.71841e-11
6.61121e-12
1.23015e-12
2.39709e-13
4.89382e-14
1.04703e-14
2.34788e-15
5.51808e-16
1.35918e-16
3.50787e-17
9.483e-18
2.68412e-18
7.95092e-19
2.4634e-19
7.97724e-20
2.69846e-20
9.52713e-21
3.50756e-21
1.3454e-21
5.3717e-22
2.23038e-22
9.6209e-23
4.30632e-23
1.99791e-23
9.59774e-24
4.7689e-24
2.44466e-24
1.30725e-24
6.52664e-25
0.00727316
0.0215674
0.0345395
0.0447197
0.0509992
0.0529111
0.0507143
0.0452711
0.0377939
0.0295583
0.0216586
0.0148541
0.00951941
0.00568917
0.00316403
0.00163416
0.000782375
0.000346701
0.000142051
5.37778e-05
1.8808e-05
6.07755e-06
1.81558e-06
5.01875e-07
1.28508e-07
3.05194e-08
6.73132e-09
1.38079e-09
2.63773e-10
4.71047e-11
8.13427e-12
1.43261e-12
2.63595e-13
5.06974e-14
1.01979e-14
2.14629e-15
4.72734e-16
1.08985e-16
2.62994e-17
6.64276e-18
1.75592e-18
4.85619e-19
1.40463e-19
4.24746e-20
1.34204e-20
4.42783e-21
1.52465e-21
5.47465e-22
2.04826e-22
7.9777e-23
3.23194e-23
1.36064e-23
5.94705e-24
2.69545e-24
1.26553e-24
6.14857e-25
3.0881e-25
1.59921e-25
8.63593e-26
4.35114e-26
)
;

boundaryField
{
    highVoltage
    {
        type            fixedValue;
        value           uniform 0;
    }
    topBotBoundaries
    {
        type            zeroGradient;
    }
    inletBoundary
    {
        type            fixedValue;
        value           uniform 0;
    }
    frontBack
    {
        type            empty;
    }
    region0_to_dielectric
    {
        type            zeroGradient;
    }
}


// ************************************************************************* //
