/*--------------------------------*- C++ -*----------------------------------*\
| =========                 |                                                 |
| \\      /  F ield         | OpenFOAM: The Open Source CFD Toolbox           |
|  \\    /   O peration     | Version:  2406                                  |
|   \\  /    A nd           | Website:  www.openfoam.com                      |
|    \\/     M anipulation  |                                                 |
\*---------------------------------------------------------------------------*/
FoamFile
{
    version     2.0;
    format      ascii;
    arch        "LSB;label=32;scalar=64";
    class       volScalarField;
    location    "2e-07";
    object      O2_plus;
}
// * * * * * * * * * * * * * * * * * * * * * * * * * * * * * * * * * * * * * //

dimensions      [0 -3 0 0 0 0 0];

internalField   nonuniform List<scalar> 
5880
(
0.00723776
0.0214626
0.0343717
0.0445028
0.0507525
0.0526556
0.0504686
0.0450478
0.0375987
0.0293916
0.02152
0.014744
0.0094368
0.00563005
0.00312242
0.00160461
0.000761348
0.000332299
0.000132963
4.86431e-05
1.6244e-05
4.94912e-06
1.37674e-06
3.50306e-07
8.17344e-08
1.75418e-08
3.47452e-09
6.37327e-10
1.08606e-10
1.72932e-11
2.66451e-12
4.19293e-13
6.91084e-14
1.19467e-14
2.16722e-15
4.12693e-16
8.25032e-17
1.73157e-17
3.81488e-18
8.82122e-19
2.14023e-19
5.44634e-20
1.453e-20
4.06191e-21
1.18915e-21
3.64316e-22
1.16733e-22
3.90867e-23
1.36647e-23
4.9833e-24
1.89408e-24
7.4962e-25
3.08617e-25
1.32018e-25
5.86152e-26
2.69833e-26
1.28663e-26
6.33699e-27
3.26426e-27
1.56213e-27
0.341466
1.01082
1.61295
2.07712
2.35252
2.42112
2.29988
2.03315
1.67959
1.29869
0.939847
0.635902
0.401556
0.236122
0.128939
0.0651837
0.0304024
0.0130368
0.00512303
0.0018402
0.000603251
0.000180383
4.92324e-05
1.22855e-05
2.80973e-06
5.90703e-07
1.14529e-07
2.05488e-08
3.42278e-09
5.32338e-10
8.00913e-11
1.23128e-11
1.98439e-12
3.35746e-13
5.96709e-14
1.11435e-14
2.18692e-15
4.51013e-16
9.77277e-17
2.22453e-17
5.3175e-18
1.33425e-18
3.51246e-19
9.69615e-20
2.80493e-20
8.49689e-21
2.69361e-21
8.92851e-22
3.09168e-22
1.11732e-22
4.21056e-23
1.65297e-23
6.75331e-24
2.86803e-24
1.26469e-24
5.78434e-25
2.74124e-25
1.34241e-25
6.87539e-26
3.27506e-26
10.3378
30.547
48.5611
62.1939
69.9602
71.4424
67.2983
58.9728
48.2764
36.978
26.4992
17.746
11.0855
6.4447
3.47763
1.73661
0.799935
0.33878
0.131518
0.0466887
0.0151337
0.00447664
0.00120916
0.000298687
6.7626e-05
1.40736e-05
2.70041e-06
4.79305e-07
7.89413e-08
1.21326e-08
1.80299e-09
2.73773e-10
4.35886e-11
7.28741e-12
1.28021e-12
2.36405e-13
4.58942e-14
9.36669e-15
2.00943e-15
4.53045e-16
1.07311e-16
2.66928e-17
6.96894e-18
1.90867e-18
5.48029e-19
1.64837e-19
5.19048e-20
1.70956e-20
5.88411e-21
2.11443e-21
7.92536e-22
3.09558e-22
1.25869e-22
5.32147e-23
2.33664e-23
1.06447e-23
5.02574e-24
2.45263e-24
1.2517e-24
5.94898e-25
224.83
663.034
1049.76
1336.63
1492.85
1512.42
1412.81
1227.42
996.042
756.168
536.964
356.225
220.364
126.821
67.7256
33.4646
15.2537
6.39446
2.45848
0.864958
0.278086
0.0816553
0.0219095
0.0053794
0.00121108
0.000250666
4.78348e-05
8.44242e-06
1.38214e-06
2.11045e-07
3.11433e-08
4.69455e-09
7.41915e-10
1.23111e-10
2.14656e-11
3.93448e-12
7.58234e-13
1.53643e-13
3.27309e-14
7.32945e-15
1.7247e-15
4.26287e-16
1.10616e-16
3.01182e-17
8.59911e-18
2.57255e-18
8.05899e-19
2.64135e-19
9.04889e-20
3.23728e-20
1.20831e-20
4.70075e-21
1.90416e-21
8.02169e-22
3.51045e-22
1.59413e-22
7.50385e-23
3.6518e-23
1.85837e-23
8.81602e-24
3748.96
11031.2
17386.9
21998.3
24383.7
24500.1
22691.5
19544.4
15723.3
11833.2
8329.1
5476.05
3356.4
1913.44
1012.04
495.271
223.629
92.9049
35.4221
12.3695
3.95096
1.15373
0.308137
0.0753657
0.0169121
0.00349029
0.000664228
0.000116903
1.90804e-05
2.9034e-06
4.26749e-07
6.40489e-08
1.00753e-08
1.66372e-09
2.88626e-10
5.26312e-11
1.00903e-11
2.03404e-12
4.31091e-13
9.60452e-14
2.24882e-14
5.53131e-15
1.42852e-15
3.8717e-16
1.10052e-16
3.2783e-17
1.02277e-17
3.33894e-18
1.13955e-18
4.0621e-19
1.51096e-19
5.85893e-20
2.36593e-20
9.93755e-21
4.33669e-21
1.96412e-21
9.22224e-22
4.47758e-22
2.27314e-22
1.07665e-22
49892.8
146424
229607
288472
317153
315911
290023
247622
197490
147350
102820
67008
40704.7
22995.1
12051.3
5844.15
2615.56
1077.59
407.749
141.442
44.9255
13.0595
3.47567
0.847852
0.189887
0.0391305
0.00743765
0.00130743
0.000213102
3.23708e-05
4.74742e-06
7.10636e-07
1.11452e-07
1.83426e-08
3.17074e-09
5.7601e-10
1.10001e-10
2.20865e-11
4.66221e-12
1.03456e-12
2.41268e-13
5.91101e-14
1.52068e-14
4.10591e-15
1.1628e-15
3.45143e-16
1.07306e-16
3.49141e-17
1.18777e-17
4.2209e-18
1.56539e-18
6.05286e-19
2.43767e-19
1.02126e-19
4.44585e-20
2.00891e-20
9.41177e-21
4.56022e-21
2.31024e-21
1.09263e-21
544394
1.59151e+06
2.47943e+06
3.08949e+06
3.3661e+06
3.32237e+06
3.02305e+06
2.55897e+06
2.02387e+06
1.49758e+06
1.03633e+06
669693
403315
225850
117321
56397.3
25027.9
10229.9
3843.27
1324.93
418.683
121.22
32.1664
7.83067
1.7515
0.360657
0.0685185
0.0120398
0.00196143
0.000297705
4.36052e-05
6.51601e-06
1.01978e-06
1.67419e-07
2.88606e-08
5.2273e-09
9.95122e-10
1.99151e-10
4.18979e-11
9.26578e-12
2.15352e-12
5.25822e-13
1.34821e-13
3.62821e-14
1.02419e-14
3.03041e-15
9.3927e-16
3.04702e-16
1.0336e-16
3.66288e-17
1.35482e-17
5.22528e-18
2.09923e-18
8.77419e-19
3.81117e-19
1.71847e-19
8.03484e-20
3.8857e-20
1.96474e-20
9.27922e-21
4.95061e+06
1.43027e+07
2.19812e+07
2.70277e+07
2.91108e+07
2.84716e+07
2.57266e+07
2.16582e+07
1.70474e+07
1.25539e+07
8.64124e+06
5.55015e+06
3.31951e+06
1.84481e+06
950627
453238
199522
80933.7
30197.2
10348.3
3254.14
938.588
248.374
60.3544
13.485
2.77527
0.527147
0.0926201
0.0150864
0.00228883
0.000334959
4.99885e-05
7.81011e-06
1.27956e-06
2.20056e-07
3.97537e-08
7.54691e-09
1.50595e-09
3.15874e-10
6.96421e-11
1.61359e-11
3.92769e-12
1.00396e-12
2.69356e-13
7.58073e-14
2.23644e-14
6.91194e-15
2.23601e-15
7.56447e-16
2.6737e-16
9.86457e-17
3.79539e-17
1.52125e-17
6.34426e-18
2.74986e-18
1.23742e-18
5.77446e-19
2.7875e-19
1.40687e-19
6.63514e-20
3.71345e+07
9.97952e+07
1.43149e+08
1.67032e+08
1.75162e+08
1.71047e+08
1.57181e+08
1.35866e+08
1.09896e+08
8.28934e+07
5.80987e+07
3.77423e+07
2.26899e+07
1.26115e+07
6.47635e+06
3.0704e+06
1.34259e+06
540851
200481
68306.9
21376.4
6142.28
1620.89
393.132
87.7373
18.0457
3.42675
0.602
0.0980384
0.0148677
0.00217406
0.000324053
5.05479e-05
8.26521e-06
1.41824e-06
2.55576e-07
4.83905e-08
9.62921e-09
2.01392e-09
4.42714e-10
1.02271e-10
2.48198e-11
6.32536e-12
1.69207e-12
4.74831e-13
1.39684e-13
4.30506e-14
1.38891e-14
4.68636e-15
1.6522e-15
6.08076e-16
2.33403e-16
9.33384e-17
3.88412e-17
1.68002e-17
7.54488e-18
3.51414e-18
1.69333e-18
8.53086e-19
4.01755e-19
1.91577e+08
1.88973e+08
175976
132464
138168
133964
122088
248417
1.73289e+08
2.4662e+08
2.34863e+08
1.80773e+08
1.19406e+08
6.97769e+07
3.67028e+07
1.75524e+07
7.67749e+06
3.08132e+06
1.13624e+06
385089
119945
34332.1
9033.22
2186.31
487.24
100.126
19.0024
3.33687
0.543182
0.0823219
0.0120257
0.00178999
0.000278729
4.54819e-05
7.78624e-06
1.39958e-06
2.64283e-07
5.2442e-08
1.09364e-08
2.39702e-09
5.52088e-10
1.33585e-10
3.39432e-11
9.05327e-12
2.53318e-12
7.43082e-13
2.28381e-13
7.34811e-14
2.47281e-14
8.69576e-15
3.1925e-15
1.22249e-15
4.8776e-16
2.02527e-16
8.74158e-17
3.91791e-17
1.82131e-17
8.76024e-18
4.40532e-18
2.0715e-18
179942
177383
220.027
123.638
128.186
123.304
111.455
359.302
153571
214329
199710
344618
2.0489e+08
2.36896e+08
1.55698e+08
8.14467e+07
3.6921e+07
1.49885e+07
5.53212e+06
1.86919e+06
579847
165339
43365.7
10470.3
2329.22
478.017
90.6305
15.9014
2.58625
0.391561
0.0571235
0.00848835
0.00131914
0.000214762
3.66739e-05
6.57447e-06
1.23795e-06
2.44931e-07
5.09258e-08
1.1128e-08
2.55522e-09
6.16385e-10
1.56146e-10
4.15223e-11
1.15841e-11
3.38823e-12
1.03841e-12
3.33185e-13
1.11825e-13
3.92217e-14
1.43635e-14
5.48686e-15
2.1841e-15
9.04856e-16
3.89721e-16
1.74312e-16
8.0873e-17
3.88264e-17
1.94888e-17
9.14947e-18
197.755
194.789
0.297668
0.134903
0.138921
0.132448
0.118628
0.525507
158.141
215.98
196.646
522.339
189620
344209
1.30243e+08
2.37983e+08
1.3824e+08
6.08877e+07
2.3078e+07
7.84542e+06
2.43117e+06
691111
180691
43506.9
9657.1
1978.36
374.534
65.6252
10.6592
1.61147
0.234684
0.0348021
0.00539596
0.00087625
0.000149224
2.6674e-05
5.00759e-06
9.87717e-07
2.04724e-07
4.45945e-08
1.02075e-08
2.4546e-09
6.1988e-10
1.64333e-10
4.57081e-11
1.33297e-11
4.07345e-12
1.30334e-12
4.3624e-13
1.52604e-13
5.57428e-14
2.12413e-14
8.43529e-15
3.48671e-15
1.49844e-15
6.68809e-16
3.09676e-16
1.4839e-16
7.43439e-17
3.48436e-17
0.252991
0.248952
0.000445799
0.000171152
0.000174911
0.000165101
0.000146361
0.000826998
0.188021
0.250674
0.222455
0.790593
200.522
486.926
126426
470094
2.34392e+08
1.84588e+08
8.016e+07
2.83594e+07
8.87356e+06
2.52268e+06
657892
157956
34970.6
7148.13
1350.59
236.216
38.2985
5.77901
0.839827
0.124243
0.0192131
0.00311124
0.000528269
9.41382e-05
1.76171e-05
3.4637e-06
7.15594e-07
1.55369e-07
3.54484e-08
8.49687e-09
2.13897e-09
5.65277e-10
1.56746e-10
4.55742e-11
1.38863e-11
4.43042e-12
1.4788e-12
5.15923e-13
1.87968e-13
7.1448e-14
2.8305e-14
1.16728e-14
5.00535e-15
2.22933e-15
1.03013e-15
4.92664e-16
2.46356e-16
1.1526e-16
0.000375323
0.000368882
7.46424e-07
2.51454e-07
2.54775e-07
2.37772e-07
2.0835e-07
1.43353e-06
0.000256727
0.000333186
0.000287361
0.00126656
0.240486
0.719164
138.649
942.673
402182
1.56846e+08
2.0522e+08
8.60092e+07
2.81227e+07
8.07441e+06
2.10583e+06
504375
111359
22703.4
4279.5
746.81
120.817
18.1893
2.63684
0.389044
0.0599903
0.00968516
0.00163933
0.000291191
5.43154e-05
1.06437e-05
2.19169e-06
4.74287e-07
1.07856e-07
2.57688e-08
6.46618e-09
1.70348e-09
4.70904e-10
1.36504e-10
4.14704e-11
1.31934e-11
4.39153e-12
1.52801e-12
5.5526e-13
2.10531e-13
8.32037e-14
3.42331e-14
1.46467e-14
6.50955e-15
3.00181e-15
1.43283e-15
7.15117e-16
3.33969e-16
6.43828e-07
6.31833e-07
1.40325e-09
4.26424e-10
4.27869e-10
3.9417e-10
3.40875e-10
2.76523e-09
4.0067e-07
5.04543e-07
4.21514e-07
2.19434e-06
0.000325018
0.0011359
0.17078
2.05277
802.699
314030
1.3717e+08
1.99161e+08
7.6126e+07
2.26766e+07
5.95624e+06
1.42552e+06
313936
63828.8
11999.9
2088.83
337.092
50.6226
7.31898
1.07677
0.16554
0.0266423
0.00449507
0.000795848
0.000147959
2.88984e-05
5.93093e-06
1.27925e-06
2.89964e-07
6.90555e-08
1.72734e-08
4.53649e-09
1.25025e-09
3.61344e-10
1.09461e-10
3.4726e-11
1.15274e-11
4.0003e-12
1.44995e-12
5.48407e-13
2.16221e-13
8.87579e-14
3.78918e-14
1.68051e-14
7.73378e-15
3.68438e-15
1.83539e-15
8.5558e-16
1.27432e-09
1.24828e-09
2.96612e-12
8.32586e-13
8.26197e-13
7.49856e-13
6.38775e-13
5.96255e-12
7.11626e-10
8.66221e-10
6.98354e-10
4.14572e-09
4.91986e-07
1.93645e-06
0.000235185
0.00481798
1.94823
801.292
379458
2.08e+08
1.67324e+08
5.55676e+07
1.49448e+07
3.58864e+06
789018
160001
29999.4
5208.35
838.353
125.572
18.1055
2.656
0.4071
0.0653168
0.0109855
0.00193875
0.000359284
6.99476e-05
1.43097e-05
3.0767e-06
6.95201e-07
1.65052e-07
4.11603e-08
1.07776e-08
2.96163e-09
8.53527e-10
2.57838e-10
8.15773e-11
2.70087e-11
9.34886e-12
3.38025e-12
1.27545e-12
5.01714e-13
2.05496e-13
8.75412e-14
3.8745e-14
1.77955e-14
8.46183e-15
4.20754e-15
1.95779e-15
2.90707e-12
2.84123e-12
7.048e-15
1.86857e-15
1.8308e-15
1.63316e-15
1.36731e-15
1.43997e-14
1.43281e-12
1.67865e-12
1.30039e-12
8.56486e-12
8.2938e-10
3.57534e-09
3.61492e-07
1.22295e-05
0.00519832
2.24715
1020.09
498305
2.50167e+08
1.16737e+08
3.33236e+07
8.09465e+06
1.78035e+06
360262
67375.8
11667.7
1873.37
279.893
40.2498
5.88812
0.899921
0.143963
0.0241406
0.00424761
0.00078478
0.000152326
3.10692e-05
6.66028e-06
1.50052e-06
3.55218e-07
8.83318e-08
2.30648e-08
6.32075e-09
1.81674e-09
5.47379e-10
1.72745e-10
5.7051e-11
1.97003e-11
7.1064e-12
2.67535e-12
1.05008e-12
4.29193e-13
1.82463e-13
8.05981e-14
3.69485e-14
1.75372e-14
8.70476e-15
4.04308e-15
7.63889e-15
7.44505e-15
1.87871e-17
4.81412e-18
4.64784e-18
4.06325e-18
3.33403e-18
3.89506e-17
3.25726e-15
3.65491e-15
2.7074e-15
1.93394e-14
1.54792e-12
7.14318e-12
6.16419e-10
3.12845e-08
1.35312e-05
0.00594189
2.61641
1112.69
476490
2.01371e+08
6.59823e+07
1.64551e+07
3.63306e+06
734302
137032
23676.2
3792.78
565.361
81.1064
11.8351
1.80413
0.287844
0.0481369
0.00844676
0.00155634
0.000301263
6.12807e-05
1.31014e-05
2.94382e-06
6.95061e-07
1.72393e-07
4.49001e-08
1.22738e-08
3.51918e-09
1.05778e-09
3.33038e-10
1.09738e-10
3.78094e-11
1.36092e-11
5.11267e-12
2.00264e-12
8.16898e-13
3.46622e-13
1.52826e-13
6.9934e-14
3.31361e-14
1.64197e-14
7.61302e-15
2.31223e-17
2.24573e-17
5.59336e-20
1.42261e-20
1.34997e-20
1.15247e-20
9.23632e-21
1.17874e-19
8.32586e-18
8.89775e-18
6.26854e-18
4.76248e-17
3.18572e-15
1.91331e-14
3.41875e-12
1.50238e-09
9.68145e-07
0.00065794
0.472573
359.526
290453
2.49623e+08
1.15544e+08
3.03234e+07
6.75668e+06
1.36602e+06
254524
43893.6
7018.01
1044.08
149.477
21.7644
3.3103
0.52693
0.0879132
0.0153899
0.0028289
0.000546288
0.000110858
2.36448e-05
5.30042e-06
1.24857e-06
3.08968e-07
8.0289e-08
2.18987e-08
6.26504e-09
1.87905e-09
5.90358e-10
1.94122e-10
6.6747e-11
2.39772e-11
8.99014e-12
3.51476e-12
1.43106e-12
6.06126e-13
2.66774e-13
1.2187e-13
5.76494e-14
2.85207e-14
1.3201e-14
8.06924e-20
7.80311e-20
1.84466e-22
4.82042e-23
4.48139e-23
3.71945e-23
2.8992e-23
3.98269e-22
2.38242e-20
2.40974e-20
1.60625e-20
1.33912e-19
1.05956e-17
1.9128e-15
1.06255e-12
6.25859e-10
3.87836e-07
0.000253473
0.17533
128.733
100568
8.37592e+07
1.77251e+08
5.0954e+07
1.15431e+07
2.33889e+06
435460
74995.5
11973.4
1778.61
254.223
36.9513
5.60991
0.891287
0.148414
0.0259299
0.0047568
0.000916746
0.000185662
3.952e-05
8.84139e-06
2.07853e-06
5.13325e-07
1.33131e-07
3.62401e-08
1.03479e-08
3.09763e-09
9.71361e-10
3.18805e-10
1.09415e-10
3.92331e-11
1.46839e-11
5.7307e-12
2.32927e-12
9.84897e-13
4.32767e-13
1.97381e-13
9.32228e-14
4.60491e-14
2.12781e-14
3.25239e-22
3.12779e-22
6.62822e-25
1.87326e-25
1.69881e-25
1.36323e-25
1.02804e-25
1.49803e-24
7.5953e-23
7.22087e-23
4.56134e-23
5.61742e-22
1.04187e-19
4.01821e-17
1.9199e-14
9.55889e-12
4.96764e-09
2.69919e-06
0.00153408
0.910776
562.646
358801
2.32693e+08
7.85616e+07
1.8265e+07
3.71777e+06
692289
119139
19003.5
2820.03
402.617
58.4453
8.86086
1.40574
0.233725
0.0407711
0.00746751
0.00143684
0.000290515
6.1737e-05
1.37888e-05
3.23619e-06
7.97884e-07
2.06581e-07
5.61394e-08
1.60027e-08
4.7823e-09
1.49711e-09
4.90532e-10
1.6807e-10
6.01648e-11
2.24809e-11
8.75927e-12
3.55449e-12
1.50057e-12
6.58318e-13
2.99788e-13
1.41375e-13
6.97309e-14
3.21667e-14
1.51817e-24
1.44967e-24
2.49767e-27
8.35408e-28
7.34721e-28
5.66106e-28
4.10323e-28
6.2477e-27
2.68326e-25
2.3827e-25
2.69268e-25
5.83984e-23
2.61587e-20
1.24643e-17
6.2634e-15
3.32959e-12
1.8798e-09
1.1307e-06
0.00072645
0.499551
368.262
291400
2.47807e+08
1.11878e+08
2.69937e+07
5.53349e+06
1.03157e+06
177510
28302.9
4197.83
598.925
86.8703
13.158
2.08531
0.346333
0.0603448
0.0110393
0.00212145
0.000428391
9.09179e-05
2.02791e-05
4.75296e-06
1.17022e-06
3.02554e-07
8.21024e-08
2.33694e-08
6.9735e-09
2.17982e-09
7.13147e-10
2.43974e-10
8.72036e-11
3.25344e-11
1.26571e-11
5.12838e-12
2.16172e-12
9.46945e-13
4.3058e-13
2.02754e-13
9.98593e-14
4.59867e-14
8.23901e-27
7.79407e-27
8.8017e-30
4.27994e-30
3.62053e-30
2.65542e-30
1.83491e-30
2.87449e-29
1.04497e-27
1.26732e-27
1.60241e-25
6.46708e-23
2.74422e-20
1.2288e-17
5.83522e-15
2.95029e-12
1.59324e-09
9.21306e-07
0.000571611
0.381112
273.382
211177
1.75762e+08
1.48171e+08
3.75723e+07
7.77634e+06
1.45271e+06
250102
39881.6
5914.75
843.686
122.321
18.5177
2.93286
0.486746
0.0847435
0.0154897
0.00297403
0.00059999
0.000127211
2.83451e-05
6.63632e-06
1.6321e-06
4.21485e-07
1.1424e-07
3.24769e-08
9.67892e-09
3.02156e-09
9.87214e-10
3.37276e-10
1.20385e-10
4.48509e-11
1.74238e-11
7.04962e-12
2.96727e-12
1.29793e-12
5.89318e-13
2.771e-13
1.3628e-13
6.26506e-14
5.22531e-29
4.88128e-29
1.32926e-32
2.52249e-32
2.02801e-32
1.40064e-32
9.13627e-33
1.45044e-31
4.49726e-30
2.18887e-29
6.0909e-27
2.08304e-24
7.47077e-22
2.82182e-19
1.12586e-16
4.75281e-14
2.12376e-11
1.00342e-08
4.99814e-06
0.00260943
1.41242
775.977
412531
1.83715e+08
4.96496e+07
1.03994e+07
1.9484e+06
335782
53573.1
7947.85
1133.84
164.381
24.8804
3.93942
0.653548
0.113732
0.0207775
0.00398699
0.000803838
0.000170314
3.79212e-05
8.87129e-06
2.17991e-06
5.62449e-07
1.52301e-07
4.32537e-08
1.2877e-08
4.01548e-09
1.31044e-09
4.47166e-10
1.59411e-10
5.93143e-11
2.30123e-11
9.29823e-12
3.90838e-12
1.70722e-12
7.74065e-13
3.63455e-13
1.78498e-13
8.19157e-14
3.90183e-31
3.58147e-31
0
1.71492e-34
1.28647e-34
8.25663e-35
5.03002e-35
8.11988e-34
2.61124e-32
1.78898e-30
5.86653e-28
2.0563e-25
7.68664e-23
3.07701e-20
1.32315e-17
6.12641e-15
3.05991e-12
1.6509e-09
9.63146e-07
0.000608069
0.415629
307.665
246644
2.1429e+08
6.2756e+07
1.33291e+07
2.50634e+06
432561
69075.1
10254.2
1463.51
212.227
32.1257
5.08655
0.843772
0.14681
0.026814
0.00514381
0.0010367
0.000219562
4.88635e-05
1.14251e-05
2.80579e-06
7.23468e-07
1.95763e-07
5.55539e-08
1.65251e-08
5.14842e-09
1.67855e-09
5.72196e-10
2.03764e-10
7.57318e-11
2.93473e-11
1.18434e-11
4.97194e-12
2.16897e-12
9.82122e-13
4.60521e-13
2.25861e-13
1.0347e-13
3.46739e-33
3.10202e-33
0
1.35251e-36
9.18524e-37
5.3987e-37
4.50659e-37
4.36681e-35
1.07831e-32
3.09244e-30
9.5373e-28
3.15081e-25
1.11926e-22
4.2868e-20
1.77373e-17
7.94019e-15
3.84993e-12
2.02354e-09
1.15363e-06
0.000713653
0.479122
349.109
276021
2.3669e+08
7.63819e+07
1.6477e+07
3.11111e+06
537883
85992.8
12776.9
1824.77
264.738
40.0877
6.3486
1.05327
0.183273
0.0334741
0.00642115
0.00129402
0.000274018
6.09704e-05
1.42522e-05
3.49898e-06
9.01863e-07
2.43927e-07
6.91865e-08
2.05683e-08
6.40397e-09
2.08641e-09
7.10668e-10
2.52859e-10
9.38924e-11
3.63492e-11
1.46539e-11
6.14504e-12
2.67766e-12
1.21101e-12
5.67146e-13
2.77805e-13
1.27051e-13
3.72326e-35
3.20042e-35
0
1.25378e-38
7.30951e-39
5.34609e-39
3.3445e-37
7.7843e-35
1.93769e-32
5.17536e-30
1.49017e-27
4.64022e-25
1.5658e-22
5.73357e-20
2.28046e-17
9.85869e-15
4.63483e-12
2.37032e-09
1.31894e-06
0.000798572
0.526043
376.93
293661
2.48592e+08
9.0055e+07
1.97532e+07
3.74653e+06
649033
103901
15453.9
2208.92
320.676
48.5823
7.69692
1.27738
0.222328
0.0406162
0.00779258
0.00157061
0.000332624
7.40153e-05
1.73019e-05
4.24756e-06
1.09472e-06
2.96046e-07
8.39526e-08
2.49514e-08
7.76601e-09
2.52912e-09
8.61053e-10
3.06197e-10
1.13627e-10
4.39584e-11
1.77078e-11
7.41951e-12
3.23009e-12
1.45945e-12
6.82798e-13
3.34103e-13
1.52565e-13
4.94519e-37
3.97292e-37
0
1.41371e-40
8.18043e-41
3.40345e-39
6.60596e-37
1.39168e-34
3.17765e-32
7.89269e-30
2.13649e-27
6.3085e-25
2.03266e-22
7.14802e-20
2.74349e-17
1.14923e-14
5.25383e-12
2.62099e-09
1.42663e-06
0.000847046
0.548405
387.001
297489
2.48891e+08
1.03383e+08
2.30745e+07
4.39718e+06
763373
122383
18223.7
2607.25
378.783
57.421
9.10201
1.51126
0.263147
0.0480922
0.00923037
0.00186107
0.00039427
8.77609e-05
2.05212e-05
5.03925e-06
1.29906e-06
3.51376e-07
9.96578e-08
2.9622e-08
9.22005e-09
3.00258e-09
1.02215e-09
3.63425e-10
1.34832e-10
5.21462e-11
2.09981e-11
8.7941e-12
3.82648e-12
1.72787e-12
8.07833e-13
3.95e-13
1.80156e-13
8.43305e-39
5.97032e-39
0
2.36389e-42
4.25778e-41
6.66803e-39
1.16166e-36
2.22939e-34
4.71575e-32
1.09867e-29
2.81618e-27
7.93292e-25
2.45317e-22
8.32057e-20
3.09307e-17
1.25942e-14
5.61409e-12
2.73851e-09
1.4611e-06
0.000852254
0.543169
378.022
287059
2.37612e+08
1.16071e+08
2.63699e+07
5.04936e+06
878525
141056
21029.6
3011.65
437.886
66.426
10.5358
1.75029
0.30493
0.0557577
0.0107073
0.00216002
0.000457855
0.000101972
2.38576e-05
5.86188e-06
1.51198e-06
4.09193e-07
1.16117e-07
3.45318e-08
1.07533e-08
3.50339e-09
1.19309e-09
4.24338e-10
1.57473e-10
6.09141e-11
2.45319e-11
1.02746e-11
4.47061e-12
2.01854e-12
9.4357e-13
4.61268e-13
2.10241e-13
1.96329e-40
1.06787e-40
0
7.10489e-43
8.18452e-41
1.14176e-38
1.80136e-36
3.19363e-34
6.32802e-32
1.39517e-29
3.41068e-27
9.21934e-25
2.74947e-22
9.03108e-20
3.26275e-17
1.29513e-14
5.64358e-12
2.69761e-09
1.41348e-06
0.000811316
0.509748
350.314
263081
2.15656e+08
1.27922e+08
2.9582e+07
5.69161e+06
992463
159592
23822
3414.96
496.937
75.4372
11.9727
1.99021
0.346935
0.0634772
0.0121975
0.0024623
0.000522305
0.000116414
2.72585e-05
6.70312e-06
1.73048e-06
4.68746e-07
1.33139e-07
3.96302e-08
1.23523e-08
4.02802e-09
1.37298e-09
4.88742e-10
1.81524e-10
7.0273e-11
2.83219e-11
1.18701e-11
5.16806e-12
2.33476e-12
1.09192e-12
5.34024e-13
2.43439e-13
7.10269e-42
1.94368e-42
0
1.26167e-42
1.34373e-40
1.69202e-38
2.46331e-36
4.08915e-34
7.66577e-32
1.61154e-29
3.77943e-27
9.84914e-25
2.8434e-22
9.07267e-20
3.19376e-17
1.23857e-14
5.28553e-12
2.47963e-09
1.2777e-06
0.000722524
0.447984
304.279
226162
1.83722e+08
1.39053e+08
3.27344e+07
6.32836e+06
1.10595e+06
178115
26619.3
3819.8
556.306
84.5097
13.4212
2.23235
0.389385
0.0712896
0.013708
0.00276928
0.000587895
0.000131148
3.07378e-05
7.56645e-06
1.95549e-06
5.30309e-07
1.50807e-07
4.49458e-08
1.40273e-08
4.58029e-09
1.56331e-09
5.57249e-10
2.07247e-10
8.03387e-11
3.24214e-11
1.36059e-11
5.93123e-12
2.68281e-12
1.25617e-12
6.15041e-13
2.80705e-13
7.7617e-44
2.27534e-44
2.23616e-44
1.85016e-42
1.813e-40
2.12422e-38
2.90744e-36
4.57526e-34
8.18473e-32
1.65082e-29
3.73115e-27
9.40654e-25
2.63585e-22
8.1872e-20
2.81289e-17
1.0672e-14
4.46506e-12
2.05779e-09
1.04356e-06
0.000581768
0.356166
239.212
176047
1.41776e+08
1.49656e+08
3.5878e+07
6.96989e+06
1.22084e+06
196926
29467.4
4232.79
616.964
93.7902
14.9043
2.4805
0.43292
0.0793078
0.0152597
0.00308492
0.000655416
0.000146337
3.43304e-05
8.45963e-06
2.18881e-06
5.94306e-07
1.69226e-07
5.05048e-08
1.5785e-08
5.16192e-09
1.76455e-09
6.29975e-10
2.34671e-10
9.11173e-11
3.68312e-11
1.54816e-11
6.75987e-12
3.06251e-12
1.43622e-12
7.04279e-13
3.22007e-13
3.5582e-46
5.64327e-46
2.53641e-44
1.97207e-42
1.85886e-40
2.08304e-38
2.72717e-36
4.1144e-34
7.07731e-32
1.37677e-29
3.01012e-27
7.36119e-25
2.00602e-22
6.0742e-20
2.03901e-17
7.57419e-15
3.10885e-12
1.40818e-09
7.03097e-07
0.000386538
0.233721
155.254
113154
9.03525e+07
1.5968e+08
3.89963e+07
7.61297e+06
1.33657e+06
215938
32353.3
4652.09
678.644
103.238
16.4155
2.7335
0.477329
0.0874904
0.0168438
0.00340729
0.000724411
0.000161868
3.80067e-05
9.37454e-06
2.42809e-06
6.60039e-07
1.88178e-07
5.6236e-08
1.76012e-08
5.76444e-09
1.97359e-09
7.05744e-10
2.63333e-10
1.0242e-10
4.14712e-11
1.74624e-11
7.6381e-12
3.46645e-12
1.62849e-12
7.99939e-13
3.66486e-13
4.34169e-48
1.98601e-46
1.32442e-44
1.04548e-42
9.74594e-41
1.06509e-38
1.35112e-36
1.97037e-34
3.27545e-32
6.16337e-30
1.30537e-27
3.09783e-25
8.20782e-23
2.42107e-20
7.93244e-18
2.88154e-15
1.15877e-12
5.15165e-10
2.52896e-07
0.000136921
0.0816583
53.5798
38625
3.05437e+07
1.69036e+08
4.20563e+07
8.25071e+06
1.45191e+06
234949
35246.5
5073.34
740.709
112.756
17.9393
2.98878
0.522157
0.0957525
0.0184435
0.00373291
0.000794108
0.000177559
4.17223e-05
1.02996e-05
2.67018e-06
7.26595e-07
2.07386e-07
6.2052e-08
1.9447e-08
6.37783e-09
2.18681e-09
7.83195e-10
2.92699e-10
1.14029e-10
4.625e-11
1.95082e-11
8.54781e-12
3.88614e-12
1.82887e-12
8.9995e-13
4.13165e-13
2.27858e-49
1.4045e-47
9.72559e-46
7.61234e-44
6.82007e-42
7.01245e-40
8.25191e-38
1.10576e-35
1.67787e-33
2.86782e-31
5.49567e-29
1.17612e-26
2.80163e-24
7.40806e-22
2.16937e-19
7.02156e-17
2.50744e-14
9.86222e-12
4.26478e-09
2.02373e-06
0.00105138
0.596429
368.207
246293
1.77623e+08
4.50277e+07
8.87652e+06
1.56565e+06
253761
38117.1
5492.16
802.517
122.247
19.4602
3.24373
0.566947
0.10401
0.0200425
0.00405837
0.000863773
0.000193243
4.54359e-05
1.12243e-05
2.91221e-06
7.93155e-07
2.26606e-07
6.78756e-08
2.12969e-08
6.99327e-09
2.40104e-09
8.61129e-10
3.223e-10
1.25754e-10
5.10866e-11
2.15834e-11
9.47282e-12
4.31395e-12
2.03366e-12
1.00244e-12
4.61159e-13
2.34776e-50
1.61128e-48
1.23289e-46
1.05699e-44
1.02671e-42
1.13517e-40
1.42884e-38
2.04275e-36
3.30575e-34
6.03299e-32
1.23731e-29
2.84284e-27
7.29757e-25
2.08821e-22
6.6483e-20
2.35119e-17
9.22354e-15
4.00854e-12
1.92764e-09
1.02443e-06
0.000600894
0.388505
276.457
216150
1.85407e+08
4.78834e+07
9.48423e+06
1.67664e+06
272180
40935.2
5904.2
863.428
131.612
20.9624
3.49573
0.611241
0.112178
0.0216245
0.00438036
0.000932686
0.000208754
4.91082e-05
1.21385e-05
3.15149e-06
8.5896e-07
2.4561e-07
7.36355e-08
2.31274e-08
7.60269e-09
2.61335e-09
9.38453e-10
3.51708e-10
1.37419e-10
5.59064e-11
2.36551e-11
1.03981e-11
4.74277e-12
2.23938e-12
1.10563e-12
5.09622e-13
2.36531e-50
1.73306e-48
1.39954e-46
1.24901e-44
1.24547e-42
1.39664e-40
1.7661e-38
2.519e-36
4.04728e-34
7.31017e-32
1.48092e-29
3.35746e-27
8.50099e-25
2.39951e-22
7.53851e-20
2.63239e-17
1.02042e-14
4.38588e-12
2.08774e-09
1.0993e-06
0.000639457
0.410371
290.097
225505
1.9241e+08
5.05998e+07
1.00682e+07
1.7838e+06
290022
43672.2
6305.24
922.812
140.755
22.4304
3.74219
0.654585
0.120173
0.0231733
0.0046956
0.00100015
0.000223936
5.27014e-05
1.30328e-05
3.38548e-06
9.23297e-07
2.64188e-07
7.92664e-08
2.49172e-08
8.19873e-09
2.82111e-09
1.01417e-09
3.80529e-10
1.48865e-10
6.06415e-11
2.56933e-11
1.13099e-11
5.16608e-12
2.44284e-12
1.20788e-12
5.57771e-13
2.4181e-50
1.86796e-48
1.57815e-46
1.45896e-44
1.4909e-42
1.69617e-40
2.15762e-38
3.07514e-36
4.91287e-34
8.79306e-32
1.76121e-29
3.94257e-27
9.85046e-25
2.74334e-22
8.50594e-20
2.9329e-17
1.12342e-14
4.77518e-12
2.24992e-09
1.17371e-06
0.000677024
0.431225
302.812
234010
1.98644e+08
5.3157e+07
1.06233e+07
1.88615e+06
307118
46301.6
6691.3
980.074
149.582
23.8494
3.98062
0.696542
0.127916
0.0246735
0.00500095
0.00106548
0.000238637
5.61796e-05
1.38981e-05
3.6118e-06
9.85504e-07
2.82145e-07
8.47076e-08
2.66465e-08
8.77464e-09
3.02188e-09
1.08737e-09
4.08408e-10
1.59943e-10
6.52292e-11
2.76703e-11
1.21953e-11
5.57778e-12
2.64103e-12
1.30766e-12
6.0486e-13
2.43623e-50
1.96587e-48
1.72603e-46
1.64691e-44
1.72311e-42
1.991e-40
2.5536e-38
3.64729e-36
5.81143e-34
1.03367e-31
2.0524e-29
4.54714e-27
1.12337e-24
3.09236e-22
9.4774e-20
3.23117e-17
1.22442e-14
5.15226e-12
2.40504e-09
1.24398e-06
0.000712049
0.450411
314.349
241616
2.04132e+08
5.55375e+07
1.11449e+07
1.98274e+06
323303
48796.9
7058.41
1034.62
158.002
25.2043
4.20846
0.736663
0.135324
0.0261091
0.0052932
0.00112802
0.000252703
5.95067e-05
1.47255e-05
3.82811e-06
1.04493e-06
2.99291e-07
8.99007e-08
2.82964e-08
9.32397e-09
3.21337e-09
1.15719e-09
4.35005e-10
1.70518e-10
6.96107e-11
2.956e-11
1.30426e-11
5.97215e-12
2.83113e-12
1.40351e-12
6.50184e-13
2.4307e-50
2.03385e-48
1.84512e-46
1.81022e-44
1.93575e-42
2.2715e-40
2.94071e-38
4.21687e-36
6.71564e-34
1.18976e-31
2.34689e-29
5.1565e-27
1.26196e-24
3.43928e-22
1.04341e-19
3.52193e-17
1.32183e-14
5.5119e-12
2.55132e-09
1.30948e-06
0.000744301
0.46786
324.705
248347
2.08915e+08
5.77282e+07
1.16292e+07
2.0728e+06
338437
51135.5
7403.14
1085.91
165.931
26.4815
4.42344
0.774545
0.142322
0.0274657
0.00556943
0.00118712
0.000265997
6.26504e-05
1.5507e-05
4.03231e-06
1.10099e-06
3.15458e-07
9.47948e-08
2.98505e-08
9.84116e-09
3.3936e-09
1.22289e-09
4.60033e-10
1.8047e-10
7.37356e-11
3.13399e-11
1.38412e-11
6.34422e-12
3.01067e-12
1.49415e-12
6.93124e-13
2.41017e-50
2.07864e-48
1.93878e-46
1.94868e-44
2.12519e-42
2.53056e-40
3.30775e-38
4.7669e-36
7.59904e-34
1.34319e-31
2.63687e-29
5.75546e-27
1.39758e-24
3.77661e-22
1.13571e-19
3.80001e-17
1.41411e-14
5.84925e-12
2.68712e-09
1.36964e-06
0.000773602
0.483527
333.888
254235
2.13035e+08
5.97186e+07
1.20727e+07
2.15562e+06
352391
53296.6
7722.25
1133.47
173.29
27.6683
4.62338
0.809801
0.148838
0.0287296
0.00582683
0.0012422
0.000278385
6.55791e-05
1.62348e-05
4.2224e-06
1.15316e-06
3.3049e-07
9.93422e-08
3.12935e-08
1.03211e-08
3.56075e-09
1.28379e-09
4.83228e-10
1.89692e-10
7.75581e-11
3.29897e-11
1.45817e-11
6.68947e-12
3.17741e-12
1.5784e-12
7.33102e-13
2.38116e-50
2.1061e-48
2.01087e-46
2.06359e-44
2.28988e-42
2.76346e-40
3.646e-38
5.28283e-36
8.43753e-34
1.48982e-31
2.91476e-29
6.32913e-27
1.52707e-24
4.09707e-22
1.22283e-19
4.06051e-17
1.49985e-14
6.15993e-12
2.81105e-09
1.42402e-06
0.000799819
0.497397
341.924
259321
2.16542e+08
6.15005e+07
1.24728e+07
2.23058e+06
365054
55261.7
8012.88
1176.83
180.009
28.753
4.80625
0.842073
0.154806
0.0298877
0.00606277
0.0012927
0.000289743
6.8264e-05
1.69018e-05
4.39654e-06
1.20092e-06
3.44245e-07
1.035e-07
3.26119e-08
1.07593e-08
3.71325e-09
1.33933e-09
5.04365e-10
1.98092e-10
8.10395e-11
3.44923e-11
1.52563e-11
7.00406e-12
3.32943e-12
1.65528e-12
7.6963e-13
2.34852e-50
2.12115e-48
2.06524e-46
2.15706e-44
2.42978e-42
2.96747e-40
3.9491e-38
5.75291e-36
9.21028e-34
1.62591e-31
3.17354e-29
6.86353e-27
1.64744e-24
4.3938e-22
1.30307e-19
4.29891e-17
1.57776e-14
6.44011e-12
2.9219e-09
1.47225e-06
0.000822863
0.509471
348.846
263650
2.19485e+08
6.30681e+07
1.28272e+07
2.2972e+06
376332
57014.7
8272.53
1215.63
186.026
29.7251
4.97029
0.871041
0.160167
0.0309284
0.00627486
0.00133811
0.000299957
7.06784e-05
1.75016e-05
4.55306e-06
1.24382e-06
3.56594e-07
1.0723e-07
3.37938e-08
1.11517e-08
3.84973e-09
1.38899e-09
5.23253e-10
2.05594e-10
8.4147e-11
3.58331e-11
1.58582e-11
7.28481e-12
3.46513e-12
1.72394e-12
8.02292e-13
2.31579e-50
2.12777e-48
2.10536e-46
2.23148e-44
2.54572e-42
3.14126e-40
4.21264e-38
6.16783e-36
9.89967e-34
1.74816e-31
3.40682e-29
7.34569e-27
1.75591e-24
4.66037e-22
1.37484e-19
4.51103e-17
1.64667e-14
6.6863e-12
3.01863e-09
1.51402e-06
0.000842666
0.519758
354.687
267263
2.2191e+08
6.44165e+07
1.31339e+07
2.355e+06
386137
58541.3
8498.93
1249.49
191.283
30.5751
5.11381
0.896404
0.164863
0.0318406
0.00646087
0.00137794
0.00030892
7.27972e-05
1.80278e-05
4.69036e-06
1.28145e-06
3.67417e-07
1.10498e-07
3.48282e-08
1.14949e-08
3.96896e-09
1.43233e-09
5.39724e-10
2.12131e-10
8.6853e-11
3.70001e-11
1.63819e-11
7.52904e-12
3.58321e-12
1.7837e-12
8.30748e-13
2.28556e-50
2.12912e-48
2.13428e-46
2.28931e-44
2.63912e-42
3.28468e-40
4.43402e-38
6.52103e-36
1.04921e-33
1.85387e-31
3.60926e-29
7.76461e-27
1.85008e-24
4.89128e-22
1.4368e-19
4.69337e-17
1.70561e-14
6.89572e-12
3.10044e-09
1.54912e-06
0.000859195
0.528281
359.486
270203
2.2386e+08
6.55432e+07
1.33914e+07
2.40367e+06
394405
59830.3
8690.28
1278.14
195.733
31.2952
5.23549
0.917919
0.168849
0.0326154
0.00661891
0.0014118
0.000316541
7.45993e-05
1.84754e-05
4.80714e-06
1.31344e-06
3.76616e-07
1.13273e-07
3.57061e-08
1.17859e-08
4.06997e-09
1.46901e-09
5.5365e-10
2.17653e-10
8.91367e-11
3.79843e-11
1.68233e-11
7.73487e-12
3.68271e-12
1.83408e-12
8.54753e-13
2.25963e-50
2.12761e-48
2.15452e-46
2.33276e-44
2.71151e-42
3.39812e-40
4.61176e-38
6.80779e-36
1.0977e-33
1.94087e-31
3.7764e-29
8.11091e-27
1.92789e-24
5.08178e-22
1.48778e-19
4.84289e-17
1.75374e-14
7.06602e-12
3.16663e-09
1.57739e-06
0.000872429
0.535063
363.278
272507
2.25373e+08
6.64461e+07
1.35987e+07
2.44291e+06
401082
60872.2
8845.09
1301.33
199.338
31.8789
5.33417
0.935378
0.172085
0.0332447
0.00674737
0.00143934
0.000322741
7.60659e-05
1.88398e-05
4.90221e-06
1.33948e-06
3.84102e-07
1.1553e-07
3.64197e-08
1.20223e-08
4.15192e-09
1.49874e-09
5.64926e-10
2.22119e-10
9.09821e-11
3.87789e-11
1.71795e-11
7.90086e-12
3.76294e-12
1.8747e-12
8.7413e-13
2.23926e-50
2.12505e-48
2.16804e-46
2.36369e-44
2.76437e-42
3.48232e-40
4.74524e-38
7.02504e-36
1.13468e-33
2.0075e-31
3.90476e-29
8.37715e-27
1.98772e-24
5.22805e-22
1.52685e-19
4.95717e-17
1.79043e-14
7.19534e-12
3.21672e-09
1.59868e-06
0.000882357
0.540126
366.093
274206
2.2648e+08
6.7124e+07
1.37548e+07
2.47253e+06
406124
61659.8
8962.17
1318.88
202.067
32.321
5.40894
0.948615
0.17454
0.0337225
0.00684494
0.00146027
0.000327457
7.71818e-05
1.91171e-05
4.9746e-06
1.35931e-06
3.89801e-07
1.17248e-07
3.69626e-08
1.2202e-08
4.21417e-09
1.5213e-09
5.73471e-10
2.255e-10
9.23777e-11
3.93793e-11
1.74484e-11
8.02614e-12
3.82349e-12
1.90536e-12
8.88776e-13
2.2253e-50
2.12271e-48
2.17629e-46
2.38352e-44
2.79892e-42
3.53798e-40
4.83424e-38
7.17083e-36
1.1596e-33
2.05257e-31
3.99175e-29
8.55775e-27
2.02829e-24
5.32719e-22
1.55329e-19
5.03438e-17
1.81516e-14
7.28231e-12
3.25031e-09
1.61293e-06
0.000888976
0.54349
367.956
275325
2.27204e+08
6.75763e+07
1.38592e+07
2.49234e+06
409502
62187.5
9040.65
1330.64
203.897
32.6176
5.45913
0.957504
0.17619
0.0340437
0.00691061
0.00147437
0.000330636
7.7935e-05
1.93045e-05
5.02354e-06
1.37273e-06
3.93657e-07
1.1841e-07
3.73297e-08
1.23234e-08
4.25621e-09
1.53652e-09
5.7923e-10
2.27775e-10
9.3316e-11
3.97826e-11
1.7629e-11
8.11024e-12
3.86415e-12
1.92597e-12
8.98649e-13
2.21824e-50
2.12139e-48
2.18023e-46
2.39324e-44
2.81602e-42
3.56572e-40
4.87879e-38
7.24407e-36
1.17216e-33
2.07532e-31
4.0357e-29
8.64903e-27
2.0488e-24
5.37728e-22
1.56664e-19
5.07331e-17
1.82761e-14
7.32604e-12
3.26718e-09
1.62006e-06
0.000892286
0.545168
368.884
275881
2.27562e+08
6.78025e+07
1.39115e+07
2.50228e+06
411194
62452
9079.98
1336.54
204.815
32.7664
5.48431
0.961968
0.17702
0.0342055
0.00694374
0.0014815
0.000332248
7.83176e-05
1.93999e-05
5.04849e-06
1.37958e-06
3.95629e-07
1.19005e-07
3.75176e-08
1.23855e-08
4.2777e-09
1.54429e-09
5.82167e-10
2.28935e-10
9.37936e-11
3.99878e-11
1.77209e-11
8.15312e-12
3.88494e-12
1.93655e-12
9.03764e-13
2.21835e-50
2.12148e-48
2.18032e-46
2.39334e-44
2.81612e-42
3.56583e-40
4.87893e-38
7.24426e-36
1.17219e-33
2.07535e-31
4.03576e-29
8.64914e-27
2.04882e-24
5.37731e-22
1.56664e-19
5.07333e-17
1.82761e-14
7.32605e-12
3.26718e-09
1.62006e-06
0.000892286
0.545168
368.883
275880
2.27562e+08
6.78024e+07
1.39114e+07
2.50226e+06
411190
62451.5
9079.87
1336.52
204.812
32.766
5.48426
0.961968
0.177021
0.0342063
0.00694399
0.00148158
0.000332272
7.8325e-05
1.94021e-05
5.04917e-06
1.37978e-06
3.95694e-07
1.19026e-07
3.75243e-08
1.23878e-08
4.27847e-09
1.54457e-09
5.82269e-10
2.28975e-10
9.38103e-11
3.99953e-11
1.77245e-11
8.15504e-12
3.88602e-12
1.93721e-12
9.0418e-13
2.2256e-50
2.12299e-48
2.17657e-46
2.3838e-44
2.79922e-42
3.53832e-40
4.83465e-38
7.17137e-36
1.15968e-33
2.05268e-31
3.99192e-29
8.55805e-27
2.02835e-24
5.32731e-22
1.55331e-19
5.03444e-17
1.81517e-14
7.28234e-12
3.25032e-09
1.61293e-06
0.000888975
0.543489
367.956
275325
2.27204e+08
6.7576e+07
1.38591e+07
2.49231e+06
409492
62185.9
9040.32
1330.6
203.889
32.6166
5.45901
0.957506
0.176195
0.0340461
0.00691139
0.00147462
0.000330711
7.79572e-05
1.93111e-05
5.02554e-06
1.37334e-06
3.93848e-07
1.18471e-07
3.73496e-08
1.23301e-08
4.25853e-09
1.53735e-09
5.79545e-10
2.27901e-10
9.33692e-11
3.98069e-11
1.7641e-11
8.11658e-12
3.86773e-12
1.92812e-12
8.99996e-13
2.23978e-50
2.12552e-48
2.16849e-46
2.36414e-44
2.76486e-42
3.48287e-40
4.74591e-38
7.02591e-36
1.1348e-33
2.00768e-31
3.90504e-29
8.37764e-27
1.98781e-24
5.22824e-22
1.52689e-19
4.95726e-17
1.79045e-14
7.19539e-12
3.21673e-09
1.59868e-06
0.000882356
0.540124
366.092
274205
2.26479e+08
6.71235e+07
1.37546e+07
2.47247e+06
406109
61657.2
8961.67
1318.81
202.055
32.3198
5.40882
0.948632
0.174551
0.0337267
0.0068463
0.00146069
0.000327579
7.7218e-05
1.91279e-05
4.97783e-06
1.3603e-06
3.9011e-07
1.17347e-07
3.69951e-08
1.2213e-08
4.21808e-09
1.52274e-09
5.74028e-10
2.25728e-10
9.24774e-11
3.94259e-11
1.74718e-11
8.03861e-12
3.83052e-12
1.90955e-12
8.91346e-13
2.26035e-50
2.12827e-48
2.15515e-46
2.33339e-44
2.71218e-42
3.39888e-40
4.61267e-38
6.80895e-36
1.09786e-33
1.9411e-31
3.77678e-29
8.11156e-27
1.92801e-24
5.08202e-22
1.48783e-19
4.843e-17
1.75377e-14
7.06607e-12
3.16664e-09
1.57738e-06
0.000872425
0.535059
363.275
272504
2.25372e+08
6.64452e+07
1.35983e+07
2.44283e+06
401061
60869
8844.48
1301.25
199.326
31.878
5.33415
0.935429
0.172105
0.0332515
0.00674939
0.00143993
0.000322912
7.61152e-05
1.88543e-05
4.90654e-06
1.3408e-06
3.84516e-07
1.15664e-07
3.64643e-08
1.20378e-08
4.15752e-09
1.50087e-09
5.65777e-10
2.2248e-10
9.1145e-11
3.88571e-11
1.72193e-11
7.92222e-12
3.77496e-12
1.8818e-12
8.78389e-13
2.2865e-50
2.12996e-48
2.13507e-46
2.2901e-44
2.63995e-42
3.2856e-40
4.43512e-38
6.52243e-36
1.0494e-33
1.85415e-31
3.60971e-29
7.76538e-27
1.85022e-24
4.89156e-22
1.43686e-19
4.6935e-17
1.70563e-14
6.89578e-12
3.10044e-09
1.54912e-06
0.000859189
0.528276
359.482
270199
2.23858e+08
6.55418e+07
1.33909e+07
2.40357e+06
394381
59826.8
8689.67
1278.07
195.724
31.2953
5.2357
0.918027
0.168882
0.0326253
0.00662167
0.00141258
0.000316757
7.46608e-05
1.84932e-05
4.81243e-06
1.31506e-06
3.77126e-07
1.13439e-07
3.57628e-08
1.18061e-08
4.07749e-09
1.47196e-09
5.54876e-10
2.18191e-10
8.93865e-11
3.81066e-11
1.68863e-11
7.76884e-12
3.70177e-12
1.84525e-12
8.6131e-13
2.31695e-50
2.12879e-48
2.1063e-46
2.23241e-44
2.54668e-42
3.14233e-40
4.21389e-38
6.16942e-36
9.90183e-34
1.74847e-31
3.40732e-29
7.34655e-27
1.75607e-24
4.66068e-22
1.3749e-19
4.51117e-17
1.6467e-14
6.68635e-12
3.01863e-09
1.51401e-06
0.000842657
0.519751
354.681
267258
2.21907e+08
6.44146e+07
1.31332e+07
2.35489e+06
386111
58538.2
8498.42
1249.46
191.281
30.5769
5.11438
0.89659
0.164913
0.0318542
0.00646445
0.0013789
0.000309182
7.28702e-05
1.80487e-05
4.69654e-06
1.28334e-06
3.6802e-07
1.10698e-07
3.4898e-08
1.15205e-08
3.97881e-09
1.43633e-09
5.4144e-10
2.12905e-10
8.72203e-11
3.71826e-11
1.64765e-11
7.58014e-12
3.61176e-12
1.80032e-12
8.4032e-13
2.34989e-50
2.12234e-48
2.06632e-46
2.1581e-44
2.43085e-42
2.96864e-40
3.95046e-38
5.75461e-36
9.21259e-34
1.62625e-31
3.17407e-29
6.86444e-27
1.64761e-24
4.39413e-22
1.30313e-19
4.29905e-17
1.57778e-14
6.44014e-12
2.92189e-09
1.47223e-06
0.00082285
0.509461
348.838
263643
2.19481e+08
6.30657e+07
1.28265e+07
2.29708e+06
376308
57012.6
8272.26
1215.65
186.036
29.7293
4.97134
0.871325
0.160236
0.0309461
0.00627933
0.00133927
0.000300265
7.07627e-05
1.75255e-05
4.56012e-06
1.246e-06
3.57299e-07
1.0747e-07
3.38795e-08
1.11841e-08
3.86257e-09
1.39435e-09
5.25613e-10
2.0668e-10
8.46695e-11
3.60948e-11
1.59943e-11
7.35817e-12
3.50593e-12
1.74752e-12
8.15661e-13
2.38276e-50
2.10745e-48
2.01208e-46
2.06473e-44
2.29102e-42
2.76469e-40
3.64741e-38
5.28458e-36
8.43988e-34
1.49016e-31
2.9153e-29
6.33006e-27
1.52724e-24
4.09741e-22
1.2229e-19
4.06065e-17
1.49987e-14
6.15995e-12
2.81102e-09
1.42399e-06
0.000799802
0.497384
341.915
259313
2.16537e+08
6.14978e+07
1.24721e+07
2.23048e+06
365037
55261.3
8012.99
1176.94
180.035
28.7602
4.80787
0.84247
0.154898
0.0299099
0.00606818
0.00129407
0.000290099
6.83604e-05
1.69291e-05
4.40465e-06
1.20345e-06
3.4508e-07
1.0379e-07
3.27185e-08
1.08005e-08
3.73003e-09
1.34649e-09
5.07565e-10
1.99582e-10
8.17611e-11
3.48548e-11
1.54447e-11
7.10526e-12
3.38539e-12
1.68741e-12
7.87595e-13
2.41199e-50
2.08013e-48
1.94007e-46
1.94987e-44
2.12636e-42
2.5318e-40
3.30916e-38
4.76863e-36
7.60137e-34
1.34353e-31
2.63741e-29
5.75638e-27
1.39775e-24
3.77695e-22
1.13578e-19
3.80015e-17
1.41413e-14
5.84926e-12
2.68709e-09
1.36961e-06
0.000773582
0.483513
333.878
254226
2.13029e+08
5.9716e+07
1.20721e+07
2.15556e+06
352385
53298.9
7722.87
1133.67
173.333
27.6789
4.62562
0.810318
0.148953
0.0287565
0.00583323
0.00124379
0.000278795
6.56899e-05
1.62663e-05
4.23187e-06
1.15617e-06
3.31502e-07
9.97019e-08
3.14284e-08
1.03743e-08
3.58275e-09
1.2933e-09
4.87506e-10
1.91693e-10
7.85286e-11
3.34766e-11
1.4834e-11
6.82426e-12
3.25149e-12
1.62065e-12
7.56438e-13
2.43272e-50
2.03545e-48
1.84647e-46
1.81143e-44
1.93691e-42
2.2727e-40
2.94206e-38
4.21852e-36
6.71786e-34
1.19008e-31
2.34741e-29
5.1574e-27
1.26213e-24
3.43962e-22
1.04348e-19
3.52207e-17
1.32185e-14
5.51192e-12
2.55129e-09
1.30945e-06
0.000744282
0.467845
324.694
248337
2.08908e+08
5.77261e+07
1.16287e+07
2.07281e+06
338447
51141.3
7404.4
1086.23
165.994
26.4958
4.42636
0.775187
0.142461
0.0274976
0.00557689
0.00118896
0.000266471
6.27793e-05
1.55442e-05
4.04366e-06
1.10467e-06
3.16717e-07
9.52499e-08
3.00236e-08
9.91022e-09
3.42237e-09
1.23537e-09
4.65663e-10
1.83101e-10
7.50082e-11
3.19757e-11
1.41688e-11
6.51826e-12
3.10569e-12
1.54797e-12
7.22527e-13
2.43842e-50
1.96754e-48
1.72739e-46
1.64808e-44
1.72421e-42
1.99212e-40
2.55484e-38
3.64881e-36
5.81348e-34
1.03397e-31
2.05289e-29
4.54801e-27
1.12354e-24
3.0927e-22
9.47813e-20
3.23133e-17
1.22445e-14
5.15231e-12
2.40503e-09
1.24397e-06
0.000712033
0.450398
314.34
241608
2.04127e+08
5.55364e+07
1.11448e+07
1.98285e+06
323335
48806.9
7060.42
1035.06
158.087
25.2223
4.21205
0.73743
0.135487
0.026146
0.00530184
0.00113015
0.000253258
5.96599e-05
1.47704e-05
3.84206e-06
1.04952e-06
3.00886e-07
9.04841e-08
2.852e-08
9.41352e-09
3.25073e-09
1.17338e-09
4.42285e-10
1.73906e-10
7.12402e-11
3.03691e-11
1.34569e-11
6.19072e-12
2.94963e-12
1.47018e-12
6.86236e-13
2.4206e-50
1.86977e-48
1.57955e-46
1.46012e-44
1.49195e-42
1.69721e-40
2.15877e-38
3.07655e-36
4.91478e-34
8.79591e-32
1.76168e-29
3.94342e-27
9.85213e-25
2.74369e-22
8.50676e-20
2.9331e-17
1.12346e-14
4.7753e-12
2.24994e-09
1.17371e-06
0.000677017
0.431217
302.806
234004
1.9864e+08
5.31577e+07
1.06238e+07
1.88639e+06
307177
46316.5
6694.13
980.655
149.69
23.8712
3.98488
0.697436
0.128106
0.0247162
0.00501099
0.00106799
0.000239298
5.63653e-05
1.39535e-05
3.62927e-06
9.91324e-07
2.84186e-07
8.54574e-08
2.69344e-08
8.88981e-09
3.06977e-09
1.10803e-09
4.1764e-10
1.64212e-10
6.7268e-11
2.86754e-11
1.27063e-11
5.84539e-12
2.78509e-12
1.38816e-12
6.47975e-13
2.38102e-50
1.74388e-48
1.4074e-46
1.2551e-44
1.25058e-42
1.40136e-40
1.77092e-38
2.52448e-36
4.05419e-34
7.31982e-32
1.48241e-29
3.36e-27
8.50575e-25
2.40049e-22
7.54069e-20
2.63292e-17
1.02056e-14
4.38626e-12
2.08785e-09
1.09934e-06
0.000639467
0.410373
290.098
225504
1.92411e+08
5.0603e+07
1.00693e+07
1.7842e+06
290112
43692.6
6308.94
923.531
140.885
22.4561
3.74715
0.655614
0.120392
0.0232228
0.00470737
0.00100313
0.000224738
5.29303e-05
1.3102e-05
3.40756e-06
9.30709e-07
2.66795e-07
8.02242e-08
2.5284e-08
8.3448e-09
2.88148e-09
1.04004e-09
3.92004e-10
1.54129e-10
6.31364e-11
2.69138e-11
1.19256e-11
5.48618e-12
2.61394e-12
1.30285e-12
6.0817e-13
2.96289e-50
2.01426e-48
1.51587e-46
1.27302e-44
1.20939e-42
1.30789e-40
1.61197e-38
2.26034e-36
3.59457e-34
6.45961e-32
1.30714e-29
2.96891e-27
7.54752e-25
2.14236e-22
6.77578e-20
2.38358e-17
9.31155e-15
4.03379e-12
1.93513e-09
1.02666e-06
0.000601507
0.388636
276.466
216157
1.85414e+08
4.78898e+07
9.48623e+06
1.67722e+06
272304
40961.2
5908.79
864.284
131.765
20.9919
3.50142
0.612419
0.11243
0.0216823
0.00439435
0.000936292
0.00020974
4.93934e-05
1.22256e-05
3.17942e-06
8.68354e-07
2.4891e-07
7.48437e-08
2.35876e-08
7.78472e-09
2.68803e-09
9.70194e-10
3.65672e-10
1.43773e-10
5.88937e-11
2.51049e-11
1.11239e-11
5.11736e-12
2.43819e-12
1.21524e-12
5.67294e-13
2.46679e-49
1.51748e-47
1.04622e-45
8.1453e-44
7.25597e-42
7.41755e-40
8.67886e-38
1.15653e-35
1.74558e-33
2.96841e-31
5.66114e-29
1.20607e-26
2.8609e-24
7.53541e-22
2.19882e-19
7.09401e-17
2.52605e-14
9.91058e-12
4.2766e-09
2.02586e-06
0.00105114
0.595834
367.772
246137
1.7764e+08
4.50379e+07
8.87947e+06
1.56642e+06
253920
38148.8
5497.63
803.511
122.423
19.4938
3.25023
0.568302
0.104304
0.0201111
0.00407525
0.000868188
0.000194464
4.57922e-05
1.13335e-05
2.94729e-06
8.04925e-07
2.30722e-07
6.93734e-08
2.18632e-08
7.21554e-09
2.49147e-09
8.99244e-10
3.38929e-10
1.33258e-10
5.45861e-11
2.32686e-11
1.03102e-11
4.743e-12
2.25982e-12
1.12633e-12
5.25803e-13
4.36078e-48
1.99585e-46
1.32979e-44
1.04868e-42
9.76623e-41
1.06634e-38
1.3516e-36
1.96962e-34
3.27206e-32
6.15346e-30
1.30262e-27
3.08998e-25
8.18405e-23
2.41332e-20
7.90504e-18
2.87099e-15
1.15433e-12
5.13125e-10
2.51869e-07
0.000136355
0.0813161
53.3532
38460.9
3.04135e+07
1.69064e+08
4.20708e+07
8.25468e+06
1.45288e+06
235144
35283.9
5079.69
741.841
112.956
17.9775
2.99625
0.52373
0.0961005
0.0185258
0.00375345
0.000799543
0.000179073
4.21654e-05
1.04354e-05
2.71366e-06
7.41103e-07
2.12426e-07
6.38717e-08
2.01294e-08
6.64334e-09
2.29391e-09
8.27946e-10
3.1206e-10
1.22695e-10
5.02597e-11
2.14245e-11
9.4932e-12
4.36718e-12
2.08077e-12
1.03709e-12
4.84159e-13
3.55821e-46
5.65438e-46
2.54216e-44
1.97548e-42
1.86111e-40
2.08457e-38
2.72802e-36
4.11416e-34
7.07459e-32
1.37586e-29
3.00738e-27
7.35299e-25
2.00344e-22
6.06551e-20
2.03585e-17
7.56175e-15
3.10352e-12
1.40568e-09
7.01818e-07
0.000385823
0.233283
154.961
112940
9.01811e+07
1.59723e+08
3.90154e+07
7.61799e+06
1.33775e+06
216168
32396.2
4659.32
679.921
103.465
16.459
2.74215
0.479176
0.0879056
0.0169431
0.00343238
0.000731083
0.000163731
3.85513e-05
9.54077e-06
2.48099e-06
6.77563e-07
1.94215e-07
5.8397e-08
1.84044e-08
6.07416e-09
2.09742e-09
7.57046e-10
2.85344e-10
1.12194e-10
4.59593e-11
1.95919e-11
8.68135e-12
3.99379e-12
1.90291e-12
9.4845e-13
4.42801e-13
7.7615e-44
2.2751e-44
2.23403e-44
1.85193e-42
1.81423e-40
2.12509e-38
2.90789e-36
4.57488e-34
8.18229e-32
1.65001e-29
3.72869e-27
9.39897e-25
2.6334e-22
8.17873e-20
2.80973e-17
1.06592e-14
4.45949e-12
2.05513e-09
1.04218e-06
0.000580984
0.35568
238.883
175805
1.4158e+08
1.49714e+08
3.59019e+07
6.97596e+06
1.22221e+06
197190
29515.8
4240.93
618.4
94.0484
14.9543
2.4906
0.435105
0.0798053
0.0153797
0.00311535
0.000663516
0.000148594
3.49869e-05
8.65873e-06
2.25167e-06
6.14957e-07
1.76276e-07
5.30055e-08
1.67059e-08
5.51384e-09
1.90403e-09
6.87272e-10
2.59056e-10
1.01862e-10
4.17285e-11
1.7789e-11
7.8828e-12
3.62656e-12
1.728e-12
8.61294e-13
4.02137e-13
7.10268e-42
1.94362e-42
0
1.26065e-42
1.34346e-40
1.69179e-38
2.46289e-36
4.08813e-34
7.66311e-32
1.61081e-29
3.77734e-27
9.84273e-25
2.8413e-22
9.06528e-20
3.19095e-17
1.23741e-14
5.28037e-12
2.47712e-09
1.27638e-06
0.00072176
0.447505
303.95
225917
1.83522e+08
1.39129e+08
3.27632e+07
6.33544e+06
1.10751e+06
178412
26673.2
3828.91
557.92
84.8042
13.4789
2.24419
0.391969
0.0718822
0.0138513
0.00280558
0.000597524
0.000133815
3.15078e-05
7.79803e-06
2.02796e-06
5.53895e-07
1.58785e-07
4.77495e-08
1.50505e-08
4.96787e-09
1.71562e-09
6.19309e-10
2.33454e-10
9.18008e-11
3.76091e-11
1.60338e-11
7.10536e-12
3.26905e-12
1.55772e-12
7.76453e-13
3.62554e-13
1.9633e-40
1.06786e-40
0
6.93462e-43
8.17494e-41
1.14094e-38
1.80044e-36
3.19229e-34
6.32547e-32
1.39458e-29
3.40909e-27
9.2146e-25
2.74791e-22
9.02551e-20
3.26059e-17
1.29423e-14
5.63944e-12
2.69556e-09
1.41237e-06
0.000810669
0.509337
350.028
262866
2.15479e+08
1.28018e+08
2.96154e+07
5.69963e+06
994185
159920
23881.3
3425.07
498.74
75.771
12.0387
2.0039
0.349938
0.0641674
0.012364
0.00250428
0.00053336
0.00011945
2.81271e-05
6.96183e-06
1.81066e-06
4.94592e-07
1.418e-07
4.26466e-08
1.34437e-08
4.43799e-09
1.5328e-09
5.53376e-10
2.08622e-10
8.20439e-11
3.36149e-11
1.43321e-11
6.35173e-12
2.92251e-12
1.39268e-12
6.94222e-13
3.24186e-13
8.43311e-39
5.97026e-39
0
1.90325e-42
4.24939e-41
6.6598e-39
1.16077e-36
2.22822e-34
4.71388e-32
1.0983e-29
2.81526e-27
7.93028e-25
2.4523e-22
8.31741e-20
3.09181e-17
1.25888e-14
5.61153e-12
2.7372e-09
1.46038e-06
0.000851825
0.542891
377.826
286910
2.37487e+08
1.16185e+08
2.6407e+07
5.05814e+06
880389
141411
21093.7
3022.68
439.866
66.7962
10.6094
1.76562
0.30829
0.0565278
0.010892
0.00220622
0.000469912
0.00010525
2.47861e-05
6.13562e-06
1.59598e-06
4.36012e-07
1.25023e-07
3.76065e-08
1.18567e-08
3.91471e-09
1.35228e-09
4.88279e-10
1.84108e-10
7.24138e-11
2.96733e-11
1.26532e-11
5.60832e-12
2.58073e-12
1.22994e-12
6.13146e-13
2.86359e-13
4.94523e-37
3.97288e-37
0
1.27401e-40
8.18655e-41
3.39822e-39
6.60002e-37
1.39096e-34
3.17671e-32
7.89131e-30
2.13625e-27
6.30796e-25
2.0325e-22
7.14741e-20
2.74322e-17
1.1491e-14
5.25315e-12
2.62062e-09
1.42641e-06
0.000846909
0.548313
386.934
297437
2.48847e+08
1.03511e+08
2.31143e+07
4.40648e+06
765338
122759
18291.9
2619.08
380.913
57.8208
9.18146
1.52776
0.266744
0.0489109
0.00942503
0.00190932
0.000406735
9.11157e-05
2.14615e-05
5.31369e-06
1.38246e-06
3.77755e-07
1.0834e-07
3.25948e-08
1.02786e-08
3.39435e-09
1.17276e-09
4.23542e-10
1.59729e-10
6.28371e-11
2.57537e-11
1.09838e-11
4.86922e-12
2.24099e-12
1.06818e-12
5.32581e-13
2.48777e-13
3.72329e-35
3.20039e-35
0
1.21322e-38
7.31263e-39
5.35871e-39
3.34791e-37
7.78134e-35
1.93751e-32
5.17574e-30
1.49043e-27
4.64125e-25
1.56618e-22
5.73502e-20
2.28103e-17
9.86112e-15
4.63593e-12
2.37087e-09
1.31924e-06
0.000798743
0.526153
377.007
293721
2.48642e+08
9.0192e+07
1.97941e+07
3.75608e+06
651055
104292
15525.1
2221.35
322.915
49.0024
7.7799
1.29448
0.226022
0.0414486
0.00798839
0.00161863
0.000344897
7.72842e-05
1.82089e-05
4.50973e-06
1.17365e-06
3.20793e-07
9.20301e-08
2.76958e-08
8.73611e-09
2.88572e-09
9.97283e-10
3.60255e-10
1.35894e-10
5.3473e-11
2.19208e-11
9.35112e-12
4.14633e-12
1.90869e-12
9.09973e-13
4.53784e-13
2.12019e-13
3.46742e-33
3.10199e-33
0
1.34683e-36
9.18643e-37
5.41529e-37
5.32978e-37
4.38767e-35
1.0819e-32
3.10116e-30
9.55949e-28
3.1568e-25
1.121e-22
4.29226e-20
1.77561e-17
7.94736e-15
3.85297e-12
2.02498e-09
1.15439e-06
0.000714104
0.479416
349.321
276188
2.36833e+08
7.65222e+07
1.65176e+07
3.1206e+06
539903
86387
12849.2
1837.48
267.027
40.5157
6.43243
1.07038
0.186925
0.0342868
0.00660997
0.00133977
0.000285581
6.40175e-05
1.50893e-05
3.73868e-06
9.73397e-07
2.66171e-07
7.63916e-08
2.29988e-08
7.25735e-09
2.39814e-09
8.29073e-10
2.99592e-10
1.13047e-10
4.4496e-11
1.82459e-11
7.78557e-12
3.45306e-12
1.58995e-12
7.58191e-13
3.78177e-13
1.76743e-13
3.90187e-31
3.58144e-31
0
1.72455e-34
1.28656e-34
8.27587e-35
6.15484e-35
8.26014e-34
2.74559e-32
2.1369e-30
6.80318e-28
2.31831e-25
8.45065e-23
3.30941e-20
1.39678e-17
6.36835e-15
3.1417e-12
1.67897e-09
9.72715e-07
0.000611201
0.416581
307.978
246899
2.14513e+08
6.28953e+07
1.33683e+07
2.5155e+06
434521
69460.9
10325.4
1476.06
214.483
32.5457
5.16815
0.860259
0.150286
0.0275779
0.00531901
0.00107863
0.000230034
5.15928e-05
1.21673e-05
3.01635e-06
7.85769e-07
2.14985e-07
6.17351e-08
1.85963e-08
5.87125e-09
1.94111e-09
6.71398e-10
2.42728e-10
9.16305e-11
3.60814e-11
1.48012e-11
6.31802e-12
2.80313e-12
1.2911e-12
6.15869e-13
3.07273e-13
1.43653e-13
5.22536e-29
4.88124e-29
1.36206e-32
2.54211e-32
2.02813e-32
1.40306e-32
1.08029e-32
1.46495e-31
4.49953e-30
2.20409e-29
6.13203e-27
2.0943e-24
7.50143e-22
2.82983e-19
1.12769e-16
4.75517e-14
2.1226e-11
1.00194e-08
4.98683e-06
0.00260196
1.40791
773.617
411772
1.83999e+08
4.97847e+07
1.04364e+07
1.95704e+06
337634
53938.9
8015.35
1145.75
166.514
25.2758
4.01563
0.668804
0.116913
0.0214686
0.00414361
0.000840873
0.000179457
4.02783e-05
9.50579e-06
2.35823e-06
6.14762e-07
1.68316e-07
4.83674e-08
1.45796e-08
4.60619e-09
1.52386e-09
5.27417e-10
1.90793e-10
7.20674e-11
2.8394e-11
1.1654e-11
4.97711e-12
2.20925e-12
1.01802e-12
4.85809e-13
2.42475e-13
1.13408e-13
8.23911e-27
7.79402e-27
8.82743e-30
4.31005e-30
3.62072e-30
2.65875e-30
2.1046e-30
2.90019e-29
1.04534e-27
1.26623e-27
1.59574e-25
6.43724e-23
2.73113e-20
1.22279e-17
5.80605e-15
2.93531e-12
1.58506e-09
9.16531e-07
0.00056863
0.379115
271.945
210065
1.74835e+08
1.48501e+08
3.77023e+07
7.81099e+06
1.46075e+06
251816
40219
5976.64
854.547
124.253
18.8735
3.00088
0.500247
0.0875325
0.0160896
0.00310859
0.000631483
0.000134907
3.03093e-05
7.16006e-06
1.77798e-06
4.63928e-07
1.27133e-07
3.65651e-08
1.10314e-08
3.4881e-09
1.1549e-09
4.00032e-10
1.44822e-10
5.47433e-11
2.15838e-11
8.86489e-12
3.78844e-12
1.68267e-12
7.75834e-13
3.70443e-13
1.84991e-13
8.65718e-14
1.51819e-24
1.44966e-24
2.49905e-27
8.39931e-28
7.34754e-28
5.66613e-28
4.58231e-28
6.29722e-27
2.68415e-25
2.3842e-25
2.83998e-25
6.00352e-23
2.67261e-20
1.26643e-17
6.33426e-15
3.35444e-12
1.88816e-09
1.13319e-06
0.000726933
0.499418
368.013
291210
2.47648e+08
1.12237e+08
2.71177e+07
5.56567e+06
1.03896e+06
179070
28606.9
4252.95
608.494
88.5537
13.4648
2.14339
0.357754
0.0626822
0.0115376
0.00223223
0.000454089
9.7143e-05
2.18546e-05
5.16957e-06
1.28534e-06
3.35796e-07
9.21295e-08
2.65278e-08
8.01196e-09
2.53601e-09
8.40516e-10
2.91418e-10
1.05599e-10
3.99527e-11
1.57659e-11
6.48071e-12
2.77176e-12
1.23204e-12
5.68476e-13
2.71623e-13
1.35732e-13
6.35653e-14
3.25243e-22
3.12777e-22
6.62646e-25
1.88027e-25
1.69887e-25
1.36409e-25
1.1219e-25
1.50844e-24
7.59766e-23
7.22396e-23
4.82222e-23
5.65104e-22
1.03117e-19
3.93974e-17
1.87991e-14
9.3518e-12
4.85829e-09
2.64042e-06
0.00150224
0.893792
554.256
355743
2.33081e+08
7.89257e+07
1.83792e+07
3.74677e+06
698881
120515
19268.5
2867.42
410.734
59.8534
9.11424
1.45313
0.242946
0.0426399
0.00786235
0.00152388
0.000310547
6.65533e-05
1.49989e-05
3.55398e-06
8.85118e-07
2.3161e-07
6.36434e-08
1.83527e-08
5.5508e-09
1.75937e-09
5.83864e-10
2.02682e-10
7.35306e-11
2.78509e-11
1.1002e-11
4.52704e-12
1.93805e-12
8.62251e-13
3.98198e-13
1.90422e-13
9.52305e-14
4.46356e-14
8.06936e-20
7.80308e-20
1.84355e-22
4.8316e-23
4.48151e-23
3.72104e-23
3.10249e-23
4.00669e-22
2.38311e-20
2.41049e-20
1.67827e-20
1.35483e-19
1.06356e-17
1.84825e-15
1.02444e-12
6.02825e-10
3.73372e-07
0.000243945
0.168704
123.848
96738.8
8.05594e+07
1.77945e+08
5.12922e+07
1.16425e+07
2.3637e+06
441049
76151.4
12193.6
1817.5
260.794
38.0753
5.80948
0.928146
0.155503
0.0273516
0.00505438
0.00098179
0.000200517
4.30665e-05
9.72673e-06
2.30963e-06
5.76408e-07
1.51134e-07
4.16108e-08
1.20219e-08
3.6426e-09
1.15655e-09
3.84449e-10
1.33668e-10
4.85655e-11
1.8421e-11
7.28667e-12
3.0021e-12
1.28676e-12
5.73138e-13
2.64967e-13
1.26838e-13
6.3493e-14
2.979e-14
2.31226e-17
2.24572e-17
5.58925e-20
1.42437e-20
1.34999e-20
1.1528e-20
9.72303e-21
1.18481e-19
8.32815e-18
8.8997e-18
6.48024e-18
4.81315e-17
3.23694e-15
2.0133e-14
3.70797e-12
1.57788e-09
9.8606e-07
0.000661379
0.472764
359.293
290261
2.49454e+08
1.163e+08
3.06076e+07
6.83671e+06
1.38578e+06
258953
44803.7
7190.07
1074.15
154.501
22.6133
3.45921
0.554105
0.0930815
0.0164157
0.00304157
0.000592377
0.000121303
2.61212e-05
5.91475e-06
1.40803e-06
3.52269e-07
9.25888e-08
2.55521e-08
7.39919e-09
2.2469e-09
7.14927e-10
2.38134e-10
8.29581e-11
3.01975e-11
1.14744e-11
4.54651e-12
1.87615e-12
8.05375e-13
3.59238e-13
1.66303e-13
7.97097e-14
3.99491e-14
1.87668e-14
7.63902e-15
7.44503e-15
1.8773e-17
4.81648e-18
4.64787e-18
4.06397e-18
3.46255e-18
3.91191e-17
3.25811e-15
3.65546e-15
2.77361e-15
1.94855e-14
1.56408e-12
7.31954e-12
6.72046e-10
4.53409e-08
1.63124e-05
0.00631189
2.60185
1111.49
477718
2.02389e+08
6.66255e+07
1.66684e+07
3.69171e+06
748710
140254
24336.2
3916.96
586.919
84.6795
12.4334
1.90809
0.306633
0.0516763
0.00914287
0.00169943
0.000332025
6.82014e-05
1.47314e-05
3.34574e-06
7.98816e-07
2.00431e-07
5.2829e-08
1.46195e-08
4.24475e-09
1.29234e-09
4.12234e-10
1.37643e-10
4.8062e-11
1.75341e-11
6.67685e-12
2.65099e-12
1.09608e-12
4.71388e-13
2.10633e-13
9.76716e-14
4.6888e-14
2.35345e-14
1.10726e-14
2.90712e-12
2.84123e-12
7.04308e-15
1.86862e-15
1.8308e-15
1.63333e-15
1.40455e-15
1.44509e-14
1.43318e-12
1.67882e-12
1.32231e-12
8.60713e-12
8.34412e-10
3.59419e-09
3.69703e-07
1.43296e-05
0.00537772
2.21137
1008.95
495877
2.50251e+08
1.17832e+08
3.37778e+07
8.23639e+06
1.81893e+06
369735
69496.1
12101.9
1954.89
293.993
42.5759
6.27541
0.966786
0.155966
0.026386
0.00468616
0.000874314
0.000171451
3.53457e-05
7.66175e-06
1.74617e-06
4.18328e-07
1.05311e-07
2.78474e-08
7.73053e-09
2.2514e-09
6.87485e-10
2.19924e-10
7.36353e-11
2.57806e-11
9.42958e-12
3.59959e-12
1.43258e-12
5.93663e-13
2.55868e-13
1.14567e-13
5.32304e-14
2.56014e-14
1.28731e-14
6.06754e-15
1.27434e-09
1.24828e-09
2.96432e-12
8.32411e-13
8.26194e-13
7.49896e-13
6.50505e-13
5.97943e-12
7.118e-10
8.66277e-10
7.05928e-10
4.15714e-09
4.93343e-07
1.9295e-06
0.000234598
0.00502312
1.90757
782.916
372034
2.05518e+08
1.68691e+08
5.63257e+07
1.5218e+07
3.67178e+06
811612
165566
31248.4
5464.46
886.449
133.881
19.4733
2.88306
0.446161
0.0723002
0.0122862
0.00219166
0.000410684
8.08775e-05
1.67431e-05
3.64416e-06
8.33839e-07
2.00537e-07
5.06743e-08
1.34489e-08
3.74676e-09
1.09495e-09
3.35469e-10
1.07662e-10
3.61597e-11
1.2698e-11
4.65787e-12
1.78301e-12
7.11502e-13
2.95602e-13
1.27716e-13
5.73203e-14
2.66918e-14
1.28649e-14
6.48199e-15
3.06156e-15
6.4384e-07
6.31834e-07
1.40257e-09
4.26302e-10
4.27866e-10
3.94177e-10
3.4482e-10
2.77119e-09
4.00765e-07
5.04563e-07
4.24171e-07
2.19656e-06
0.000325145
0.00112751
0.168844
2.02752
787.43
305435
1.32692e+08
2.00491e+08
7.71182e+07
2.30912e+07
6.09833e+06
1.46853e+06
325667
66732.9
12654.3
2223.37
362.395
54.9957
8.0386
1.19611
0.18604
0.0303005
0.005175
0.000927739
0.000174697
3.45697e-05
7.19034e-06
1.57221e-06
3.61362e-07
8.72873e-08
2.21506e-08
5.903e-09
1.65109e-09
4.84378e-10
1.48956e-10
4.79764e-11
1.61694e-11
5.69707e-12
2.0965e-12
8.05004e-13
3.22183e-13
1.34234e-13
5.81535e-14
2.61674e-14
1.22153e-14
5.90139e-15
2.98014e-15
1.41083e-15
0.00037533
0.000368882
7.46162e-07
2.5139e-07
2.54772e-07
2.37771e-07
2.09719e-07
1.43574e-06
0.000256787
0.000333195
0.000288248
0.00126621
0.240217
0.71322
136.782
936.574
397407
1.53378e+08
2.06416e+08
8.70431e+07
2.8615e+07
8.26462e+06
2.17027e+06
523954
116736
24042.6
4582.67
809.352
132.606
20.2297
2.97287
0.444792
0.0695671
0.0113937
0.00195673
0.000352721
6.67796e-05
1.32852e-05
2.77772e-06
6.10472e-07
1.41014e-07
3.42277e-08
8.72686e-09
2.33631e-09
6.56372e-10
1.93384e-10
5.97155e-11
1.93101e-11
6.53303e-12
2.31031e-12
8.53197e-13
3.28718e-13
1.31989e-13
5.51627e-14
2.39689e-14
1.08159e-14
5.06268e-15
2.45216e-15
1.24137e-15
5.89163e-16
0.252997
0.248952
0.000445703
0.000171124
0.000174909
0.000165099
0.000146815
0.000827809
0.188065
0.250679
0.222693
0.789751
200.154
483.388
124716
469457
2.33456e+08
1.85645e+08
8.10251e+07
2.8814e+07
9.07067e+06
2.59764e+06
683398
165772
37134.1
7690.44
1473.96
261.762
43.127
6.61641
0.977961
0.14719
0.0231594
0.00381591
0.00065928
0.000119551
2.27679e-05
4.55578e-06
9.57979e-07
2.11716e-07
4.91717e-08
1.19987e-08
3.07508e-09
8.27379e-10
2.33578e-10
6.91419e-11
2.14475e-11
6.96582e-12
2.36662e-12
8.40309e-13
3.11532e-13
1.20473e-13
4.85454e-14
2.03579e-14
8.87452e-15
4.01702e-15
1.88583e-15
9.15981e-16
4.6495e-16
2.2127e-16
197.759
194.789
0.297641
0.134893
0.138919
0.132445
0.118741
0.525771
158.178
215.983
196.669
521.725
189275
342567
1.28476e+08
2.38382e+08
1.39008e+08
6.14577e+07
2.3401e+07
8.00165e+06
2.49798e+06
716676
189480
46226.8
10416.2
2169.85
418.311
74.7243
12.3841
1.91134
0.284255
0.0430532
0.00681757
0.00113055
0.000196583
3.58755e-05
6.87554e-06
1.38436e-06
2.92888e-07
6.51188e-08
1.52131e-08
3.73359e-09
9.62219e-10
2.60302e-10
7.3874e-11
2.19793e-11
6.85153e-12
2.23587e-12
7.63114e-13
2.72151e-13
1.01323e-13
3.93418e-14
1.59146e-14
6.69866e-15
2.93046e-15
1.33094e-15
6.26833e-16
3.05394e-16
1.5547e-16
7.42057e-17
179946
177384
220.026
123.637
128.185
123.301
111.449
359.356
153607
214332
199734
344343
2.04519e+08
2.37088e+08
1.56117e+08
8.18441e+07
3.72065e+07
1.51625e+07
5.62568e+06
1.91419e+06
599283
172873
45987.3
11289.7
2559.71
536.515
104.067
18.7047
3.1193
0.484479
0.0725223
0.0110579
0.00176293
0.000294342
5.15307e-05
9.46804e-06
1.82677e-06
3.70259e-07
7.88483e-08
1.76434e-08
4.14781e-09
1.02422e-09
2.65544e-10
7.22549e-11
2.06222e-11
6.1693e-12
1.93336e-12
6.34153e-13
2.17511e-13
7.79409e-14
2.91505e-14
1.13683e-14
4.61803e-15
1.95161e-15
8.57049e-16
3.90676e-16
1.84638e-16
9.02541e-17
4.60924e-17
2.20694e-17
1.91578e+08
1.8897e+08
175972
132460
138163
133958
122080
248438
1.73326e+08
2.46619e+08
2.34887e+08
1.80866e+08
1.19555e+08
6.99416e+07
3.68464e+07
1.76591e+07
7.74793e+06
3.12329e+06
1.15892e+06
396154
124800
36241.7
9705.62
2398.45
547.345
115.466
22.5417
4.07795
0.684547
0.107035
0.0161331
0.00247739
0.00039781
6.69003e-05
1.17972e-05
2.18321e-06
4.24243e-07
8.65955e-08
1.85693e-08
4.18355e-09
9.90112e-10
2.4609e-10
6.42107e-11
1.75807e-11
5.04807e-12
1.51904e-12
4.78749e-13
1.57896e-13
5.44446e-14
1.96089e-14
7.36994e-15
2.88773e-15
1.17837e-15
5.00144e-16
2.20548e-16
1.00932e-16
4.78816e-17
2.34891e-17
1.2037e-17
5.78293e-18
3.7134e+07
9.97937e+07
1.43147e+08
1.67029e+08
1.75158e+08
1.71042e+08
1.57173e+08
1.35854e+08
1.09887e+08
8.28953e+07
5.81169e+07
3.77744e+07
2.27281e+07
1.26477e+07
6.50573e+06
3.09163e+06
1.35658e+06
549297
205133
70622.7
22410.7
6554.95
1767.85
439.906
101.079
21.4689
4.21995
0.768699
0.129944
0.0204634
0.00310715
0.000480747
7.77895e-05
1.3183e-05
2.34265e-06
4.36867e-07
8.55396e-08
1.75917e-08
3.80029e-09
8.62424e-10
2.05567e-10
5.14502e-11
1.35161e-11
3.72526e-12
1.07657e-12
3.25987e-13
1.03364e-13
3.42907e-14
1.1891e-14
4.30613e-15
1.62696e-15
6.40714e-16
2.6272e-16
1.12027e-16
4.96205e-17
2.2805e-17
1.08625e-17
5.34938e-18
2.75144e-18
1.32668e-18
4.95033e+06
1.43019e+07
2.198e+07
2.70261e+07
2.91088e+07
2.84692e+07
2.57237e+07
2.16551e+07
1.70453e+07
1.25543e+07
8.64465e+06
5.55579e+06
3.32595e+06
1.85076e+06
955406
456708
201844
82367.4
31005.1
10758.9
3440.67
1014.03
275.521
69.0645
15.9852
3.42
0.677179
0.124272
0.0211664
0.00335905
0.000514105
8.01951e-05
1.30839e-05
2.23579e-06
4.0061e-07
7.53259e-08
1.48699e-08
3.08282e-09
6.71284e-10
1.53531e-10
3.68761e-11
9.29872e-12
2.46067e-12
6.8303e-13
1.98757e-13
6.05886e-14
1.93366e-14
6.45526e-15
2.25212e-15
8.20353e-16
3.11702e-16
1.23418e-16
5.08708e-17
2.18005e-17
9.70242e-18
4.47954e-18
2.14304e-18
1.05976e-18
5.47263e-19
2.64905e-19
544361
1.59141e+06
2.47927e+06
3.08928e+06
3.36584e+06
3.32206e+06
3.02268e+06
2.5586e+06
2.02365e+06
1.49771e+06
1.03686e+06
670496
404202
226658
117968
56871.9
25351.7
10434.5
3961.2
1386.06
446.897
132.772
36.3631
9.18722
2.14321
0.462176
0.0922482
0.0170669
0.00293108
0.000469119
7.243e-05
1.14e-05
1.87684e-06
3.23645e-07
5.85191e-08
1.11027e-08
2.21137e-09
4.62506e-10
1.01584e-10
2.34313e-11
5.67476e-12
1.44259e-12
3.84772e-13
1.07629e-13
3.1554e-14
9.68879e-15
3.11391e-15
1.04662e-15
3.67545e-16
1.34731e-16
5.15049e-17
2.05131e-17
8.5028e-18
3.66355e-18
1.63892e-18
7.60429e-19
3.65516e-19
1.81566e-19
9.41676e-20
4.57734e-20
49889.4
146414
229591
288450
317125
315876
289984
247586
197473
147371
102884
67100.5
40804.4
23084.9
12123.4
5897.72
2652.9
1101.78
422.012
148.975
48.4548
14.5213
4.01154
1.02232
0.240572
0.0523368
0.0105399
0.00196787
0.000341131
5.51233e-05
8.59521e-06
1.36655e-06
2.27281e-07
3.95937e-08
7.23194e-09
1.38595e-09
2.78795e-10
5.88812e-11
1.3057e-11
3.04008e-12
7.43042e-13
1.90585e-13
5.12773e-14
1.44651e-14
4.27571e-15
1.32335e-15
4.28597e-16
1.4513e-16
5.13328e-17
1.89475e-17
7.2916e-18
2.92268e-18
1.21893e-18
5.28292e-19
2.37673e-19
1.10872e-19
5.35683e-20
2.67404e-20
1.39343e-20
6.80408e-21
3748.83
11030.8
17386.2
21997.2
24382.3
24498.1
22689.1
19542.3
15723
11836.2
8335.63
5484.84
3365.56
1921.59
1018.58
500.202
227.145
95.2379
36.8284
13.1255
4.31012
1.30412
0.363758
0.0936097
0.0222469
0.00488883
0.000994732
0.000187692
3.28911e-05
5.37447e-06
8.47704e-07
1.36362e-07
2.29477e-08
4.0448e-09
7.47447e-10
1.44899e-10
2.94794e-11
6.29553e-12
1.4113e-12
3.32099e-13
8.20141e-14
2.12487e-14
5.77317e-15
1.64409e-15
4.90457e-16
1.53152e-16
5.00292e-17
1.70815e-17
6.09015e-18
2.26526e-18
8.78204e-19
3.54514e-19
1.48862e-19
6.49397e-20
2.93985e-20
1.37961e-20
6.70376e-21
3.36461e-21
1.76247e-21
8.6491e-22
224.821
663.006
1049.71
1336.56
1492.75
1512.29
1412.65
1227.3
996.057
756.417
537.457
356.864
221.018
127.398
68.1921
33.8231
15.516
6.5731
2.56856
0.925193
0.3071
0.0939415
0.0264964
0.00689657
0.00165821
0.000368782
7.59657e-05
1.45167e-05
2.57737e-06
4.26862e-07
6.82681e-08
1.11373e-08
1.90081e-09
3.3976e-10
6.36584e-11
1.25096e-11
2.57916e-12
5.58014e-13
1.2669e-13
3.01824e-14
7.54364e-15
1.97731e-15
5.43306e-16
1.56417e-16
4.71548e-17
1.48749e-17
4.90683e-18
1.69119e-18
6.08451e-19
2.28294e-19
8.92482e-20
3.63176e-20
1.53673e-20
6.75329e-21
3.0788e-21
1.45454e-21
7.11329e-22
3.59195e-22
1.89264e-22
9.33963e-23
10.3375
30.5461
48.5594
62.1911
69.9558
71.4364
67.2919
58.9689
48.2802
36.9943
26.5279
17.7816
11.1212
6.47591
3.50308
1.75659
0.81496
0.349283
0.138134
0.0503725
0.0169336
0.00524814
0.00150035
0.000395996
9.65964e-05
2.18061e-05
4.56188e-06
8.85826e-07
1.599e-07
2.6939e-08
4.38461e-09
7.2809e-10
1.26472e-10
2.30028e-11
4.3841e-12
8.76025e-13
1.83575e-13
4.03501e-14
9.30243e-15
2.24931e-15
5.70299e-16
1.51568e-16
4.22057e-17
1.23081e-17
3.75668e-18
1.19921e-18
4.00133e-19
1.3943e-19
5.06943e-20
1.92135e-20
7.58412e-21
3.11484e-21
1.3297e-21
5.89303e-22
2.70836e-22
1.28941e-22
6.35215e-23
3.23002e-23
1.71341e-23
8.50856e-24
0.341463
1.01081
1.61292
2.07706
2.35241
2.42096
2.29973
2.03311
1.67987
1.29943
0.941034
0.637318
0.402945
0.237333
0.129938
0.0659871
0.0310249
0.0134841
0.00541129
0.00200378
0.000684492
0.000215727
6.27632e-05
1.68718e-05
4.19513e-06
9.66125e-07
2.06361e-07
4.09456e-08
7.55797e-09
1.30299e-09
2.17127e-10
3.69154e-11
6.5632e-12
1.22118e-12
2.37953e-13
4.85785e-14
1.03931e-14
2.33051e-15
5.47716e-16
1.34907e-16
3.48174e-17
9.41224e-18
2.66407e-18
7.89143e-19
2.44495e-19
7.91742e-20
2.67821e-20
9.45558e-21
3.4812e-21
1.33528e-21
5.3313e-22
2.21359e-22
9.54848e-23
4.27389e-23
1.98287e-23
9.52544e-24
4.73296e-24
2.42628e-24
1.29718e-24
6.48851e-25
0.00723758
0.0214619
0.0343704
0.0445006
0.0507492
0.0526514
0.0504649
0.0450478
0.0376069
0.0294114
0.0215505
0.0147795
0.00947131
0.00566022
0.0031478
0.0016257
0.000778284
0.000344869
0.000141291
5.34862e-05
1.87045e-05
6.04358e-06
1.80526e-06
4.98973e-07
1.27751e-07
3.03363e-08
6.69017e-09
1.37219e-09
2.62098e-10
4.67996e-11
8.08071e-12
1.42306e-12
2.61816e-13
5.03516e-14
1.01277e-14
2.13139e-15
4.69428e-16
1.08218e-16
2.61131e-17
6.59546e-18
1.74336e-18
4.82131e-19
1.3945e-19
4.21674e-20
1.33231e-20
4.39563e-21
1.51353e-21
5.43467e-22
2.03327e-22
7.91924e-23
3.20822e-23
1.35065e-23
5.90331e-24
2.6756e-24
1.2562e-24
6.10322e-25
3.0653e-25
1.58742e-25
8.57063e-26
4.32623e-26
)
;

boundaryField
{
    highVoltage
    {
        type            fixedValue;
        value           uniform 0;
    }
    topBotBoundaries
    {
        type            zeroGradient;
    }
    inletBoundary
    {
        type            fixedValue;
        value           uniform 0;
    }
    frontBack
    {
        type            empty;
    }
    region0_to_dielectric
    {
        type            zeroGradient;
    }
}


// ************************************************************************* //
