/*--------------------------------*- C++ -*----------------------------------*\
| =========                 |                                                 |
| \\      /  F ield         | OpenFOAM: The Open Source CFD Toolbox           |
|  \\    /   O peration     | Version:  2406                                  |
|   \\  /    A nd           | Website:  www.openfoam.com                      |
|    \\/     M anipulation  |                                                 |
\*---------------------------------------------------------------------------*/
FoamFile
{
    version     2.0;
    format      ascii;
    arch        "LSB;label=32;scalar=64";
    class       volScalarField;
    location    "2e-07";
    object      O_1D;
}
// * * * * * * * * * * * * * * * * * * * * * * * * * * * * * * * * * * * * * //

dimensions      [0 -3 0 0 0 0 0];

internalField   nonuniform List<scalar> 
5880
(
0.00725549
0.0215151
0.034456
0.0446119
0.050877
0.052785
0.0505928
0.045159
0.0376919
0.0294647
0.0215738
0.014781
0.0094607
0.00564441
0.00313046
0.00160878
0.000763355
0.000333189
0.000133326
4.87789e-05
1.62906e-05
4.96371e-06
1.38092e-06
3.51402e-07
8.1998e-08
1.76001e-08
3.48638e-09
6.39557e-10
1.08996e-10
1.73565e-11
2.67442e-12
4.20873e-13
6.93716e-14
1.19926e-14
2.1756e-15
4.14299e-16
8.28259e-17
1.73838e-17
3.82992e-18
8.85612e-19
2.14872e-19
5.468e-20
1.45879e-20
4.07812e-21
1.1939e-21
3.65774e-22
1.17201e-22
3.92435e-23
1.37196e-23
5.00333e-24
1.9017e-24
7.52638e-25
3.0986e-25
1.3255e-25
5.88515e-26
2.70921e-26
1.29182e-26
6.36252e-27
3.27771e-27
1.5671e-27
0.342593
1.01416
1.61827
2.08396
2.36025
2.42907
2.30742
2.03981
1.68509
1.30294
0.942923
0.637984
0.402871
0.236896
0.129363
0.0653983
0.0305029
0.0130802
0.00514022
0.00184645
0.000605327
0.000181014
4.94076e-05
1.233e-05
2.8201e-06
5.92923e-07
1.14966e-07
2.06286e-08
3.43625e-09
5.34458e-10
8.0413e-11
1.23625e-11
1.99243e-12
3.3711e-13
5.99138e-14
1.1189e-14
2.19585e-15
4.52856e-16
9.81273e-17
2.23363e-17
5.33926e-18
1.33971e-18
3.52684e-19
9.73585e-20
2.81642e-20
8.53169e-21
2.70464e-21
8.96507e-22
3.10433e-22
1.1219e-22
4.2278e-23
1.65974e-23
6.78094e-24
2.87976e-24
1.26986e-24
5.80799e-25
2.75245e-25
1.34788e-25
6.90404e-26
3.28561e-26
10.3761
30.6604
48.741
62.4238
70.2182
71.7052
67.5453
59.1888
48.4528
37.113
26.5958
17.8106
11.1259
6.46811
3.49026
1.74292
0.802846
0.340017
0.132001
0.0468614
0.0151902
0.00449355
0.00121379
0.000299846
6.78921e-05
1.41298e-05
2.71132e-06
4.81262e-07
7.92668e-08
1.21831e-08
1.81053e-09
2.7492e-10
4.37714e-11
7.31795e-12
1.28557e-12
2.37395e-13
4.60862e-14
9.40586e-15
2.01783e-15
4.54937e-16
1.07759e-16
2.6804e-17
6.99796e-18
1.91661e-18
5.50307e-19
1.65522e-19
5.21201e-20
1.71665e-20
5.90849e-21
2.12318e-21
7.95815e-22
3.10838e-22
1.26389e-22
5.34344e-23
2.34629e-23
1.06887e-23
5.04646e-24
2.46272e-24
1.25695e-24
5.96826e-25
225.721
665.66
1053.91
1341.9
1498.72
1518.35
1418.33
1232.21
999.914
759.101
539.043
357.602
221.214
127.31
67.986
33.5932
15.3123
6.41908
2.46798
0.868319
0.279175
0.081978
0.021997
0.00540113
0.00121603
0.000251701
4.80343e-05
8.47795e-06
1.388e-06
2.11946e-07
3.12767e-08
4.71465e-09
7.45091e-10
1.23637e-10
2.15572e-11
3.95124e-12
7.61459e-13
1.54295e-13
3.28697e-14
7.36047e-15
1.73199e-15
4.28086e-16
1.11082e-16
3.02449e-17
8.63524e-18
2.58335e-18
8.09277e-19
2.65241e-19
9.08672e-20
3.2508e-20
1.21335e-20
4.72035e-21
1.91209e-21
8.05506e-22
3.52504e-22
1.60075e-22
7.535e-23
3.66691e-23
1.86622e-23
8.84475e-24
3764.48
11076.8
17458.6
22088.7
24483.6
24600.1
22783.8
19623.7
15786.9
11880.9
8362.62
5498.04
3369.84
1921.09
1016.08
497.245
224.52
93.2754
35.5638
12.4191
3.96692
1.15842
0.309403
0.0756781
0.0169828
0.00350503
0.000667057
0.000117404
1.91628e-05
2.916e-06
4.28605e-07
6.43272e-08
1.0119e-08
1.67092e-09
2.89874e-10
5.28581e-11
1.01337e-11
2.04277e-12
4.32937e-13
9.64558e-14
2.25841e-14
5.55486e-15
1.43459e-15
3.88813e-16
1.10518e-16
3.29217e-17
1.02709e-17
3.35302e-18
1.14435e-18
4.07918e-19
1.5173e-19
5.88351e-20
2.37585e-20
9.97915e-21
4.35482e-21
1.97233e-21
9.26075e-22
4.49622e-22
2.28279e-22
1.08017e-22
50105.7
147047
230581
289690
318487
317234
291234
248653
198310
147961
103245
67284.5
40872.3
23089.6
12100.7
5868.07
2626.25
1082
409.42
142.023
45.1111
13.1138
3.49023
0.851431
0.190695
0.0392983
0.00746977
0.00131311
0.000214033
3.25129e-05
4.76829e-06
7.13755e-07
1.1194e-07
1.84228e-08
3.18455e-09
5.78514e-10
1.10478e-10
2.2182e-11
4.68233e-12
1.03901e-12
2.42305e-13
5.93636e-14
1.52719e-14
4.12345e-15
1.16775e-15
3.46612e-16
1.07762e-16
3.50623e-17
1.1928e-17
4.23875e-18
1.572e-18
6.0784e-19
2.44794e-19
1.02556e-19
4.46454e-20
2.01735e-20
9.45127e-21
4.5793e-21
2.3201e-21
1.09622e-21
546766
1.59837e+06
2.49e+06
3.10254e+06
3.38023e+06
3.33627e+06
3.03569e+06
2.56968e+06
2.03235e+06
1.50386e+06
1.04069e+06
672504
405007
226796
117811
56632.8
25132.4
10272.6
3859.32
1330.48
420.443
121.732
32.3031
7.86417
1.75904
0.362221
0.0688175
0.0120926
0.00197007
0.000299022
4.37983e-05
6.54481e-06
1.02428e-06
1.68156e-07
2.89871e-08
5.25017e-09
9.99464e-10
2.00018e-10
4.20799e-11
9.30593e-12
2.16283e-12
5.2809e-13
1.35401e-13
3.6438e-14
1.02858e-14
3.04338e-15
9.43284e-16
3.06001e-16
1.03801e-16
3.67846e-17
1.36057e-17
5.24744e-18
2.10812e-18
8.81131e-19
3.82727e-19
1.72573e-19
8.06872e-20
3.90204e-20
1.97316e-20
9.30987e-21
4.97195e+06
1.43599e+07
2.20632e+07
2.71237e+07
2.92121e+07
2.85714e+07
2.58192e+07
2.1739e+07
1.71133e+07
1.26039e+07
8.67655e+06
5.57322e+06
3.33346e+06
1.85261e+06
954654
455159
200367
81276.7
30325.2
10392.3
3268.01
942.605
249.442
60.6154
13.5437
2.78741
0.529464
0.0930291
0.0151533
0.00229901
0.00033645
5.02106e-05
7.84473e-06
1.28521e-06
2.21026e-07
3.99285e-08
7.58001e-09
1.51254e-09
3.17253e-10
6.99454e-11
1.62061e-11
3.94472e-12
1.0083e-12
2.70519e-13
7.6134e-14
2.24606e-14
6.94161e-15
2.24559e-15
7.59684e-16
2.68512e-16
9.90666e-17
3.81156e-17
1.52772e-17
6.37122e-18
2.76153e-18
1.24266e-18
5.79892e-19
2.79928e-19
1.41292e-19
6.65715e-20
3.72626e+07
9.99013e+07
1.43107e+08
1.66988e+08
1.75123e+08
1.71017e+08
1.57164e+08
1.35861e+08
1.10023e+08
8.3075e+07
5.82717e+07
3.78755e+07
2.27779e+07
1.26631e+07
6.50355e+06
3.08347e+06
1.34834e+06
543171
201342
68600.7
21468.6
6168.85
1627.93
394.848
88.1219
18.1252
3.44191
0.604673
0.0984752
0.0149342
0.00218378
0.000325499
5.0773e-05
8.30191e-06
1.42452e-06
2.56705e-07
4.86036e-08
9.67153e-09
2.02275e-09
4.4465e-10
1.02718e-10
2.49279e-11
6.35285e-12
1.6994e-12
4.76887e-13
1.40287e-13
4.32363e-14
1.39489e-14
4.7065e-15
1.65929e-15
6.10682e-16
2.34402e-16
9.37373e-17
3.9007e-17
1.68718e-17
7.57701e-18
3.52909e-18
1.70051e-18
8.56776e-19
4.03093e-19
1.91525e+08
1.88906e+08
103309
10725.3
11204.8
10942.8
10071.1
55554.8
1.7305e+08
2.46498e+08
2.34842e+08
1.8081e+08
1.1961e+08
6.99915e+07
3.68408e+07
1.76242e+07
7.71005e+06
3.09458e+06
1.14117e+06
386762
120467
34482
9072.79
2195.92
489.391
100.569
19.0869
3.35176
0.545612
0.0826913
0.0120797
0.001798
0.000279975
4.56846e-05
7.82085e-06
1.40579e-06
2.65452e-07
5.26734e-08
1.09845e-08
2.40755e-09
5.54508e-10
1.34169e-10
3.40913e-11
9.09271e-12
2.5442e-12
7.46307e-13
2.2937e-13
7.37989e-14
2.48349e-14
8.73325e-15
3.20624e-15
1.22775e-15
4.89854e-16
2.03396e-16
8.77901e-17
3.93466e-17
1.82909e-17
8.79757e-18
4.42445e-18
2.07843e-18
13673.3
13503.7
14.1121
0.77271
0.801057
0.782379
0.720092
3.97145
12370.4
17624.6
16799.8
48476.2
2.04595e+08
2.36863e+08
1.55888e+08
8.17019e+07
3.70648e+07
1.50515e+07
5.55603e+06
1.87736e+06
582392
166067
43557.1
10516.6
2339.56
480.147
91.0354
15.9727
2.59787
0.393325
0.0573809
0.00852652
0.00132505
0.000215722
3.68375e-05
6.60374e-06
1.24345e-06
2.46017e-07
5.1151e-08
1.11771e-08
2.56647e-09
6.19093e-10
1.5683e-10
4.1704e-11
1.16346e-11
3.403e-12
1.04293e-12
3.34632e-13
1.1231e-13
3.93915e-14
1.44256e-14
5.51055e-15
2.19352e-15
9.08753e-16
3.91398e-16
1.75061e-16
8.12202e-17
3.89926e-17
1.95738e-17
9.18022e-18
1.0908
1.07865
0.00166436
6.24435e-05
6.39953e-05
6.25068e-05
5.75337e-05
0.000317247
0.988147
1.40815
1.34239
3.8736
16348.7
37002.4
1.29898e+08
2.37894e+08
1.38544e+08
6.11104e+07
2.3174e+07
7.87948e+06
2.44188e+06
694174
181494
43700.8
9700.24
1987.22
376.215
65.9206
10.7073
1.61876
0.235746
0.0349592
0.00542026
0.000880186
0.000149892
2.67932e-05
5.02993e-06
9.92113e-07
2.05633e-07
4.47921e-08
1.02527e-08
2.46543e-09
6.22609e-10
1.65055e-10
4.59086e-11
1.33881e-11
4.09125e-12
1.30903e-12
4.3814e-13
1.53267e-13
5.59849e-14
2.13334e-14
8.47182e-15
3.50179e-15
1.50491e-15
6.71695e-16
3.11011e-16
1.49028e-16
7.46696e-17
3.49612e-17
9.72259e-05
9.62654e-05
1.96451e-07
5.65858e-09
5.71216e-09
5.57959e-09
5.13595e-09
2.83146e-08
8.81908e-05
0.000125702
0.000119844
0.000345789
1.45936
3.3038
11599.3
47330.1
2.34086e+08
1.84801e+08
8.04379e+07
2.8477e+07
8.91233e+06
2.53389e+06
660833
158664
35127.7
7180.31
1356.68
237.284
38.472
5.80526
0.843642
0.124806
0.0193
0.00312528
0.000530646
9.45609e-05
1.7696e-05
3.47918e-06
7.18785e-07
1.56061e-07
3.56058e-08
8.53452e-09
2.14843e-09
5.67772e-10
1.57436e-10
4.57746e-11
1.39473e-11
4.44984e-12
1.48527e-12
5.18177e-13
1.88787e-13
7.17592e-14
2.84282e-14
1.17235e-14
5.02707e-15
2.23899e-15
1.0346e-15
4.94791e-16
2.4744e-16
1.15651e-16
9.68418e-09
9.60076e-09
2.43687e-11
5.75018e-13
5.69771e-13
5.56572e-13
5.12346e-13
2.82401e-12
8.79567e-09
1.25395e-08
1.19564e-08
3.44946e-08
0.000145575
0.000329626
1.15735
6.46155
38961
1.56477e+08
2.05325e+08
8.63039e+07
2.82402e+07
8.11003e+06
2.11527e+06
506648
111862
22806.2
4298.91
750.202
121.367
18.2723
2.64887
0.390815
0.0602627
0.00972903
0.00164674
0.000292504
5.45597e-05
1.06915e-05
2.20151e-06
4.76406e-07
1.08337e-07
2.58835e-08
6.4949e-09
1.71103e-09
4.72988e-10
1.37107e-10
4.16532e-11
1.32514e-11
4.41083e-12
1.53471e-12
5.57693e-13
2.11452e-13
8.35672e-14
3.43825e-14
1.47105e-14
6.53789e-15
3.01486e-15
1.43904e-15
7.18277e-16
3.35106e-16
1.07775e-12
1.06983e-12
3.24742e-15
6.55017e-17
6.35007e-17
6.20318e-17
5.71059e-17
3.147e-16
9.80142e-13
1.39763e-12
1.33277e-12
3.84472e-12
1.6225e-08
3.67444e-08
0.000129016
0.000856002
5.56081
29651.9
1.36785e+08
1.99311e+08
7.63979e+07
2.27733e+07
5.98283e+06
1.43197e+06
315361
64119.2
12054.6
2098.36
338.633
50.8546
7.35252
1.08169
0.166295
0.0267635
0.00451547
0.000799452
0.000148628
2.90286e-05
5.95761e-06
1.28499e-06
2.91263e-07
6.93642e-08
1.73505e-08
4.55669e-09
1.2558e-09
3.62947e-10
1.09945e-10
3.48795e-11
1.15783e-11
4.01793e-12
1.45633e-12
5.50816e-13
2.17169e-13
8.91468e-14
3.80576e-14
1.68785e-14
7.76756e-15
3.70043e-15
1.84353e-15
8.58508e-16
1.33995e-16
1.33181e-16
4.70457e-19
8.36119e-21
7.90637e-21
7.72368e-21
7.11073e-21
3.9178e-20
1.22018e-16
1.7403e-16
1.6597e-16
4.78733e-16
2.02022e-12
4.57589e-12
1.60673e-08
1.23058e-07
0.000840186
5.1734
33622.1
2.07645e+08
1.67609e+08
5.57813e+07
1.50102e+07
3.60486e+06
792616
160733
30136.8
5232.24
842.204
126.15
18.1889
2.66819
0.408964
0.0656152
0.0110355
0.00194757
0.000360914
7.02643e-05
1.43744e-05
3.09057e-06
6.98328e-07
1.65793e-07
4.13446e-08
1.08258e-08
2.97485e-09
8.57329e-10
2.58984e-10
8.19394e-11
2.71284e-11
9.39022e-12
3.39518e-12
1.28107e-12
5.03924e-13
2.064e-13
8.79259e-14
3.89151e-14
1.78736e-14
8.49884e-15
4.22629e-15
1.96452e-15
1.862e-20
1.85304e-20
7.46637e-23
1.19626e-24
1.10027e-24
1.07486e-24
9.89616e-25
5.45136e-24
1.69778e-20
2.42198e-20
2.31004e-20
6.66254e-20
2.81145e-16
6.36896e-16
2.23634e-12
1.85437e-11
1.29647e-07
0.000847473
6.10712
46768
2.4989e+08
1.17062e+08
3.34616e+07
8.13092e+06
1.78849e+06
361917
67685.9
11721.5
1882.02
281.187
40.4359
5.91527
0.904061
0.144624
0.0242511
0.00426701
0.000788355
0.000153018
3.12101e-05
6.69042e-06
1.5073e-06
3.56819e-07
8.87291e-08
2.31683e-08
6.34906e-09
1.82486e-09
5.49822e-10
1.73514e-10
5.73048e-11
1.97878e-11
7.13791e-12
2.68719e-12
1.05473e-12
4.31088e-13
1.83268e-13
8.09533e-14
3.71112e-14
1.76142e-14
8.7437e-15
4.05704e-15
2.89078e-24
2.88053e-24
1.30367e-26
1.91708e-28
1.71069e-28
1.67119e-28
1.53873e-28
8.47441e-28
2.63924e-24
3.76584e-24
3.59216e-24
1.03593e-23
4.37126e-20
9.90358e-20
3.47738e-16
2.95656e-15
2.08156e-11
1.38357e-07
0.00102333
8.19445
51749.1
2.01396e+08
6.62222e+07
1.65272e+07
3.64964e+06
737687
137666
23785.8
3810.36
567.986
81.483
11.8899
1.81246
0.28917
0.0483581
0.00848548
0.00156346
0.000302638
6.15596e-05
1.31609e-05
2.95716e-06
6.98204e-07
1.73171e-07
4.51023e-08
1.2329e-08
3.53497e-09
1.06252e-09
3.34527e-10
1.10228e-10
3.7978e-11
1.36698e-11
5.13539e-12
2.01153e-12
8.2052e-13
3.48157e-13
1.53502e-13
7.02431e-14
3.32822e-14
1.64934e-14
7.63942e-15
5.01442e-28
5.00301e-28
2.51257e-30
3.44058e-32
2.97183e-32
2.90315e-32
2.6732e-32
1.47192e-31
4.58406e-28
6.54222e-28
6.24113e-28
1.7997e-27
7.59399e-24
1.87736e-23
7.1678e-20
9.09721e-17
8.15241e-13
8.16086e-09
9.1327e-05
1.14232
15965.3
2.49387e+08
1.15846e+08
3.04501e+07
6.78731e+06
1.37233e+06
255705
44097.6
7050.67
1048.95
150.173
21.8656
3.32564
0.529365
0.0883185
0.0154607
0.00284187
0.000548789
0.000111364
2.37525e-05
5.32452e-06
1.25424e-06
3.10367e-07
8.06519e-08
2.19975e-08
6.29325e-09
1.8875e-09
5.93006e-10
1.94992e-10
6.70455e-11
2.40843e-11
9.03023e-12
3.53042e-12
1.43742e-12
6.08819e-13
2.67958e-13
1.2241e-13
5.79044e-14
2.86492e-14
1.3247e-14
9.71665e-32
9.70688e-32
5.35644e-34
6.91206e-36
5.76727e-36
5.63382e-36
5.18786e-36
2.85594e-35
8.89428e-32
1.26963e-31
1.21135e-31
3.63388e-31
1.55504e-27
5.26893e-25
3.77472e-21
3.02196e-17
2.71168e-13
2.71883e-09
3.04597e-05
0.381297
5333.28
8.33526e+07
1.77366e+08
5.1149e+07
1.15947e+07
2.3497e+06
437487
75345.3
12029.3
1786.93
255.412
37.1236
5.63599
0.895419
0.149101
0.0260495
0.00477869
0.000920955
0.000186512
3.97006e-05
8.88171e-06
2.08799e-06
5.15656e-07
1.33734e-07
3.6404e-08
1.03946e-08
3.11159e-09
9.75732e-10
3.20238e-10
1.09906e-10
3.94089e-11
1.47496e-11
5.7563e-12
2.33966e-12
9.89287e-13
4.34694e-13
1.98259e-13
9.36365e-14
4.62572e-14
2.13525e-14
2.10395e-35
2.10451e-35
1.26565e-37
1.55451e-39
1.25068e-39
1.22168e-39
1.12504e-39
6.19203e-39
1.92839e-35
2.7533e-35
2.62722e-35
8.10655e-35
3.50238e-31
1.98041e-28
1.42066e-24
1.13878e-20
1.0218e-16
1.02444e-12
1.14764e-08
0.000143654
2.00921
31399.7
2.32651e+08
7.88186e+07
1.83448e+07
3.73491e+06
695519
119697
19092.5
2833.26
404.505
58.7186
8.90217
1.41227
0.234808
0.0409596
0.00750196
0.00144345
0.000291849
6.20199e-05
1.38518e-05
3.25095e-06
8.01517e-07
2.0752e-07
5.6394e-08
1.60751e-08
4.80392e-09
1.50387e-09
4.92741e-10
1.68826e-10
6.0435e-11
2.25818e-11
8.79852e-12
3.57039e-12
1.50728e-12
6.61258e-13
3.01126e-13
1.42005e-13
7.00471e-14
3.22796e-14
5.0906e-39
5.09843e-39
3.31888e-41
3.91272e-43
3.03075e-43
2.96027e-43
2.72624e-43
1.50014e-42
4.6719e-39
6.67193e-39
6.83405e-39
2.42606e-36
1.39374e-32
8.91471e-29
6.40684e-25
5.14472e-21
4.61611e-17
4.62792e-13
5.18433e-09
6.48926e-05
0.907593
14183.4
2.47624e+08
1.12152e+08
2.71077e+07
5.55889e+06
1.03639e+06
178343
28435.9
4217.58
601.741
87.2774
13.2195
2.09503
0.347943
0.0606245
0.0110903
0.00213124
0.000430363
9.13353e-05
2.0372e-05
4.77469e-06
1.17556e-06
3.03932e-07
8.24756e-08
2.34755e-08
7.00509e-09
2.18967e-09
7.16368e-10
2.45075e-10
8.75964e-11
3.26808e-11
1.2714e-11
5.1514e-12
2.17141e-12
9.51186e-13
4.32507e-13
2.0366e-13
1.00314e-13
4.61487e-14
1.37666e-42
1.38053e-42
9.67055e-45
1.10223e-46
8.20887e-47
8.01727e-47
7.38385e-47
4.06215e-46
1.26509e-42
1.87855e-42
3.31667e-40
1.70024e-36
9.78981e-33
6.29826e-29
4.52753e-25
3.6365e-21
3.26364e-17
3.27277e-13
3.66714e-09
4.59128e-05
0.642294
10039.9
1.75379e+08
1.48363e+08
3.77235e+07
7.8118e+06
1.4595e+06
251278
40069.4
5942.63
847.66
122.895
18.6044
2.94655
0.489012
0.085137
0.0155614
0.00298778
0.000602756
0.000127796
2.84752e-05
6.66671e-06
1.63956e-06
4.23408e-07
1.1476e-07
3.26246e-08
9.72286e-09
3.03525e-09
9.91682e-10
3.388e-10
1.20929e-10
4.50531e-11
1.75023e-11
7.08135e-12
2.98061e-12
1.30376e-12
5.91963e-13
2.78341e-13
1.36901e-13
6.28722e-14
4.15847e-46
4.17546e-46
3.13162e-48
3.47224e-50
2.48357e-50
2.42534e-50
2.23384e-50
1.22864e-49
3.82643e-46
5.72152e-46
1.18053e-43
6.05661e-40
3.48736e-36
2.2436e-32
1.61284e-28
1.29544e-24
1.16263e-20
1.16589e-16
1.30639e-12
1.63562e-08
0.000228816
3.57672
62479.8
1.83702e+08
4.98372e+07
1.04464e+07
1.95751e+06
337363
53825.7
7985.38
1139.19
165.154
24.9971
3.95784
0.656595
0.114261
0.0208739
0.00400544
0.000807549
0.000171099
3.80955e-05
8.91199e-06
2.18989e-06
5.65019e-07
1.52996e-07
4.34507e-08
1.29356e-08
4.03372e-09
1.31638e-09
4.49192e-10
1.60132e-10
5.95823e-11
2.31162e-11
9.34017e-12
3.926e-12
1.71491e-12
7.7755e-13
3.65087e-13
1.79314e-13
8.22065e-14
1.40354e-49
1.41106e-49
1.12813e-51
1.22332e-53
8.39585e-54
8.19788e-54
7.5511e-54
4.18161e-53
1.30404e-49
4.6863e-48
2.07554e-44
1.06927e-40
6.15518e-37
3.95892e-33
2.84516e-29
2.28464e-25
2.04987e-21
2.05508e-17
2.30213e-13
2.88154e-09
4.03008e-05
0.629791
10998.6
2.14251e+08
6.29748e+07
1.33886e+07
2.51805e+06
434599
69401.4
10302.7
1470.43
213.227
32.2765
5.11036
0.84771
0.147493
0.0269385
0.00516763
0.00104149
0.000220574
4.90883e-05
1.14776e-05
2.81866e-06
7.26778e-07
1.96657e-07
5.58073e-08
1.66003e-08
5.17184e-09
1.68618e-09
5.74793e-10
2.04687e-10
7.60748e-11
2.94801e-11
1.1897e-11
4.99441e-12
2.17877e-12
9.86554e-13
4.62595e-13
2.26897e-13
1.03839e-13
5.29368e-53
5.3288e-53
4.5239e-55
4.81993e-57
3.17179e-57
3.09654e-57
2.95075e-57
3.4105e-55
1.25061e-51
4.95954e-48
2.2868e-44
1.17819e-40
6.78252e-37
4.36266e-33
3.1355e-29
2.51792e-25
2.2593e-21
2.26517e-17
2.53762e-13
3.17648e-09
4.44283e-05
0.694331
12126.4
2.36619e+08
7.6623e+07
1.65497e+07
3.12562e+06
540421
86399.4
12837.4
1833.4
265.986
40.2761
6.37834
1.05819
0.184127
0.0336296
0.00645091
0.0013
0.000275282
6.12512e-05
1.43177e-05
3.51503e-06
9.05994e-07
2.45042e-07
6.95025e-08
2.06621e-08
6.43313e-09
2.0959e-09
7.13898e-10
2.54007e-10
9.43183e-11
3.6514e-11
1.47202e-11
6.17286e-12
2.68977e-12
1.21649e-12
5.69707e-13
2.79083e-13
1.27506e-13
2.23032e-56
2.24797e-56
2.01954e-58
2.12265e-60
1.33856e-60
1.34143e-60
1.04455e-58
3.41345e-55
1.26085e-51
5.20354e-48
2.39949e-44
1.23633e-40
7.11767e-37
4.57853e-33
3.29085e-29
2.64285e-25
2.37155e-21
2.37786e-17
2.66403e-13
3.33493e-09
4.66475e-05
0.72906
12733.7
2.48486e+08
9.03069e+07
1.9839e+07
3.76398e+06
652097
104393
15527.1
2219.38
322.188
48.8108
7.733
1.28335
0.223364
0.040805
0.00782872
0.00157788
0.00033416
7.43563e-05
1.73815e-05
4.26706e-06
1.09974e-06
2.97401e-07
8.43362e-08
2.50653e-08
7.80141e-09
2.54064e-09
8.6497e-10
3.07588e-10
1.14143e-10
4.4158e-11
1.77882e-11
7.45316e-12
3.24473e-12
1.46606e-12
6.85887e-13
3.35643e-13
1.53112e-13
1.04988e-59
1.05952e-59
1.00421e-61
1.04489e-63
6.44324e-64
3.55042e-62
1.03234e-58
3.41305e-55
1.2608e-51
5.20377e-48
2.39978e-44
1.23656e-40
7.11955e-37
4.58007e-33
3.2922e-29
2.64412e-25
2.37287e-21
2.37936e-17
2.6659e-13
3.33751e-09
4.6687e-05
0.72973
12746.3
2.48751e+08
1.03633e+08
2.31733e+07
4.41761e+06
766977
122962
18310.1
2619.6
380.571
57.6912
9.14469
1.51833
0.264374
0.0483159
0.00927319
0.00186968
0.000396091
8.81654e-05
2.06156e-05
5.06238e-06
1.30502e-06
3.52985e-07
1.00113e-07
2.97572e-08
9.2621e-09
3.01626e-09
1.0268e-09
3.65078e-10
1.35445e-10
5.23831e-11
2.10934e-11
8.83402e-12
3.84385e-12
1.73571e-12
8.11493e-13
3.96824e-13
1.80804e-13
5.51981e-63
5.57757e-63
5.56183e-65
5.79951e-67
1.28865e-65
3.32516e-62
9.83981e-59
3.25344e-55
1.20194e-51
4.96127e-48
2.28813e-44
1.17914e-40
6.78947e-37
4.3681e-33
3.1401e-29
2.52217e-25
2.26362e-21
2.27e-17
2.54359e-13
3.18465e-09
4.45525e-05
0.696425
12165.6
2.37438e+08
1.16306e+08
2.6481e+07
5.07277e+06
882674
141724
21129.3
3025.92
439.954
66.7386
10.5852
1.75848
0.306352
0.0560171
0.010757
0.00217001
0.000459969
0.000102441
2.39673e-05
5.88879e-06
1.51891e-06
4.11065e-07
1.16648e-07
3.46894e-08
1.08023e-08
3.51935e-09
1.19852e-09
4.26268e-10
1.58188e-10
6.11909e-11
2.46433e-11
1.03213e-11
4.49091e-12
2.02771e-12
9.47849e-13
4.634e-13
2.10998e-13
3.24376e-66
3.28186e-66
3.43479e-68
5.14914e-69
1.137e-65
3.01176e-62
8.91339e-59
2.94743e-55
1.089e-51
4.49552e-48
2.07354e-44
1.06866e-40
6.15396e-37
3.95963e-33
2.84675e-29
2.28678e-25
2.05257e-21
2.05856e-17
2.30689e-13
2.8886e-09
4.04148e-05
0.631811
11038
2.15452e+08
1.2813e+08
2.97048e+07
5.71795e+06
997150
160349
23935.1
3431.16
499.285
75.7924
12.0288
1.99952
0.348553
0.0637725
0.0122541
0.00247369
0.000524716
0.00011695
2.73838e-05
6.73387e-06
1.7384e-06
4.7089e-07
1.33747e-07
3.98109e-08
1.24086e-08
4.04636e-09
1.37922e-09
4.90963e-10
1.82348e-10
7.05921e-11
2.84505e-11
1.1924e-11
5.19151e-12
2.34536e-12
1.09687e-12
5.36492e-13
2.44316e-13
1.99562e-69
2.02161e-69
2.40758e-71
4.07817e-69
9.66869e-66
2.56134e-62
7.58098e-59
2.50703e-55
9.26354e-52
3.82442e-48
1.76414e-44
9.09269e-41
5.23652e-37
3.36959e-33
2.42274e-29
1.94633e-25
1.74712e-21
1.75236e-17
1.96391e-13
2.45932e-09
3.44115e-05
0.538003
9399.89
1.83492e+08
1.39223e+08
3.28681e+07
6.35757e+06
1.11118e+06
178960
26745.8
3837.92
558.936
84.9077
13.4842
2.2428
0.391201
0.0716211
0.0137716
0.00278209
0.000590608
0.000131752
3.0879e-05
7.60113e-06
1.96444e-06
5.32732e-07
1.51495e-07
4.51506e-08
1.40912e-08
4.60111e-09
1.57042e-09
5.59778e-10
2.08187e-10
8.07029e-11
3.25683e-11
1.36675e-11
5.95811e-12
2.69497e-12
1.26186e-12
6.1788e-13
2.81714e-13
1.23567e-72
1.25412e-72
1.49375e-72
3.1397e-69
7.4448e-66
1.97238e-62
5.83831e-59
1.9309e-55
7.13535e-52
2.94606e-48
1.35909e-44
7.0056e-41
4.03491e-37
2.59661e-33
1.86713e-29
1.5001e-25
1.34669e-21
1.35084e-17
1.51406e-13
1.89616e-09
2.65338e-05
0.414877
7249.29
1.41523e+08
1.49776e+08
3.60221e+07
7.00198e+06
1.22661e+06
197861
29607.5
4252.88
619.881
94.2321
14.9743
2.49211
0.434939
0.0796765
0.0153304
0.00309918
0.000658438
0.00014701
3.4488e-05
8.49838e-06
2.19881e-06
5.97018e-07
1.69997e-07
5.07346e-08
1.58567e-08
5.18534e-09
1.77255e-09
6.32829e-10
2.35734e-10
9.15297e-11
3.69978e-11
1.55517e-11
6.79044e-12
3.07637e-12
1.44271e-12
7.07523e-13
3.23161e-13
7.65116e-76
1.27046e-75
9.38014e-73
1.99108e-69
4.72208e-66
1.25127e-62
3.70449e-59
1.22541e-55
4.52916e-52
1.87036e-48
8.63e-45
4.44928e-41
2.56306e-37
1.64973e-33
1.18648e-29
9.53429e-26
8.56079e-22
8.58881e-18
9.62832e-14
1.20604e-09
1.68799e-05
0.263979
4613.46
9.00822e+07
1.59739e+08
3.91503e+07
7.64793e+06
1.34289e+06
216963
32507
4674.17
681.853
103.724
16.4926
2.7463
0.479556
0.0878972
0.0169218
0.00342305
0.00072775
0.000162612
3.81811e-05
9.41745e-06
2.43918e-06
6.63048e-07
1.89034e-07
5.64915e-08
1.7681e-08
5.79056e-09
1.98253e-09
7.08936e-10
2.64523e-10
1.02882e-10
4.16584e-11
1.75412e-11
7.67257e-12
3.4821e-12
1.63583e-12
8.03614e-13
3.67796e-13
5.70665e-79
1.65718e-76
3.13997e-73
6.66653e-70
1.58137e-66
4.19125e-63
1.24111e-59
4.10632e-56
1.51803e-52
6.27013e-49
2.89369e-45
1.49218e-41
8.59768e-38
5.53509e-34
3.98165e-30
3.20023e-26
2.87407e-22
2.88408e-18
3.23381e-14
4.05152e-10
5.67173e-06
0.0887167
1550.79
3.0287e+07
1.69023e+08
4.22195e+07
8.2885e+06
1.45876e+06
236065
35414.1
5097.43
744.213
113.288
18.0236
3.00277
0.524593
0.0961978
0.018529
0.00375016
0.000797769
0.000178375
4.19136e-05
1.03467e-05
2.68237e-06
7.29904e-07
2.08329e-07
6.23336e-08
1.95351e-08
6.40669e-09
2.1967e-09
7.8673e-10
2.94019e-10
1.14543e-10
4.64583e-11
1.9596e-11
8.58629e-12
3.90363e-12
1.83709e-12
9.04074e-13
4.14637e-13
3.79798e-82
1.47782e-79
2.80206e-76
5.94793e-73
1.41064e-69
3.73799e-66
1.10667e-62
3.6608e-59
1.35306e-55
5.58764e-52
2.57821e-48
1.32924e-44
7.65731e-41
4.92872e-37
3.54476e-33
2.84852e-29
2.5577e-25
2.56611e-21
2.87672e-17
3.60342e-13
5.04344e-09
7.88736e-05
1.37846
26916.1
1.77571e+08
4.51994e+07
8.91708e+06
1.57304e+06
254966
38298.4
5518.25
806.315
122.823
19.5516
3.25891
0.569592
0.104493
0.0201355
0.00407713
0.000867753
0.000194131
4.56442e-05
1.12756e-05
2.92549e-06
7.96765e-07
2.27635e-07
6.81833e-08
2.13933e-08
7.02487e-09
2.41187e-09
8.6501e-10
3.23752e-10
1.2632e-10
5.13163e-11
2.16803e-11
9.51536e-12
4.33332e-12
2.04277e-12
1.00702e-12
4.62796e-13
2.78709e-83
4.70937e-80
8.94341e-77
1.89757e-73
4.49836e-70
1.19147e-66
3.52592e-63
1.16583e-59
4.30709e-56
1.77788e-52
8.19973e-49
4.22561e-45
2.43316e-41
1.56543e-37
1.12537e-33
9.03927e-30
8.11279e-26
8.13582e-22
9.11654e-18
1.14144e-13
1.59688e-09
2.49622e-05
0.436066
8510.91
1.85349e+08
4.80629e+07
9.52746e+06
1.68455e+06
273472
41129.9
5932.26
867.515
132.233
21.0609
3.5121
0.614093
0.1127
0.0217248
0.00440061
0.000936984
0.000209714
4.93332e-05
1.2194e-05
3.16585e-06
8.62867e-07
2.46725e-07
7.39691e-08
2.3232e-08
7.63701e-09
2.62513e-09
9.42677e-10
3.53289e-10
1.38036e-10
5.61573e-11
2.37612e-11
1.04447e-11
4.76403e-12
2.2494e-12
1.11067e-12
5.11424e-13
2.86941e-83
4.88022e-80
9.26791e-77
1.96643e-73
4.6616e-70
1.23471e-66
3.65388e-63
1.20815e-59
4.46343e-56
1.84241e-52
8.49739e-49
4.37902e-45
2.5215e-41
1.62227e-37
1.16623e-33
9.36752e-30
8.40742e-26
8.43129e-22
9.44766e-18
1.1829e-13
1.65489e-09
2.5869e-05
0.451908
8820.12
1.92346e+08
5.07862e+07
1.01139e+07
1.79221e+06
291400
43880.1
6335.21
927.181
141.419
22.5358
3.75972
0.65764
0.120733
0.0232808
0.00471731
0.00100476
0.000224965
5.29429e-05
1.30923e-05
3.40091e-06
9.27495e-07
2.65387e-07
7.96251e-08
2.50298e-08
8.23571e-09
2.83381e-09
1.01873e-09
3.82238e-10
1.49532e-10
6.09132e-11
2.58083e-11
1.13604e-11
5.18919e-12
2.45374e-12
1.21338e-12
5.59737e-13
2.96211e-83
5.03792e-80
9.56743e-77
2.02998e-73
4.81228e-70
1.27463e-66
3.77201e-63
1.24721e-59
4.60775e-56
1.902e-52
8.77221e-49
4.52065e-45
2.60306e-41
1.67475e-37
1.20396e-33
9.67061e-30
8.67947e-26
8.70415e-22
9.75343e-18
1.22119e-13
1.70846e-09
2.67065e-05
0.466539
9105.71
1.98575e+08
5.33496e+07
1.06715e+07
1.89504e+06
308577
46521.9
6723.11
984.715
150.288
23.9615
3.99926
0.699793
0.128511
0.0247879
0.00502407
0.00107039
0.000239733
5.6437e-05
1.39616e-05
3.62826e-06
9.89983e-07
2.83425e-07
8.50908e-08
2.67668e-08
8.81418e-09
3.03547e-09
1.09225e-09
4.10239e-10
1.6066e-10
6.5521e-11
2.7794e-11
1.22498e-11
5.60268e-12
2.6528e-12
1.3136e-12
6.06986e-13
3.0437e-83
5.1767e-80
9.83101e-77
2.08592e-73
4.94489e-70
1.30976e-66
3.87597e-63
1.28159e-59
4.73478e-56
1.95444e-52
9.01409e-49
4.64532e-45
2.67485e-41
1.72095e-37
1.23717e-33
9.93742e-30
8.91896e-26
8.94434e-22
1.00226e-17
1.2549e-13
1.75562e-09
2.74438e-05
0.479421
9357.16
2.04059e+08
5.57356e+07
1.11953e+07
1.99209e+06
324839
49029.2
7091.97
1039.52
158.747
25.3228
4.22818
0.740102
0.135953
0.0262301
0.00531767
0.00113321
0.000253864
5.97794e-05
1.47928e-05
3.84555e-06
1.04968e-06
3.00648e-07
9.03072e-08
2.84241e-08
9.36595e-09
3.22781e-09
1.16238e-09
4.36954e-10
1.71281e-10
6.99217e-11
2.96919e-11
1.31007e-11
5.99877e-12
2.84372e-12
1.40987e-12
6.52464e-13
3.11482e-83
5.29766e-80
1.00608e-76
2.13467e-73
5.06047e-70
1.34037e-66
3.96658e-63
1.31155e-59
4.84549e-56
2.00014e-52
9.2249e-49
4.75397e-45
2.73742e-41
1.76121e-37
1.26612e-33
1.01699e-29
9.12765e-26
9.15365e-22
1.02572e-17
1.28427e-13
1.79671e-09
2.80863e-05
0.490644
9576.24
2.08837e+08
5.79311e+07
1.16817e+07
2.08257e+06
340045
51379
7438.34
1091.05
166.714
26.6061
4.44417
0.778162
0.142984
0.0275931
0.00559518
0.00119259
0.000267219
6.29374e-05
1.55778e-05
4.05068e-06
1.106e-06
3.16888e-07
9.52233e-08
2.99851e-08
9.88546e-09
3.40884e-09
1.22837e-09
4.62092e-10
1.81276e-10
7.40647e-11
3.14796e-11
1.39028e-11
6.37246e-12
3.02404e-12
1.50091e-12
6.95548e-13
3.17605e-83
5.40182e-80
1.02586e-76
2.17664e-73
5.15999e-70
1.36674e-66
4.04461e-63
1.33736e-59
4.94083e-56
2.0395e-52
9.40645e-49
4.84754e-45
2.79131e-41
1.79588e-37
1.29105e-33
1.03702e-29
9.30741e-26
9.33394e-22
1.04592e-17
1.30957e-13
1.83211e-09
2.86397e-05
0.500314
9764.99
2.12954e+08
5.99256e+07
1.21272e+07
2.16577e+06
354066
53550.4
7758.97
1138.84
174.108
27.7985
4.64504
0.813583
0.149531
0.0288629
0.00585377
0.00124793
0.000279665
6.58796e-05
1.6309e-05
4.24164e-06
1.1584e-06
3.31988e-07
9.97912e-08
3.14346e-08
1.03675e-08
3.57674e-09
1.28955e-09
4.8539e-10
1.90539e-10
7.7904e-11
3.31367e-11
1.46466e-11
6.71921e-12
3.1915e-12
1.58553e-12
7.35661e-13
3.22818e-83
5.4905e-80
1.0427e-76
2.21239e-73
5.24473e-70
1.38918e-66
4.11105e-63
1.35932e-59
5.022e-56
2.07301e-52
9.56101e-49
4.9272e-45
2.83718e-41
1.8254e-37
1.31227e-33
1.05407e-29
9.46044e-26
9.48742e-22
1.06312e-17
1.33111e-13
1.86225e-09
2.91108e-05
0.508545
9925.64
2.16458e+08
6.1711e+07
1.2529e+07
2.24109e+06
366789
55524.8
8050.99
1182.41
180.859
28.8882
4.82878
0.846006
0.155527
0.0300264
0.0060908
0.00129866
0.000291075
6.85768e-05
1.6979e-05
4.41657e-06
1.20637e-06
3.45805e-07
1.03968e-07
3.27589e-08
1.08077e-08
3.72992e-09
1.34533e-09
5.06621e-10
1.98976e-10
8.14007e-11
3.46458e-11
1.53241e-11
7.03517e-12
3.34417e-12
1.66275e-12
7.72311e-13
3.27192e-83
5.56489e-80
1.05683e-76
2.24237e-73
5.31581e-70
1.40801e-66
4.16678e-63
1.37775e-59
5.0901e-56
2.10112e-52
9.69068e-49
4.99403e-45
2.87567e-41
1.85016e-37
1.33007e-33
1.06837e-29
9.58883e-26
9.61619e-22
1.07755e-17
1.34918e-13
1.88753e-09
2.95061e-05
0.515451
10060.5
2.19398e+08
6.32815e+07
1.28849e+07
2.30802e+06
378120
57286.2
8311.88
1221.39
186.904
29.8649
4.99358
0.875109
0.160912
0.0310719
0.00630389
0.00134428
0.000301336
7.10023e-05
1.75815e-05
4.5738e-06
1.24947e-06
3.5821e-07
1.07715e-07
3.39462e-08
1.12019e-08
3.86701e-09
1.39521e-09
5.25592e-10
2.06512e-10
8.45219e-11
3.59925e-11
1.59286e-11
7.31713e-12
3.48047e-12
1.73171e-12
8.05083e-13
3.3079e-83
5.62611e-80
1.06846e-76
2.26704e-73
5.37432e-70
1.42351e-66
4.21265e-63
1.39292e-59
5.14615e-56
2.12426e-52
9.79744e-49
5.04905e-45
2.90736e-41
1.87055e-37
1.34473e-33
1.08015e-29
9.69456e-26
9.72224e-22
1.08944e-17
1.36406e-13
1.90836e-09
2.98317e-05
0.52114
10171.5
2.21821e+08
6.46324e+07
1.31928e+07
2.3661e+06
387972
58820.1
8539.35
1255.41
192.186
30.7189
5.13778
0.900591
0.16563
0.0319884
0.00649075
0.0013843
0.00031034
7.31308e-05
1.81102e-05
4.71173e-06
1.28727e-06
3.69082e-07
1.10997e-07
3.49852e-08
1.15466e-08
3.98677e-09
1.43874e-09
5.42136e-10
2.13077e-10
8.72397e-11
3.71646e-11
1.64546e-11
7.56243e-12
3.59905e-12
1.79174e-12
8.33633e-13
3.33687e-83
5.67538e-80
1.07782e-76
2.2869e-73
5.4214e-70
1.43598e-66
4.24957e-63
1.40513e-59
5.19126e-56
2.14288e-52
9.88334e-49
5.09333e-45
2.93285e-41
1.88696e-37
1.35653e-33
1.08963e-29
9.77962e-26
9.80755e-22
1.099e-17
1.37603e-13
1.92511e-09
3.00936e-05
0.525716
10260.8
2.23769e+08
6.5761e+07
1.34514e+07
2.41499e+06
396280
60115.3
8731.63
1284.19
196.657
31.4424
5.26003
0.922207
0.169635
0.0327667
0.00664953
0.00141831
0.000317996
7.49411e-05
1.85598e-05
4.82905e-06
1.31941e-06
3.78323e-07
1.13785e-07
3.58671e-08
1.18389e-08
4.08823e-09
1.47559e-09
5.56124e-10
2.18623e-10
8.95335e-11
3.81531e-11
1.6898e-11
7.76915e-12
3.69898e-12
1.84233e-12
8.57719e-13
3.3593e-83
5.71353e-80
1.08506e-76
2.30228e-73
5.45786e-70
1.44564e-66
4.27816e-63
1.41459e-59
5.2262e-56
2.15731e-52
9.94989e-49
5.12763e-45
2.95261e-41
1.89967e-37
1.36567e-33
1.09697e-29
9.84556e-26
9.87369e-22
1.10641e-17
1.38532e-13
1.9381e-09
3.02967e-05
0.529264
10330.1
2.2528e+08
6.66654e+07
1.36596e+07
2.45442e+06
402988
61162.2
8887.17
1307.49
200.279
32.0289
5.35917
0.939748
0.172886
0.033399
0.00677858
0.00144598
0.000324225
7.64145e-05
1.89259e-05
4.92455e-06
1.34557e-06
3.85842e-07
1.16052e-07
3.65839e-08
1.20763e-08
4.17055e-09
1.50545e-09
5.6745e-10
2.23109e-10
9.1387e-11
3.89512e-11
1.72557e-11
7.93586e-12
3.77956e-12
1.88313e-12
8.7716e-13
3.37571e-83
5.74146e-80
1.09037e-76
2.31354e-73
5.48456e-70
1.45272e-66
4.29909e-63
1.42151e-59
5.25178e-56
2.16787e-52
9.9986e-49
5.15274e-45
2.96707e-41
1.90898e-37
1.37236e-33
1.10234e-29
9.8938e-26
9.92208e-22
1.11184e-17
1.39211e-13
1.9476e-09
3.04453e-05
0.531861
10380.8
2.26385e+08
6.73445e+07
1.38164e+07
2.48417e+06
408055
61953.5
9004.81
1325.13
203.021
32.4731
5.4343
0.953046
0.175353
0.0338789
0.0068766
0.001467
0.000328962
7.75355e-05
1.92045e-05
4.99727e-06
1.36549e-06
3.91568e-07
1.17778e-07
3.71292e-08
1.22568e-08
4.23308e-09
1.52811e-09
5.76033e-10
2.26505e-10
9.27888e-11
3.95542e-11
1.75258e-11
8.06169e-12
3.84037e-12
1.91393e-12
8.91855e-13
3.3864e-83
5.75964e-80
1.09382e-76
2.32087e-73
5.50195e-70
1.45732e-66
4.31273e-63
1.42602e-59
5.26846e-56
2.17476e-52
1.00304e-48
5.16912e-45
2.97651e-41
1.91505e-37
1.37673e-33
1.10586e-29
9.92532e-26
9.95371e-22
1.11538e-17
1.39655e-13
1.95382e-09
3.05425e-05
0.533559
10414
2.27109e+08
6.77975e+07
1.39212e+07
2.50408e+06
411448
62483.8
9083.67
1336.95
204.86
32.7711
5.48472
0.961977
0.17701
0.0342017
0.00694257
0.00148117
0.000332156
7.82922e-05
1.93927e-05
5.04643e-06
1.37896e-06
3.95441e-07
1.18946e-07
3.7498e-08
1.23788e-08
4.27531e-09
1.5434e-09
5.81817e-10
2.28791e-10
9.37313e-11
3.99593e-11
1.77072e-11
8.14616e-12
3.8812e-12
1.93463e-12
9.0176e-13
3.39168e-83
5.76861e-80
1.09553e-76
2.32449e-73
5.51053e-70
1.4596e-66
4.31947e-63
1.42825e-59
5.27669e-56
2.17816e-52
1.00461e-48
5.17722e-45
2.98117e-41
1.91805e-37
1.37889e-33
1.10759e-29
9.9409e-26
9.96933e-22
1.11713e-17
1.39875e-13
1.95689e-09
3.05905e-05
0.534399
10430.3
2.27467e+08
6.80241e+07
1.39737e+07
2.51406e+06
413148
62749.5
9123.18
1342.88
205.782
32.9205
5.51002
0.966462
0.177844
0.0343643
0.00697586
0.00148833
0.000333775
7.86765e-05
1.94885e-05
5.0715e-06
1.38584e-06
3.97422e-07
1.19543e-07
3.76868e-08
1.24412e-08
4.29689e-09
1.5512e-09
5.84768e-10
2.29955e-10
9.4211e-11
4.01655e-11
1.77995e-11
8.18923e-12
3.90208e-12
1.94526e-12
9.06892e-13
3.3916e-83
5.7685e-80
1.09551e-76
2.32445e-73
5.51043e-70
1.45957e-66
4.3194e-63
1.42823e-59
5.27662e-56
2.17813e-52
1.00459e-48
5.17716e-45
2.98114e-41
1.91804e-37
1.37888e-33
1.10758e-29
9.94083e-26
9.96927e-22
1.11713e-17
1.39874e-13
1.95688e-09
3.05904e-05
0.534398
10430.3
2.27466e+08
6.8024e+07
1.39737e+07
2.51404e+06
413145
62749
9123.07
1342.86
205.779
32.9202
5.50997
0.966461
0.177845
0.034365
0.00697611
0.00148841
0.0003338
7.8684e-05
1.94908e-05
5.07218e-06
1.38605e-06
3.97487e-07
1.19564e-07
3.76935e-08
1.24435e-08
4.29767e-09
1.55148e-09
5.8487e-10
2.29996e-10
9.42277e-11
4.0173e-11
1.78031e-11
8.19116e-12
3.90317e-12
1.94591e-12
9.07309e-13
3.38616e-83
5.75924e-80
1.09375e-76
2.32072e-73
5.50161e-70
1.45724e-66
4.3125e-63
1.42595e-59
5.2682e-56
2.17466e-52
1.00299e-48
5.16892e-45
2.9764e-41
1.91499e-37
1.37669e-33
1.10582e-29
9.92507e-26
9.95349e-22
1.11536e-17
1.39653e-13
1.95379e-09
3.05422e-05
0.533555
10413.9
2.27108e+08
6.77972e+07
1.3921e+07
2.50404e+06
411438
62482.1
9083.33
1336.9
204.852
32.7701
5.4846
0.961979
0.177015
0.034204
0.00694336
0.00148142
0.000332231
7.83144e-05
1.93994e-05
5.04843e-06
1.37958e-06
3.95633e-07
1.19007e-07
3.7518e-08
1.23855e-08
4.27764e-09
1.54424e-09
5.82134e-10
2.28917e-10
9.37847e-11
3.99837e-11
1.77192e-11
8.15253e-12
3.8848e-12
1.93678e-12
9.0311e-13
3.3753e-83
5.74077e-80
1.09024e-76
2.31329e-73
5.48399e-70
1.45257e-66
4.29869e-63
1.42138e-59
5.25134e-56
2.1677e-52
9.99786e-49
5.15239e-45
2.96688e-41
1.90887e-37
1.37229e-33
1.10229e-29
9.89337e-26
9.9217e-22
1.1118e-17
1.39207e-13
1.94756e-09
3.04448e-05
0.531854
10380.7
2.26385e+08
6.7344e+07
1.38161e+07
2.48411e+06
408039
61950.9
9004.3
1325.06
203.009
32.4718
5.43417
0.953063
0.175364
0.0338832
0.00687797
0.00146742
0.000329085
7.75718e-05
1.92153e-05
5.00051e-06
1.36648e-06
3.91877e-07
1.17877e-07
3.71619e-08
1.2268e-08
4.23701e-09
1.52956e-09
5.76593e-10
2.26734e-10
9.28889e-11
3.96011e-11
1.75493e-11
8.0742e-12
3.84742e-12
1.91813e-12
8.94431e-13
3.35869e-83
5.71255e-80
1.08488e-76
2.30192e-73
5.45704e-70
1.44544e-66
4.27758e-63
1.41441e-59
5.22557e-56
2.15706e-52
9.94882e-49
5.12712e-45
2.95234e-41
1.89951e-37
1.36557e-33
1.09689e-29
9.84493e-26
9.87313e-22
1.10636e-17
1.38526e-13
1.93803e-09
3.02959e-05
0.529254
10330
2.25278e+08
6.66645e+07
1.36592e+07
2.45434e+06
402967
61158.9
8886.56
1307.42
200.267
32.0279
5.35915
0.939799
0.172907
0.0334058
0.0067806
0.00144657
0.000324396
7.6464e-05
1.89404e-05
4.92889e-06
1.34689e-06
3.86258e-07
1.16186e-07
3.66287e-08
1.20919e-08
4.17618e-09
1.50759e-09
5.68304e-10
2.23472e-10
9.15506e-11
3.90297e-11
1.72956e-11
7.9573e-12
3.79162e-12
1.89026e-12
8.81428e-13
3.33607e-83
5.67407e-80
1.07758e-76
2.28642e-73
5.42031e-70
1.43571e-66
4.24879e-63
1.40489e-59
5.19041e-56
2.14255e-52
9.88191e-49
5.09264e-45
2.93249e-41
1.88674e-37
1.35639e-33
1.08952e-29
9.77877e-26
9.8068e-22
1.09892e-17
1.37596e-13
1.92502e-09
3.00924e-05
0.5257
10260.6
2.23766e+08
6.57596e+07
1.34509e+07
2.41489e+06
396255
60111.8
8731.01
1284.13
196.648
31.4425
5.26024
0.922315
0.169668
0.0327766
0.00665229
0.00141909
0.000318213
7.50029e-05
1.85777e-05
4.83436e-06
1.32103e-06
3.78834e-07
1.13952e-07
3.5924e-08
1.18592e-08
4.09578e-09
1.47855e-09
5.57355e-10
2.19164e-10
8.97843e-11
3.82759e-11
1.69612e-11
7.80324e-12
3.7181e-12
1.85354e-12
8.6429e-13
3.30688e-83
5.62444e-80
1.06815e-76
2.26643e-73
5.37292e-70
1.42316e-66
4.21166e-63
1.39261e-59
5.14507e-56
2.12384e-52
9.79561e-49
5.04818e-45
2.90689e-41
1.87027e-37
1.34455e-33
1.08001e-29
9.69347e-26
9.72126e-22
1.08934e-17
1.36396e-13
1.90824e-09
2.98302e-05
0.521119
10171.2
2.21817e+08
6.46305e+07
1.31922e+07
2.36598e+06
387946
58817
8538.85
1255.38
192.184
30.7207
5.13835
0.900778
0.16568
0.032002
0.00649434
0.00138526
0.000310603
7.3204e-05
1.81311e-05
4.71793e-06
1.28917e-06
3.69687e-07
1.11198e-07
3.50553e-08
1.15723e-08
3.99666e-09
1.44276e-09
5.43858e-10
2.13854e-10
8.76083e-11
3.73477e-11
1.65496e-11
7.6137e-12
3.6277e-12
1.80841e-12
8.43227e-13
3.27065e-83
5.56282e-80
1.05645e-76
2.2416e-73
5.31408e-70
1.40758e-66
4.16555e-63
1.37737e-59
5.08875e-56
2.10059e-52
9.68841e-49
4.99294e-45
2.87508e-41
1.84981e-37
1.32984e-33
1.0682e-29
9.58746e-26
9.61496e-22
1.07743e-17
1.34905e-13
1.88738e-09
2.95042e-05
0.515425
10060.1
2.19394e+08
6.32792e+07
1.28841e+07
2.3079e+06
378096
57284.1
8311.61
1221.41
186.914
29.8691
4.99463
0.875394
0.160982
0.0310897
0.00630837
0.00134544
0.000301645
7.10869e-05
1.76055e-05
4.58089e-06
1.25166e-06
3.58917e-07
1.07956e-07
3.40322e-08
1.12343e-08
3.87989e-09
1.4006e-09
5.2796e-10
2.07602e-10
8.50461e-11
3.62551e-11
1.60652e-11
7.39075e-12
3.5214e-12
1.75538e-12
8.18482e-13
3.22668e-83
5.48804e-80
1.04225e-76
2.21148e-73
5.24267e-70
1.38866e-66
4.10958e-63
1.35886e-59
5.02039e-56
2.07238e-52
9.55831e-49
4.92589e-45
2.83648e-41
1.82498e-37
1.31199e-33
1.05387e-29
9.4588e-26
9.48595e-22
1.06298e-17
1.33095e-13
1.86206e-09
2.91085e-05
0.508513
9925.2
2.16452e+08
6.17083e+07
1.25282e+07
2.24099e+06
366771
55524.4
8051.1
1182.51
180.884
28.8954
4.8304
0.846404
0.155619
0.0300487
0.00609623
0.00130003
0.000291432
6.86736e-05
1.70065e-05
4.42471e-06
1.20892e-06
3.46643e-07
1.04259e-07
3.28659e-08
1.08491e-08
3.74676e-09
1.35252e-09
5.09831e-10
2.00472e-10
8.21248e-11
3.50095e-11
1.55132e-11
7.13672e-12
3.40032e-12
1.69499e-12
7.90319e-13
3.17426e-83
5.39889e-80
1.02532e-76
2.17556e-73
5.15754e-70
1.36612e-66
4.04287e-63
1.33681e-59
4.93892e-56
2.03876e-52
9.40324e-49
4.84599e-45
2.79048e-41
1.79539e-37
1.29072e-33
1.03678e-29
9.30548e-26
9.33221e-22
1.04575e-17
1.30939e-13
1.83189e-09
2.86369e-05
0.500277
9764.48
2.12948e+08
5.9923e+07
1.21265e+07
2.16572e+06
354059
53552.7
7759.59
1139.04
174.151
27.809
4.6473
0.814102
0.149646
0.0288899
0.0058602
0.00124952
0.000280076
6.59908e-05
1.63406e-05
4.25114e-06
1.16142e-06
3.33004e-07
1.00152e-07
3.157e-08
1.04209e-08
3.59881e-09
1.29908e-09
4.89683e-10
1.92547e-10
7.88779e-11
3.36252e-11
1.48997e-11
6.85447e-12
3.26583e-12
1.62793e-12
7.59054e-13
3.11274e-83
5.29427e-80
1.00546e-76
2.13341e-73
5.05763e-70
1.33966e-66
3.96457e-63
1.31092e-59
4.84329e-56
1.99928e-52
9.22119e-49
4.75218e-45
2.73646e-41
1.76064e-37
1.26574e-33
1.01672e-29
9.12543e-26
9.15166e-22
1.02552e-17
1.28406e-13
1.79646e-09
2.80831e-05
0.490603
9575.68
2.08831e+08
5.7929e+07
1.16812e+07
2.08258e+06
340055
51384.8
7439.6
1091.37
166.777
26.6203
4.44709
0.778806
0.143124
0.0276251
0.00560267
0.00119444
0.000267695
6.30669e-05
1.56151e-05
4.06207e-06
1.10968e-06
3.18151e-07
9.56801e-08
3.01589e-08
9.95476e-09
3.43772e-09
1.2409e-09
4.67742e-10
1.83917e-10
7.53418e-11
3.21176e-11
1.42316e-11
6.54711e-12
3.11938e-12
1.55492e-12
7.25025e-13
3.04134e-83
5.17284e-80
9.82398e-77
2.08449e-73
4.94166e-70
1.30894e-66
3.87369e-63
1.28087e-59
4.73228e-56
1.95347e-52
9.0099e-49
4.6433e-45
2.67378e-41
1.72031e-37
1.23675e-33
9.93434e-30
8.91648e-26
8.94213e-22
1.00204e-17
1.25467e-13
1.75535e-09
2.74405e-05
0.479377
9356.59
2.04053e+08
5.57345e+07
1.11952e+07
1.9922e+06
324871
49039.2
7093.98
1039.96
158.833
25.3409
4.23178
0.740872
0.136118
0.0262673
0.00532635
0.00113536
0.000254422
5.99331e-05
1.48378e-05
3.85955e-06
1.05428e-06
3.02249e-07
9.08927e-08
2.86485e-08
9.45582e-09
3.2653e-09
1.17863e-09
4.44259e-10
1.7468e-10
7.1557e-11
3.05039e-11
1.35165e-11
6.21811e-12
2.96263e-12
1.47678e-12
6.88608e-13
2.95948e-83
5.03362e-80
9.5596e-77
2.02839e-73
4.80868e-70
1.27372e-66
3.76946e-63
1.24641e-59
4.60498e-56
1.90092e-52
8.76755e-49
4.51842e-45
2.60187e-41
1.67405e-37
1.2035e-33
9.66725e-30
8.67677e-26
8.70176e-22
9.75111e-18
1.22095e-13
1.70818e-09
2.67031e-05
0.466497
9105.21
1.98572e+08
5.33503e+07
1.06719e+07
1.89529e+06
308637
46537
6725.95
985.298
150.396
23.9834
4.00355
0.700691
0.128702
0.0248308
0.00503415
0.00107291
0.000240397
5.66234e-05
1.40172e-05
3.64579e-06
9.95824e-07
2.85472e-07
8.58432e-08
2.70557e-08
8.92974e-09
3.08353e-09
1.11298e-09
4.19504e-10
1.64943e-10
6.75671e-11
2.88027e-11
1.27626e-11
5.87125e-12
2.79737e-12
1.3944e-12
6.50214e-13
2.87254e-83
4.88456e-80
9.27449e-77
1.9675e-73
4.66348e-70
1.23505e-66
3.65448e-63
1.20823e-59
4.46336e-56
1.84226e-52
8.49622e-49
4.37823e-45
2.52096e-41
1.6219e-37
1.16595e-33
9.36522e-30
8.4054e-26
8.42938e-22
9.4457e-18
1.18269e-13
1.65464e-09
2.5866e-05
0.451872
8819.78
1.92347e+08
5.07894e+07
1.01151e+07
1.79262e+06
291490
43900.5
6338.92
927.903
141.549
22.5616
3.76469
0.658673
0.120952
0.0233304
0.00472912
0.00100775
0.00022577
5.31726e-05
1.31618e-05
3.42307e-06
9.34932e-07
2.68002e-07
8.05863e-08
2.53979e-08
8.38228e-09
2.89439e-09
1.04469e-09
3.93753e-10
1.54815e-10
6.3417e-11
2.70332e-11
1.19784e-11
5.51045e-12
2.62546e-12
1.3087e-12
6.10271e-13
3.91053e-83
6.46634e-80
1.20009e-76
2.48962e-73
5.77364e-70
1.4969e-66
4.33882e-63
1.40613e-59
5.09543e-56
2.06467e-52
9.35544e-49
4.74088e-45
2.68692e-41
1.70321e-37
1.20761e-33
9.57725e-30
8.49661e-26
8.43249e-22
9.36251e-18
1.16297e-13
1.6162e-09
2.51294e-05
0.437226
8510.77
1.85356e+08
4.80692e+07
9.52946e+06
1.68513e+06
273597
41156.1
5936.86
868.375
132.386
21.0905
3.51781
0.615276
0.112953
0.0217828
0.00441465
0.000940604
0.000210703
4.96194e-05
1.22814e-05
3.19389e-06
8.72294e-07
2.50037e-07
7.51815e-08
2.36938e-08
7.81968e-09
2.70007e-09
9.74531e-10
3.67304e-10
1.44414e-10
5.91554e-11
2.52163e-11
1.11732e-11
5.13998e-12
2.44894e-12
1.2207e-12
5.69253e-13
1.7923e-81
2.43818e-78
4.43109e-75
8.98039e-72
2.02905e-68
5.11004e-65
1.43403e-61
4.48324e-58
1.5609e-54
6.04947e-51
2.60863e-47
1.25086e-43
6.66476e-40
3.94208e-36
2.5854e-32
1.87716e-28
1.50581e-24
1.33071e-20
1.29023e-16
1.36406e-12
1.55683e-08
0.000188448
2.33321
26835.7
1.77587e+08
4.52096e+07
8.92004e+06
1.57382e+06
255126
38330.2
5523.74
807.312
123
19.5853
3.26544
0.570952
0.104789
0.0202043
0.00409407
0.000872185
0.000195357
4.60017e-05
1.13852e-05
2.9607e-06
8.08576e-07
2.31766e-07
6.96864e-08
2.19616e-08
7.24793e-09
2.50263e-09
9.03263e-10
3.40441e-10
1.33851e-10
5.48286e-11
2.33718e-11
1.03559e-11
4.76397e-12
2.26978e-12
1.13138e-12
5.27619e-13
5.81059e-79
1.71766e-76
3.24913e-73
6.88577e-70
1.63042e-66
4.31338e-63
1.27495e-59
4.2106e-56
1.55374e-52
6.40594e-49
2.95097e-45
1.51894e-41
8.73584e-38
5.61374e-34
4.03082e-30
3.23381e-26
2.8989e-22
2.90365e-18
3.24977e-14
4.06402e-10
5.67874e-06
0.0886626
1546.99
3.01568e+07
1.69051e+08
4.2234e+07
8.29248e+06
1.45974e+06
236260
35451.7
5103.81
745.349
113.489
18.0619
3.01027
0.526172
0.0965471
0.0186116
0.00377078
0.000803223
0.000179895
4.23583e-05
1.0483e-05
2.726e-06
7.44464e-07
2.13387e-07
6.41599e-08
2.022e-08
6.67316e-09
2.30418e-09
8.31646e-10
3.13451e-10
1.23241e-10
5.04829e-11
2.15195e-11
9.53521e-12
4.38648e-12
2.08994e-12
1.04174e-12
4.85831e-13
7.75416e-76
1.26802e-75
9.51382e-73
2.01794e-69
4.78212e-66
1.26622e-62
3.74586e-59
1.23815e-55
4.57275e-52
1.88692e-48
8.69974e-45
4.48181e-41
2.57983e-37
1.65925e-33
1.19241e-29
9.57464e-26
8.59045e-22
8.61197e-18
9.64689e-14
1.20745e-09
1.68866e-05
0.263881
4608.22
8.99109e+07
1.59781e+08
3.91694e+07
7.65297e+06
1.34406e+06
217194
32550.1
4681.44
683.135
103.952
16.5363
2.75497
0.481409
0.088314
0.0170216
0.00344822
0.000734447
0.000164482
3.87275e-05
9.58427e-06
2.49227e-06
6.80635e-07
1.95093e-07
5.86604e-08
1.84872e-08
6.10141e-09
2.10681e-09
7.60428e-10
2.86616e-10
1.12693e-10
4.61633e-11
1.96787e-11
8.71976e-12
4.01143e-12
1.91129e-12
9.52702e-13
4.44329e-13
1.25158e-72
1.2389e-72
1.4908e-72
3.16116e-69
7.49261e-66
1.98424e-62
5.87099e-59
1.94091e-55
7.16942e-52
2.95891e-48
1.36445e-44
7.03039e-41
4.04753e-37
2.60366e-33
1.87143e-29
1.50295e-25
1.34869e-21
1.35229e-17
1.51506e-13
1.89664e-09
2.65297e-05
0.414642
7242.22
1.41327e+08
1.49834e+08
3.6046e+07
7.00807e+06
1.22798e+06
198126
29656
4261.05
621.323
94.4913
15.0245
2.50225
0.437132
0.0801759
0.0154509
0.00312972
0.000666568
0.000149275
3.51468e-05
8.69819e-06
2.26191e-06
6.17743e-07
1.77073e-07
5.32444e-08
1.6781e-08
5.53857e-09
1.91255e-09
6.90341e-10
2.6021e-10
1.02315e-10
4.19137e-11
1.78678e-11
7.91766e-12
3.64257e-12
1.7356e-12
8.65154e-13
4.03524e-13
2.02014e-69
1.99814e-69
3.026e-72
4.0937e-69
9.70339e-66
2.56991e-62
7.60445e-59
2.51417e-55
9.28765e-52
3.83343e-48
1.76786e-44
9.10963e-41
5.24499e-37
3.37421e-33
2.42546e-29
1.94804e-25
1.74822e-21
1.75304e-17
1.96419e-13
2.45906e-09
3.43994e-05
0.537681
9391.97
1.83292e+08
1.39299e+08
3.28969e+07
6.36467e+06
1.11273e+06
179257
26799.8
3847.07
560.555
85.2033
13.5421
2.25467
0.393794
0.0722158
0.0139154
0.00281852
0.000600271
0.000134428
3.16518e-05
7.83356e-06
2.03718e-06
5.56405e-07
1.59502e-07
4.79647e-08
1.51182e-08
4.99014e-09
1.7233e-09
6.22074e-10
2.34494e-10
9.22088e-11
3.77759e-11
1.61048e-11
7.13677e-12
3.28348e-12
1.56458e-12
7.79931e-13
3.63803e-13
3.2817e-66
3.24554e-66
1.78299e-69
4.99114e-69
1.13889e-65
3.01637e-62
8.92588e-59
2.95117e-55
1.09024e-51
4.50005e-48
2.07536e-44
1.06945e-40
6.15774e-37
3.96155e-33
2.84775e-29
2.28729e-25
2.05275e-21
2.05848e-17
2.3065e-13
2.88773e-09
4.03974e-05
0.631456
11030.4
2.15275e+08
1.28226e+08
2.97382e+07
5.72599e+06
998878
160678
23994.6
3441.3
501.094
76.1274
12.0952
2.01326
0.351567
0.0644651
0.0124212
0.00251582
0.000535811
0.000119997
2.82555e-05
6.99353e-06
1.81888e-06
4.96832e-07
1.4244e-07
4.28387e-08
1.35041e-08
4.45788e-09
1.53966e-09
5.55845e-10
2.0955e-10
8.24084e-11
3.37639e-11
1.43955e-11
6.3798e-12
2.93541e-12
1.39881e-12
6.97331e-13
3.25303e-13
5.58113e-63
5.51888e-63
3.02755e-66
3.22593e-67
1.28904e-65
3.32625e-62
9.84259e-59
3.2542e-55
1.20216e-51
4.96195e-48
2.28834e-44
1.17919e-40
6.78944e-37
4.36787e-33
3.13978e-29
2.5218e-25
2.26318e-21
2.26945e-17
2.54285e-13
3.18358e-09
4.45354e-05
0.696125
12159.8
2.37313e+08
1.1642e+08
2.65183e+07
5.08159e+06
884544
142081
21193.7
3036.99
441.942
67.1102
10.6591
1.77386
0.309725
0.0567899
0.0109423
0.00221638
0.00047207
0.000105732
2.48992e-05
6.16354e-06
1.60323e-06
4.37985e-07
1.25587e-07
3.77758e-08
1.19099e-08
3.93224e-09
1.35833e-09
4.90456e-10
1.84927e-10
7.27354e-11
2.98048e-11
1.27091e-11
5.63309e-12
2.59212e-12
1.23534e-12
6.1589e-13
2.87346e-13
1.06092e-59
1.04895e-59
5.75339e-63
6.02678e-64
6.42954e-64
3.54952e-62
1.03209e-58
3.41222e-55
1.26049e-51
5.20255e-48
2.39922e-44
1.23628e-40
7.11795e-37
4.57906e-33
3.29149e-29
2.64356e-25
2.37237e-21
2.37887e-17
2.66536e-13
3.33685e-09
4.6678e-05
0.729592
12744
2.48706e+08
1.03761e+08
2.32132e+07
4.42695e+06
768949
123340
18378.6
2631.47
382.709
58.0925
9.22443
1.53489
0.267984
0.0491376
0.00946856
0.00191811
0.000408602
9.15326e-05
2.15594e-05
5.33786e-06
1.38873e-06
3.79464e-07
1.08828e-07
3.27415e-08
1.03248e-08
3.40955e-09
1.178e-09
4.25429e-10
1.60439e-10
6.31159e-11
2.58678e-11
1.10323e-11
4.89071e-12
2.25087e-12
1.07288e-12
5.34964e-13
2.49633e-13
2.25249e-56
2.22676e-56
1.22116e-59
1.27855e-60
1.33605e-60
1.34077e-60
1.04684e-58
3.41268e-55
1.26027e-51
5.20137e-48
2.3986e-44
1.23592e-40
7.11563e-37
4.57742e-33
3.2902e-29
2.64244e-25
2.37129e-21
2.37771e-17
2.66397e-13
3.33501e-09
4.66507e-05
0.729141
12735.7
2.48536e+08
9.04439e+07
1.98801e+07
3.77357e+06
654126
104785
15598.6
2231.85
324.436
49.2324
7.81629
1.30052
0.227072
0.0416405
0.00802525
0.00162608
0.000346479
7.76375e-05
1.82919e-05
4.53023e-06
1.17897e-06
3.22243e-07
9.24448e-08
2.78203e-08
8.77528e-09
2.89863e-09
1.00173e-09
3.6186e-10
1.36498e-10
5.37101e-11
2.20178e-11
9.39243e-12
4.16462e-12
1.9171e-12
9.13968e-13
4.55812e-13
2.12748e-13
5.34318e-53
5.28145e-53
2.89588e-56
3.03047e-57
3.16668e-57
3.09497e-57
3.55512e-57
5.53103e-55
1.25068e-51
4.95872e-48
2.28647e-44
1.17805e-40
6.78193e-37
4.36246e-33
3.1355e-29
2.51805e-25
2.25955e-21
2.26556e-17
2.53821e-13
3.17745e-09
4.4445e-05
0.694643
12132.7
2.36762e+08
7.67634e+07
1.65904e+07
3.13514e+06
542447
86795.1
12910
1846.15
268.283
40.7056
6.46248
1.07536
0.187792
0.0344454
0.00664044
0.00134593
0.000286889
6.43098e-05
1.5158e-05
3.75565e-06
9.77804e-07
2.67373e-07
7.67356e-08
2.31021e-08
7.28987e-09
2.40886e-09
8.3277e-10
3.00925e-10
1.13549e-10
4.46931e-11
1.83266e-11
7.81994e-12
3.46827e-12
1.59694e-12
7.61517e-13
3.79866e-13
1.7735e-13
1.41584e-49
1.3993e-49
7.67127e-53
8.02385e-54
8.38431e-54
8.19364e-54
8.97189e-54
5.68362e-52
1.31315e-49
5.44198e-48
2.37717e-44
1.20231e-40
6.80222e-37
4.30507e-33
3.04819e-29
2.41463e-25
2.14017e-21
2.12252e-17
2.35554e-13
2.92535e-09
4.06564e-05
0.632349
11008.7
2.14473e+08
6.31143e+07
1.34279e+07
2.52724e+06
436566
69788.6
10374.1
1483.02
215.49
32.6981
5.19226
0.864259
0.150982
0.0277053
0.0053435
0.00108358
0.000231086
5.18281e-05
1.22226e-05
3.03003e-06
7.89322e-07
2.15954e-07
6.20128e-08
1.86797e-08
5.89753e-09
1.94978e-09
6.74389e-10
2.43807e-10
9.20369e-11
3.62411e-11
1.48666e-11
6.34589e-12
2.81547e-12
1.29678e-12
6.18567e-13
3.08644e-13
1.44146e-13
4.19248e-46
4.14293e-46
2.27088e-49
2.37408e-50
2.48069e-50
2.42407e-50
2.60424e-50
1.57671e-48
3.84658e-46
8.52946e-46
1.31159e-42
6.24246e-39
3.29871e-35
1.93209e-31
1.25225e-27
8.96089e-24
7.05774e-20
6.09065e-16
5.71915e-12
5.77685e-08
0.000614655
6.58417
62212.6
1.83985e+08
4.99726e+07
1.04835e+07
1.96618e+06
339222
54192.9
8053.13
1151.14
167.295
25.3939
4.03434
0.671908
0.117454
0.0215676
0.00416266
0.000844727
0.000180277
4.04618e-05
9.54897e-06
2.36891e-06
6.17538e-07
1.69074e-07
4.85846e-08
1.46449e-08
4.62677e-09
1.53066e-09
5.29763e-10
1.91639e-10
7.23866e-11
2.85195e-11
1.17054e-11
4.99903e-12
2.21897e-12
1.02249e-12
4.87935e-13
2.43556e-13
1.13797e-13
1.38711e-42
1.37053e-42
7.51114e-46
7.8486e-47
8.20088e-47
8.01311e-47
8.45351e-47
4.86896e-45
1.27107e-42
1.87971e-42
3.31515e-40
1.69852e-36
9.77579e-33
6.28678e-29
4.51753e-25
3.62706e-21
3.25391e-17
3.26175e-13
3.65338e-09
4.57229e-05
0.639392
9990.64
1.74453e+08
1.48691e+08
3.78538e+07
7.84657e+06
1.46757e+06
252998
40408
6004.75
858.562
124.835
18.9615
3.01483
0.502565
0.0879367
0.0161636
0.00312286
0.000634371
0.000135522
3.04472e-05
7.19253e-06
1.78602e-06
4.66019e-07
1.27705e-07
3.67291e-08
1.10808e-08
3.50366e-09
1.16004e-09
4.01808e-10
1.45463e-10
5.49854e-11
2.16791e-11
8.90394e-12
3.8051e-12
1.69006e-12
7.79235e-13
3.72062e-13
1.85814e-13
8.6868e-14
5.12629e-39
5.06433e-39
2.77503e-42
2.89828e-43
3.02831e-43
2.95877e-43
3.06787e-43
1.67114e-41
4.69237e-39
6.67594e-39
7.04161e-39
2.62065e-36
1.41581e-32
9.02923e-29
6.47164e-25
5.18428e-21
4.64179e-17
4.64519e-13
5.19573e-09
6.49552e-05
0.907617
14174.7
2.47463e+08
1.12511e+08
2.7232e+07
5.59118e+06
1.04381e+06
179908
28741
4272.9
611.346
88.9672
13.5275
2.15333
0.359407
0.062971
0.0115906
0.00224245
0.000456161
9.75851e-05
2.19537e-05
5.19296e-06
1.29114e-06
3.37307e-07
9.25429e-08
2.66465e-08
8.04773e-09
2.54731e-09
8.44251e-10
2.9271e-10
1.06066e-10
4.01291e-11
1.58353e-11
6.50921e-12
2.78392e-12
1.23744e-12
5.70964e-13
2.72808e-13
1.36335e-13
6.37823e-14
2.11746e-35
2.09159e-35
1.14591e-38
1.19622e-39
1.24986e-39
1.22108e-39
1.24559e-39
6.3739e-38
1.93617e-35
2.7548e-35
2.69632e-35
6.6695e-34
5.05705e-31
1.0726e-27
6.89547e-24
4.90277e-20
3.83197e-16
3.27349e-12
3.03071e-08
0.000299735
3.07895
30726.7
2.33038e+08
7.9183e+07
1.84594e+07
3.76401e+06
702134
121078
19358.5
2880.83
412.653
60.1321
9.15652
1.45985
0.244065
0.0428358
0.00789835
0.00153083
0.000311961
6.68553e-05
1.50668e-05
3.57002e-06
8.89102e-07
2.3265e-07
6.39283e-08
1.84347e-08
5.57552e-09
1.76719e-09
5.86453e-10
2.03579e-10
7.38552e-11
2.79736e-11
1.10504e-11
4.54691e-12
1.94654e-12
8.66023e-13
3.99938e-13
1.91251e-13
9.56527e-14
4.47877e-14
9.7734e-32
9.65268e-32
5.28752e-35
5.51691e-36
5.7642e-36
5.63115e-36
5.65682e-36
2.69823e-34
8.9271e-32
1.27026e-31
1.23753e-31
2.67066e-30
1.56313e-27
5.22304e-25
3.64614e-21
2.91672e-17
2.61553e-13
2.6208e-09
2.93434e-05
0.367101
5131.62
8.01525e+07
1.78056e+08
5.14879e+07
1.16944e+07
2.37459e+06
443096
76505.5
12250.4
1825.96
262.008
38.252
5.83634
0.932423
0.156218
0.0274769
0.00507745
0.000986259
0.000201427
4.32614e-05
9.77061e-06
2.32002e-06
5.78994e-07
1.5181e-07
4.17966e-08
1.20754e-08
3.65878e-09
1.16168e-09
3.86149e-10
1.34257e-10
4.87793e-11
1.8502e-11
7.31863e-12
3.01524e-12
1.29238e-12
5.75639e-13
2.66122e-13
1.27389e-13
6.37738e-14
2.98912e-14
5.04079e-28
4.97785e-28
2.72631e-31
2.84318e-32
2.97057e-32
2.90185e-32
2.87378e-32
1.26616e-30
4.59939e-28
6.54513e-28
6.35082e-28
1.23633e-26
7.63641e-24
7.73339e-23
7.30896e-20
9.84708e-17
8.41898e-13
8.26002e-09
9.16606e-05
1.14267
15955.5
2.49214e+08
1.16602e+08
3.0735e+07
6.8676e+06
1.39216e+06
260150
45011.1
7223.38
1079.13
155.217
22.7178
3.47513
0.556649
0.0935074
0.0164906
0.0030554
0.000595063
0.000121852
2.6239e-05
5.94134e-06
1.41434e-06
3.53844e-07
9.30017e-08
2.56657e-08
7.43202e-09
2.25685e-09
7.18085e-10
2.39184e-10
8.3323e-11
3.033e-11
1.15246e-11
4.56638e-12
1.88434e-12
8.08884e-13
3.608e-13
1.67026e-13
8.00548e-14
4.01254e-14
1.88303e-14
2.90429e-24
2.86764e-24
1.57032e-27
1.63683e-28
1.71013e-28
1.67049e-28
1.63271e-28
6.5733e-27
2.64716e-24
3.76732e-24
3.64227e-24
6.35346e-23
4.38891e-20
3.86612e-19
3.50124e-16
2.67306e-14
1.03802e-10
4.49223e-07
0.00216109
10.9256
51825.3
2.02412e+08
6.68664e+07
1.67411e+07
3.70848e+06
752145
140900
24448.3
3935.01
589.627
85.07
12.4906
1.91683
0.308033
0.0519117
0.00918439
0.00170712
0.000333524
6.85085e-05
1.47975e-05
3.36071e-06
8.02383e-07
2.01323e-07
5.30637e-08
1.46843e-08
4.26351e-09
1.29804e-09
4.14048e-10
1.38247e-10
4.82726e-11
1.76108e-11
6.70598e-12
2.66253e-12
1.10085e-12
4.73434e-13
2.11546e-13
9.80944e-14
4.70904e-14
2.3638e-14
1.11099e-14
1.86962e-20
1.84578e-20
1.01058e-23
1.05287e-24
1.1e-24
1.07445e-24
1.03763e-24
3.76765e-23
1.70228e-20
2.42282e-20
2.33484e-20
3.5961e-19
2.81893e-16
2.17315e-15
2.23033e-12
9.75063e-11
3.79391e-07
0.00164827
8.28418
46429.6
2.49972e+08
1.18157e+08
3.39169e+07
8.27311e+06
1.82719e+06
371424
69813.9
12157.3
1963.84
295.342
42.7712
6.30409
0.971192
0.156675
0.0265055
0.00470733
0.000878253
0.000172221
3.5504e-05
7.69599e-06
1.75395e-06
4.20187e-07
1.05778e-07
2.79705e-08
7.76463e-09
2.26131e-09
6.90503e-10
2.20888e-10
7.39572e-11
2.58931e-11
9.47063e-12
3.61523e-12
1.43879e-12
5.96234e-13
2.56974e-13
1.15062e-13
5.34599e-14
2.57115e-14
1.29294e-14
6.08792e-15
1.34466e-16
1.32733e-16
7.26608e-20
7.56635e-21
7.9049e-21
7.72104e-21
7.37639e-21
2.37667e-19
1.223e-16
1.74081e-16
1.67285e-16
2.23224e-15
2.02316e-12
1.33851e-11
1.59381e-08
3.96767e-07
0.00154459
6.529
32867.6
2.0516e+08
1.68972e+08
5.6541e+07
1.52842e+07
3.68828e+06
815288
166318
31390.4
5489.3
890.483
134.491
19.5621
2.89616
0.448182
0.0726267
0.0123415
0.00220151
0.000412523
8.12388e-05
1.68177e-05
3.66035e-06
8.37536e-07
2.01424e-07
5.08978e-08
1.35081e-08
3.76321e-09
1.09975e-09
3.36935e-10
1.08131e-10
3.6317e-11
1.27531e-11
4.67805e-12
1.79072e-12
7.14574e-13
2.96877e-13
1.28266e-13
5.75667e-14
2.68063e-14
1.29199e-14
6.51025e-15
3.0718e-15
1.08091e-12
1.06683e-12
5.83912e-16
6.07742e-17
6.34922e-17
6.20133e-17
5.86823e-17
1.64321e-15
9.82064e-13
1.39798e-12
1.34015e-12
1.51055e-11
1.62319e-08
8.96845e-08
0.000127599
0.00180374
7.17368
28867.1
1.32304e+08
2.00633e+08
7.73916e+07
2.3189e+07
6.12538e+06
1.47512e+06
327134
67033.7
12711.3
2233.4
364.032
55.2446
8.07497
1.20151
0.186877
0.0304364
0.00519816
0.00093188
0.000175475
3.47232e-05
7.22218e-06
1.57915e-06
3.62955e-07
8.7671e-08
2.22478e-08
5.92883e-09
1.6583e-09
4.86487e-10
1.49603e-10
4.81845e-11
1.62394e-11
5.72168e-12
2.10554e-12
8.08468e-13
3.23567e-13
1.3481e-13
5.84026e-14
2.62793e-14
1.22675e-14
5.92652e-15
2.99307e-15
1.41552e-15
9.70691e-09
9.57923e-09
5.24217e-12
5.45341e-13
5.6972e-13
5.56431e-13
5.22211e-13
1.23603e-11
8.80988e-09
1.25421e-08
1.19988e-08
1.10233e-07
0.000145512
0.000645339
1.14277
9.00876
38523.2
1.53007e+08
2.06512e+08
8.73391e+07
2.87338e+07
8.30083e+06
2.17992e+06
526294
117257
24150.1
4603.17
812.976
133.2
20.3205
2.98621
0.446784
0.0698778
0.0114444
0.00196543
0.000354284
6.70749e-05
1.33437e-05
2.78994e-06
6.13151e-07
1.41632e-07
3.43772e-08
8.76489e-09
2.34647e-09
6.59219e-10
1.94221e-10
5.99735e-11
1.93933e-11
6.56114e-12
2.32023e-12
8.56854e-13
3.30125e-13
1.32553e-13
5.5398e-14
2.4071e-14
1.08619e-14
5.08419e-15
2.46254e-15
1.24673e-15
5.9111e-16
9.73975e-05
9.61035e-05
5.25834e-08
5.46753e-09
5.71184e-09
5.57845e-09
5.19916e-09
1.00019e-07
8.83028e-05
0.000125722
0.000120081
0.000851663
1.45773
4.87504
11444
47261
2.33148e+08
1.85853e+08
8.13042e+07
2.89328e+07
9.11004e+06
2.60909e+06
686423
166506
37298.7
7724.53
1480.5
262.925
43.3187
6.64588
0.982316
0.147843
0.023262
0.00383277
0.000662187
0.000120077
2.28678e-05
4.57572e-06
9.62163e-07
2.12639e-07
4.93855e-08
1.20508e-08
3.08839e-09
8.30952e-10
2.34585e-10
6.94392e-11
2.15396e-11
6.99565e-12
2.37674e-12
8.43895e-13
3.12859e-13
1.20985e-13
4.87515e-14
2.04442e-14
8.91209e-15
4.03401e-15
1.89379e-15
9.19837e-16
4.66945e-16
2.21996e-16
1.09209
1.07744
0.000589428
6.12575e-05
6.39935e-05
6.24972e-05
5.79228e-05
0.000852808
0.989061
1.4083
1.34348
6.70389
16321.9
36771
1.2813e+08
2.3829e+08
1.3931e+08
6.16814e+07
2.34979e+07
8.03618e+06
2.50891e+06
719821
190312
46429.8
10461.9
2179.38
420.15
75.053
12.4387
1.91978
0.28551
0.0432428
0.00684752
0.0011355
0.000197442
3.6032e-05
6.90547e-06
1.39037e-06
2.94157e-07
6.54004e-08
1.52788e-08
3.74967e-09
9.66352e-10
2.61418e-10
7.419e-11
2.20731e-11
6.88073e-12
2.24538e-12
7.66353e-13
2.73305e-13
1.01752e-13
3.9508e-14
1.59817e-14
6.72688e-15
2.94279e-15
1.33654e-15
6.29464e-16
3.06671e-16
1.56133e-16
7.44476e-17
13681.6
13496.1
7.38206
0.766816
0.80105
0.7823
0.721985
7.32363
12377.6
17625.7
16800.8
48416.8
2.04223e+08
2.37055e+08
1.56305e+08
8.20997e+07
3.7351e+07
1.5226e+07
5.64988e+06
1.9225e+06
601890
173625
46187.3
11338.8
2570.84
538.848
104.52
18.7862
3.13291
0.486597
0.0728395
0.0111061
0.00177061
0.000295621
5.1754e-05
9.50899e-06
1.83465e-06
3.71854e-07
7.91871e-08
1.7719e-08
4.16556e-09
1.02859e-09
2.66675e-10
7.25622e-11
2.07098e-11
6.19544e-12
1.94153e-12
6.3683e-13
2.18427e-13
7.82688e-14
2.92729e-14
1.14159e-14
4.63737e-15
1.95977e-15
8.60628e-16
3.92306e-16
1.85408e-16
9.06291e-17
4.62877e-17
2.21408e-17
1.91525e+08
1.88904e+08
103309
10726
11204.6
10942.1
10069.9
55563.3
1.73087e+08
2.46497e+08
2.34867e+08
1.80903e+08
1.19759e+08
7.01563e+07
3.69847e+07
1.77312e+07
7.7807e+06
3.13669e+06
1.16391e+06
397862
125338
36397.7
9747.38
2408.77
549.7
115.963
22.6388
4.09553
0.687503
0.107499
0.016203
0.00248809
0.000399525
6.71881e-05
1.18478e-05
2.19256e-06
4.26057e-07
8.69649e-08
1.86483e-08
4.20132e-09
9.94312e-10
2.47132e-10
6.4482e-11
1.76548e-11
5.06931e-12
1.52542e-12
4.80757e-13
1.58557e-13
5.46722e-14
1.96908e-14
7.40065e-15
2.89975e-15
1.18327e-15
5.0222e-16
2.21462e-16
1.0135e-16
4.80797e-17
2.3586e-17
1.20876e-17
5.80149e-18
3.7262e+07
9.98998e+07
1.43105e+08
1.66985e+08
1.75119e+08
1.71012e+08
1.57155e+08
1.3585e+08
1.10013e+08
8.30768e+07
5.829e+07
3.79076e+07
2.28162e+07
1.26994e+07
6.53302e+06
3.10477e+06
1.36237e+06
551644
206008
70923.7
22506.1
6582.83
1775.36
441.776
101.509
21.5602
4.23792
0.771976
0.130499
0.020551
0.00312045
0.000482802
7.81213e-05
1.32391e-05
2.3526e-06
4.3872e-07
8.59017e-08
1.7666e-08
3.81632e-09
8.66054e-10
2.0643e-10
5.16659e-11
1.35727e-11
3.74082e-12
1.08106e-12
3.27345e-13
1.03794e-13
3.4433e-14
1.19403e-14
4.32395e-15
1.63369e-15
6.43358e-16
2.63803e-16
1.12488e-16
4.98246e-17
2.28987e-17
1.09071e-17
5.37127e-18
2.76292e-18
1.3309e-18
4.97166e+06
1.43591e+07
2.20619e+07
2.7122e+07
2.92101e+07
2.8569e+07
2.58163e+07
2.17359e+07
1.71112e+07
1.26043e+07
8.67997e+06
5.57888e+06
3.33991e+06
1.85858e+06
959449
458641
202697
82714.9
31135.6
10804.2
3455.12
1018.28
276.677
69.3542
16.0522
3.43436
0.680026
0.124795
0.0212557
0.00337325
0.00051628
8.05338e-05
1.3139e-05
2.2452e-06
4.02293e-07
7.56418e-08
1.49322e-08
3.09571e-09
6.74085e-10
1.5417e-10
3.70295e-11
9.33732e-12
2.47087e-12
6.85856e-13
1.99578e-13
6.08385e-14
1.94162e-14
6.4818e-15
2.26136e-15
8.23716e-16
3.12978e-16
1.23923e-16
5.10786e-17
2.18894e-17
9.74196e-18
4.49778e-18
2.15176e-18
1.06406e-18
5.49528e-19
2.6574e-19
546732
1.59827e+06
2.48984e+06
3.10233e+06
3.37996e+06
3.33595e+06
3.03531e+06
2.5693e+06
2.03213e+06
1.50399e+06
1.04121e+06
673310
405897
227607
118461
57109
25457.2
10477.8
3977.62
1391.79
448.744
133.321
36.5133
9.22516
2.15206
0.464088
0.0926302
0.0171377
0.00294327
0.000471075
7.27322e-05
1.14475e-05
1.88465e-06
3.2499e-07
5.87618e-08
1.11487e-08
2.22052e-09
4.64416e-10
1.02003e-10
2.35278e-11
5.69809e-12
1.44851e-12
3.86349e-13
1.08069e-13
3.1683e-14
9.72833e-15
3.1266e-15
1.05088e-15
3.6904e-16
1.35278e-16
5.17138e-17
2.05962e-17
8.5372e-18
3.67835e-18
1.64554e-18
7.63496e-19
3.66989e-19
1.82296e-19
9.4554e-20
4.59164e-20
50102.3
147037
230565
289668
318459
317200
291195
248616
198293
147982
103309
67377.3
40972.3
23179.7
12173
5921.81
2663.72
1106.26
423.726
149.579
48.6512
14.5801
4.02779
1.02647
0.241548
0.0525494
0.0105828
0.00197589
0.000342525
5.53494e-05
8.63051e-06
1.37215e-06
2.28212e-07
3.97557e-08
7.2615e-09
1.39161e-09
2.79932e-10
5.91211e-11
1.31101e-11
3.05243e-12
7.46058e-13
1.91358e-13
5.1485e-14
1.45236e-14
4.29298e-15
1.32869e-15
4.30324e-16
1.45714e-16
5.15392e-17
1.90236e-17
7.32085e-18
2.9344e-18
1.22381e-18
5.30405e-19
2.38623e-19
1.11315e-19
5.3782e-20
2.68468e-20
1.39909e-20
6.8251e-21
3764.34
11076.4
17457.9
22087.6
24482.1
24598
22781.4
19621.6
15786.6
11883.9
8369.17
5506.85
3379.04
1929.26
1022.64
502.192
228.047
95.6154
36.9742
13.1774
4.32715
1.30928
0.365197
0.0939803
0.0223351
0.00490824
0.000998691
0.000188441
3.30228e-05
5.39607e-06
8.51117e-07
1.36911e-07
2.304e-08
4.06106e-09
7.5045e-10
1.45481e-10
2.95976e-11
6.32077e-12
1.41695e-12
3.33429e-13
8.23422e-14
2.13337e-14
5.79622e-15
1.65065e-15
4.92412e-16
1.53762e-16
5.02282e-17
1.71494e-17
6.11433e-18
2.27425e-18
8.81685e-19
3.55918e-19
1.49451e-19
6.51965e-20
2.95147e-20
1.38506e-20
6.73022e-21
3.37785e-21
1.76956e-21
8.67551e-22
225.712
665.632
1053.86
1341.83
1498.61
1518.21
1418.17
1232.09
999.929
759.351
539.537
358.242
221.869
127.888
68.454
33.9527
15.5754
6.59824
2.57838
0.928728
0.308273
0.0943007
0.0265979
0.00692302
0.00166459
0.000370204
7.62594e-05
1.4573e-05
2.58741e-06
4.28533e-07
6.85362e-08
1.11811e-08
1.90828e-09
3.41095e-10
6.39087e-11
1.25588e-11
2.58931e-12
5.60209e-13
1.27188e-13
3.0301e-14
7.57328e-15
1.98508e-15
5.4544e-16
1.57031e-16
4.73398e-17
1.49332e-17
4.92606e-18
1.69781e-18
6.10833e-19
2.29187e-19
8.95972e-20
3.64595e-20
1.54274e-20
6.77965e-21
3.09081e-21
1.46022e-21
7.14102e-22
3.60592e-22
1.90017e-22
9.3678e-23
10.3758
30.6594
48.7393
62.421
70.2138
71.6992
67.5388
59.1849
48.4567
37.1293
26.6246
17.8463
11.1616
6.49941
3.51578
1.76295
0.817912
0.350548
0.138634
0.0505553
0.0169952
0.00526724
0.00150583
0.000397447
9.69515e-05
2.18866e-05
4.5788e-06
8.89131e-07
1.605e-07
2.70408e-08
4.40124e-09
7.30859e-10
1.26954e-10
2.30906e-11
4.40085e-12
8.79378e-13
1.84279e-13
4.05049e-14
9.33815e-15
2.25795e-15
5.72492e-16
1.52151e-16
4.23681e-17
1.23555e-17
3.77114e-18
1.20383e-18
4.01674e-19
1.39967e-19
5.08895e-20
1.92875e-20
7.6133e-21
3.12682e-21
1.33482e-21
5.91569e-22
2.71877e-22
1.29437e-22
6.37657e-23
3.24241e-23
1.72014e-23
8.53386e-24
0.34259
1.01415
1.61824
2.0839
2.36015
2.42891
2.30727
2.03977
1.68536
1.30369
0.944113
0.639404
0.404264
0.23811
0.130364
0.0662038
0.031127
0.0135285
0.00542919
0.00201043
0.000686775
0.00021645
6.29749e-05
1.69291e-05
4.20948e-06
9.69456e-07
2.07079e-07
4.10892e-08
7.58474e-09
1.30766e-09
2.1791e-10
3.70493e-11
6.58712e-12
1.22565e-12
2.38828e-13
4.87577e-14
1.04315e-14
2.33916e-15
5.49755e-16
1.35411e-16
3.49475e-17
9.44748e-18
2.67406e-18
7.92106e-19
2.45414e-19
7.94722e-20
2.68829e-20
9.49122e-21
3.49433e-21
1.34032e-21
5.35142e-22
2.22195e-22
9.58455e-23
4.29005e-23
1.99036e-23
9.56145e-24
4.75086e-24
2.43544e-24
1.30219e-24
6.50748e-25
0.00725529
0.0215145
0.0344547
0.0446098
0.0508737
0.0527808
0.0505891
0.0451591
0.0377001
0.0294846
0.0216044
0.0148167
0.00949529
0.00567464
0.00315589
0.00162991
0.000780323
0.000345782
0.00014167
5.36315e-05
1.87561e-05
6.06051e-06
1.81041e-06
5.0042e-07
1.28129e-07
3.04276e-08
6.71068e-09
1.37648e-09
2.62933e-10
4.69517e-11
8.10741e-12
1.42782e-12
2.62702e-13
5.05239e-14
1.01627e-14
2.13881e-15
4.71075e-16
1.086e-16
2.62059e-17
6.61903e-18
1.74962e-18
4.83869e-19
1.39955e-19
4.23205e-20
1.33716e-20
4.41168e-21
1.51907e-21
5.45459e-22
2.04074e-22
7.94837e-23
3.22003e-23
1.35563e-23
5.9251e-24
2.68549e-24
1.26084e-24
6.12581e-25
3.07666e-25
1.5933e-25
8.60315e-26
4.33863e-26
)
;

boundaryField
{
    highVoltage
    {
        type            fixedValue;
        value           uniform 0;
    }
    topBotBoundaries
    {
        type            zeroGradient;
    }
    inletBoundary
    {
        type            fixedValue;
        value           uniform 0;
    }
    frontBack
    {
        type            empty;
    }
    region0_to_dielectric
    {
        type            zeroGradient;
    }
}


// ************************************************************************* //
