0
.05e-5
.10e-5
.1e-5
.15e-5
.20e-5
.2e-5
.25e-5
.30e-5
.3e-5
.35e-5
.40e-5
.4e-5
.45e-5
.50e-5
.5e-5
.55e-5
.60e-5
.6e-5
.65e-5
.70e-5
.7e-5
.75e-5
.80e-5
.8e-5
.85e-5
.90e-5
.9e-5
.95e-5
1e-05
1.00001e-05
1.027653183e-05
1.055231348e-05
1.082629475e-05
1.110291434e-05
1.137726908e-05
1.165264819e-05
1.192834008e-05
1.220326482e-05
1.247948043e-05
1.275437242e-05
1.302960409e-05
1.330555731e-05
1.3580583e-05
1.385690199e-05
1.413190339e-05
1.440765919e-05
1.468340958e-05
1.495929967e-05
1.523544451e-05
1.551193991e-05
1.578806153e-05
1.606474004e-05
1.634129768e-05
1.661938392e-05
1.689674676e-05
1.717571308e-05
1.745553528e-05
1.773622256e-05
1.8017774e-05
1.830158658e-05
1.858759962e-05
1.860000323e-05
1.88631529e-05
1.912627528e-05
1.938915444e-05
1.965169875e-05
1.991496003e-05
2.017768805e-05
2.044098257e-05
2.07036019e-05
2.096677517e-05
2.122963162e-05
2.149251313e-05
2.175567835e-05
2.201872692e-05
2.22818838e-05
2.254479759e-05
2.280822835e-05
2.307169767e-05
2.333471965e-05
2.359849927e-05
2.386195202e-05
2.412568057e-05
2.439026145e-05
2.465462089e-05
2.491933477e-05
2.518495732e-05
2.545096567e-05
2.571790205e-05
2.598577075e-05
2.625509077e-05
2.652585345e-05
2.6798558e-05
2.707419198e-05
2.72004206e-05
2.745101862e-05
2.770127292e-05
2.795164668e-05
2.820206482e-05
2.845230565e-05
2.870304967e-05
2.895358802e-05
2.920400498e-05
2.945423958e-05
2.970509398e-05
2.995544583e-05
3.020609735e-05
3.045677162e-05
3.070712735e-05
3.095771683e-05
3.120859936e-05
3.145936425e-05
3.171050515e-05
3.196115188e-05
3.221268616e-05
3.246378918e-05
3.271538026e-05
3.296747794e-05
3.321966131e-05
3.347238907e-05
3.372611047e-05
3.398040231e-05
3.423527907e-05
3.44920383e-05
3.4749821e-05
3.50099067e-05
3.527270761e-05
3.553820846e-05
3.580010236e-05
3.603817519e-05
3.627633116e-05
3.651404555e-05
3.675214862e-05
3.698999165e-05
3.722814082e-05
3.746599353e-05
3.770402927e-05
3.794218971e-05
3.818002536e-05
3.841826832e-05
3.865627458e-05
3.889456085e-05
3.913279673e-05
3.937063705e-05
3.960892872e-05
3.984730382e-05
4.008579328e-05
4.032442476e-05
4.056282719e-05
4.080181685e-05
4.104101812e-05
4.128045125e-05
4.152013587e-05
4.17604816e-05
4.20011104e-05
4.224281656e-05
4.248521985e-05
4.272910881e-05
4.297410264e-05
4.322137262e-05
4.347092258e-05
4.3723143e-05
4.397957854e-05
4.424061093e-05
4.440018875e-05
4.462555173e-05
4.485130203e-05
4.507668395e-05
4.530233756e-05
4.552761075e-05
4.5753385e-05
4.597868422e-05
4.620432711e-05
4.642987786e-05
4.665570761e-05
4.68813089e-05
4.710682323e-05
4.733234253e-05
4.755793017e-05
4.778363345e-05
4.800948822e-05
4.823552533e-05
4.846139245e-05
4.868749433e-05
4.891347427e-05
4.913973263e-05
4.936666768e-05
4.959354075e-05
4.982074868e-05
5.004830677e-05
5.027660778e-05
5.050528634e-05
5.073511278e-05
5.096610068e-05
5.119864256e-05
5.143275279e-05
5.166882514e-05
5.190839186e-05
5.215109207e-05
5.239846286e-05
5.26512867e-05
5.291148998e-05
5.318062721e-05
5.34614037e-05
5.375654055e-05
5.406954161e-05
5.440546796e-05
5.476981062e-05
5.51704261e-05
5.561643208e-05
5.611903473e-05
5.669394778e-05
5.735809871e-05
5.8135331e-05
5.905302832e-05
6.014646178e-05
6.145910234e-05
6.304315429e-05
6.496230937e-05
6.729409221e-05
7.012954312e-05
7.357485082e-05
7.775120239e-05
8.279312977e-05
8.88438416e-05
9.604508389e-05
0.0001045307826
0.00011
0.0001143988409
0.0001257079275
0.0001384396584
0.000152487711
0.0001676458239
0.0001836108472
0.0001999720642
