/*--------------------------------*- C++ -*----------------------------------*\
  =========                 |
  \\      /  F ield         | OpenFOAM: The Open Source CFD Toolbox
   \\    /   O peration     | Website:  https://openfoam.org
    \\  /    A nd           | Version:  7
     \\/     M anipulation  |
\*---------------------------------------------------------------------------*/
FoamFile
{
    version     2.0;
    format      ascii;
    class       volVectorField;
    location    "0.3/solid";
    object      qSolid;
}
// * * * * * * * * * * * * * * * * * * * * * * * * * * * * * * * * * * * * * //

dimensions      [0 -1 0 1 0 0 0];

internalField   nonuniform List<vector> 
1600
(
(44.8928 -0.00115691 -0)
(44.8927 -0.000602821 -0)
(44.8928 -0.000592894 -0)
(44.8934 -0.000847218 -0)
(44.8926 -0.000186949 -0)
(44.8927 0.000108924 -0)
(44.8931 0.00013662 -0)
(44.8931 0.000240631 -0)
(44.8938 -0.000136864 -0)
(44.8935 -0.000201127 -0)
(44.8931 0.000196116 -0)
(44.8938 0.000103698 -0)
(44.8937 -0.000298738 -0)
(44.8931 -0.000232383 -0)
(44.8935 0.00016276 -0)
(44.8943 0.000252038 -0)
(44.8941 -5.54905e-05 -0)
(44.8932 -0.000325069 -0)
(44.8929 -0.000255285 -0)
(44.8936 2.38266e-05 -0)
(44.8943 0.000201538 -0)
(44.8943 0.000134466 -0)
(44.8935 -7.35332e-05 -0)
(44.8927 -0.000229299 -0)
(44.8925 -0.000223815 -0)
(44.8929 -8.51832e-05 -0)
(44.8935 7.76884e-05 -0)
(44.8937 0.000164568 -0)
(44.8933 0.000141484 -0)
(44.8925 4.28967e-05 -0)
(44.8918 -6.50784e-05 -0)
(44.8913 -0.000126757 -0)
(44.8914 -0.000120169 -0)
(44.8918 -5.75325e-05 -0)
(44.8924 2.81831e-05 -0)
(44.8928 0.000100301 -0)
(44.8929 0.000132599 -0)
(44.8927 0.000117499 -0)
(44.8923 6.78266e-05 -0)
(44.892 1.66233e-05 -0)
(44.8938 -0.00086019 -0)
(44.8933 -0.000757565 -0)
(44.8926 -0.000334855 -0)
(44.8938 -0.0010972 -0)
(44.8936 -0.00050065 -0)
(44.893 0.000163515 -0)
(44.8932 -0.000134547 -0)
(44.8929 -1.96012e-05 -0)
(44.8934 0.000178414 -0)
(44.8938 2.89527e-05 -0)
(44.8934 -0.000120857 -0)
(44.8933 -0.000295336 -0)
(44.8934 -0.000320348 -0)
(44.8936 -2.01932e-05 -0)
(44.8939 0.000210736 -0)
(44.894 -6.19369e-06 -0)
(44.8935 -0.000428857 -0)
(44.893 -0.000562745 -0)
(44.8933 -0.000291922 -0)
(44.8941 6.15354e-05 -0)
(44.8945 0.000148965 -0)
(44.894 -7.41474e-05 -0)
(44.8932 -0.000378782 -0)
(44.8926 -0.000512686 -0)
(44.8927 -0.000395712 -0)
(44.8932 -0.000132729 -0)
(44.8938 0.000101564 -0)
(44.8938 0.000187499 -0)
(44.8932 0.000115812 -0)
(44.8923 -3.56327e-05 -0)
(44.8916 -0.00016482 -0)
(44.8913 -0.000201611 -0)
(44.8915 -0.000131793 -0)
(44.892 1.00299e-05 -0)
(44.8925 0.000164675 -0)
(44.8929 0.000275341 -0)
(44.8929 0.000307825 -0)
(44.8926 0.000259555 -0)
(44.8922 0.000157335 -0)
(44.8919 4.73691e-05 -0)
(44.8935 0.000243365 -0)
(44.8932 -0.000344555 -0)
(44.8925 0.000647195 -0)
(44.8933 0.000333941 -0)
(44.8939 -0.000638633 -0)
(44.8931 -0.000452157 -0)
(44.8929 -0.00014833 -0)
(44.8935 -8.10191e-06 -0)
(44.8939 0.000223695 -0)
(44.8932 -9.15997e-05 -0)
(44.8928 -0.000547797 -0)
(44.8936 -0.000394603 -0)
(44.894 7.73503e-05 -0)
(44.8936 0.000170398 -0)
(44.8935 -0.000212613 -0)
(44.8936 -0.000613633 -0)
(44.8935 -0.000651112 -0)
(44.8934 -0.000373602 -0)
(44.8936 -0.000103863 -0)
(44.894 -8.58432e-05 -0)
(44.8942 -0.000303643 -0)
(44.8938 -0.000560916 -0)
(44.8931 -0.000668811 -0)
(44.8927 -0.000572226 -0)
(44.8929 -0.000352281 -0)
(44.8934 -0.000143046 -0)
(44.8938 -3.96376e-05 -0)
(44.8937 -5.50106e-05 -0)
(44.8931 -0.000134831 -0)
(44.8922 -0.000202777 -0)
(44.8916 -0.000202376 -0)
(44.8914 -0.000117282 -0)
(44.8916 3.03617e-05 -0)
(44.8921 0.000195318 -0)
(44.8926 0.000329237 -0)
(44.8929 0.000397727 -0)
(44.8928 0.000389485 -0)
(44.8925 0.000315797 -0)
(44.8921 0.000201729 -0)
(44.8918 7.03952e-05 -0)
(44.8932 -2.36327e-05 -0)
(44.8937 -9.78568e-05 -0)
(44.8933 9.74662e-05 -0)
(44.8925 0.000366141 -0)
(44.8928 -0.000209051 -0)
(44.8935 -0.000359783 -0)
(44.8937 0.000155896 -0)
(44.8932 0.000106561 -0)
(44.8933 -0.000342841 -0)
(44.8931 -0.000490843 -0)
(44.8931 -0.000240797 -0)
(44.8939 4.53445e-05 -0)
(44.894 3.13001e-05 -0)
(44.8933 -0.000276221 -0)
(44.8932 -0.000586212 -0)
(44.8936 -0.000647383 -0)
(44.8938 -0.000471671 -0)
(44.8936 -0.000269169 -0)
(44.8936 -0.000232893 -0)
(44.8939 -0.000391594 -0)
(44.894 -0.000621567 -0)
(44.8937 -0.000764991 -0)
(44.8931 -0.000742994 -0)
(44.8929 -0.000587876 -0)
(44.8931 -0.000397078 -0)
(44.8935 -0.000261646 -0)
(44.8938 -0.000218814 -0)
(44.8937 -0.000246224 -0)
(44.893 -0.000287101 -0)
(44.8923 -0.000284871 -0)
(44.8917 -0.000208988 -0)
(44.8915 -6.37201e-05 -0)
(44.8918 0.000118695 -0)
(44.8923 0.000293658 -0)
(44.8927 0.000420802 -0)
(44.8929 0.000475731 -0)
(44.8928 0.000454105 -0)
(44.8924 0.000368217 -0)
(44.892 0.000238499 -0)
(44.8917 8.43421e-05 -0)
(44.8933 -0.000102433 -0)
(44.8934 -0.000299972 -0)
(44.8929 -0.000530692 -0)
(44.893 -0.00027138 -0)
(44.8931 0.000231657 -0)
(44.8934 0.000192539 -0)
(44.8934 -9.81487e-05 -0)
(44.893 -0.000346288 -0)
(44.8933 -0.000382675 -0)
(44.8933 -0.000190989 -0)
(44.8933 2.46393e-06 -0)
(44.8939 -2.62302e-05 -0)
(44.8937 -0.000266121 -0)
(44.893 -0.000518193 -0)
(44.8931 -0.00060266 -0)
(44.8937 -0.000504294 -0)
(44.8939 -0.000356904 -0)
(44.8936 -0.000313576 -0)
(44.8934 -0.000426673 -0)
(44.8936 -0.000626923 -0)
(44.8938 -0.000792753 -0)
(44.8937 -0.00083845 -0)
(44.8933 -0.00075861 -0)
(44.893 -0.000613381 -0)
(44.8932 -0.000479977 -0)
(44.8936 -0.00040775 -0)
(44.8938 -0.000399395 -0)
(44.8936 -0.000419331 -0)
(44.893 -0.000417671 -0)
(44.8923 -0.000355736 -0)
(44.8918 -0.000222126 -0)
(44.8917 -3.45989e-05 -0)
(44.892 0.000169809 -0)
(44.8924 0.000349598 -0)
(44.8928 0.000471728 -0)
(44.8929 0.000518845 -0)
(44.8927 0.000490145 -0)
(44.8923 0.000397278 -0)
(44.8919 0.000258064 -0)
(44.8915 9.13354e-05 -0)
(44.8931 -6.84668e-05 -0)
(44.8932 -0.000440243 -0)
(44.8933 -0.000254821 -0)
(44.8933 -6.0303e-05 -0)
(44.8932 7.0586e-05 -0)
(44.8932 -6.31548e-05 -0)
(44.8931 -0.000270877 -0)
(44.893 -0.000296867 -0)
(44.8935 -0.000154503 -0)
(44.8935 -2.28397e-05 -0)
(44.8933 -4.86553e-05 -0)
(44.8936 -0.000229618 -0)
(44.8935 -0.000435083 -0)
(44.8929 -0.000528828 -0)
(44.8932 -0.000481282 -0)
(44.8938 -0.000377792 -0)
(44.8939 -0.000336039 -0)
(44.8935 -0.000415211 -0)
(44.8933 -0.000583855 -0)
(44.8935 -0.000754803 -0)
(44.8938 -0.000848206 -0)
(44.8937 -0.000836316 -0)
(44.8934 -0.000748466 -0)
(44.8932 -0.000643517 -0)
(44.8933 -0.000572384 -0)
(44.8936 -0.000552863 -0)
(44.8938 -0.00056656 -0)
(44.8936 -0.000573518 -0)
(44.8931 -0.000533532 -0)
(44.8925 -0.000424086 -0)
(44.892 -0.000248576 -0)
(44.8919 -3.32636e-05 -0)
(44.8922 0.000183667 -0)
(44.8926 0.000364894 -0)
(44.8929 0.000483434 -0)
(44.8929 0.000526721 -0)
(44.8927 0.000495856 -0)
(44.8922 0.000401834 -0)
(44.8917 0.000261133 -0)
(44.8913 9.24494e-05 -0)
(44.893 0.000122941 -0)
(44.8932 5.56874e-05 -0)
(44.8933 1.20255e-05 -0)
(44.8933 -6.91228e-05 -0)
(44.8931 -0.000165967 -0)
(44.8931 -0.000226473 -0)
(44.8931 -0.000207901 -0)
(44.8931 -0.000112123 -0)
(44.8936 -2.95743e-05 -0)
(44.8934 -5.56085e-05 -0)
(44.8931 -0.000194232 -0)
(44.8935 -0.000357266 -0)
(44.8934 -0.000445908 -0)
(44.893 -0.000429006 -0)
(44.8933 -0.00035829 -0)
(44.8939 -0.000320907 -0)
(44.8939 -0.000374099 -0)
(44.8934 -0.000510556 -0)
(44.8931 -0.000671426 -0)
(44.8934 -0.000788888 -0)
(44.8938 -0.000825846 -0)
(44.8938 -0.000790238 -0)
(44.8935 -0.000722481 -0)
(44.8932 -0.000668702 -0)
(44.8933 -0.000655394 -0)
(44.8936 -0.000677814 -0)
(44.8938 -0.000705726 -0)
(44.8937 -0.000700216 -0)
(44.8932 -0.000631448 -0)
(44.8926 -0.000490094 -0)
(44.8922 -0.000289626 -0)
(44.8921 -6.0436e-05 -0)
(44.8924 0.000160603 -0)
(44.8927 0.000340447 -0)
(44.893 0.000456669 -0)
(44.8929 0.00049973 -0)
(44.8926 0.000471667 -0)
(44.8921 0.000382891 -0)
(44.8915 0.000248966 -0)
(44.8911 8.8201e-05 -0)
(44.893 3.70319e-05 -0)
(44.8931 0.000112657 -0)
(44.8932 -1.21178e-05 -0)
(44.8931 -0.000150268 -0)
(44.8931 -0.000212383 -0)
(44.8932 -0.000172598 -0)
(44.8932 -8.3847e-05 -0)
(44.8931 -2.67531e-05 -0)
(44.8935 -5.64757e-05 -0)
(44.8933 -0.00016641 -0)
(44.893 -0.000295067 -0)
(44.8934 -0.000372407 -0)
(44.8934 -0.000371173 -0)
(44.893 -0.000323098 -0)
(44.8933 -0.00029151 -0)
(44.8938 -0.00032604 -0)
(44.8938 -0.000432438 -0)
(44.8932 -0.000573653 -0)
(44.893 -0.000695798 -0)
(44.8933 -0.000759955 -0)
(44.8938 -0.000760903 -0)
(44.8938 -0.00072435 -0)
(44.8935 -0.000688724 -0)
(44.8932 -0.000683943 -0)
(44.8933 -0.000716814 -0)
(44.8936 -0.000768556 -0)
(44.8938 -0.000804626 -0)
(44.8937 -0.000790603 -0)
(44.8933 -0.000705872 -0)
(44.8928 -0.000550128 -0)
(44.8924 -0.000342122 -0)
(44.8924 -0.000112788 -0)
(44.8926 0.000103894 -0)
(44.8929 0.000278962 -0)
(44.8931 0.000393372 -0)
(44.893 0.000439349 -0)
(44.8926 0.000419066 -0)
(44.892 0.000342122 -0)
(44.8914 0.000223012 -0)
(44.891 7.9096e-05 -0)
(44.8931 -9.37419e-05 -0)
(44.8931 -6.88229e-05 -0)
(44.8931 -0.000112158 -0)
(44.8931 -0.000145773 -0)
(44.8931 -0.00012487 -0)
(44.8932 -6.7666e-05 -0)
(44.8933 -3.18706e-05 -0)
(44.8931 -5.98307e-05 -0)
(44.8934 -0.000146958 -0)
(44.8932 -0.000248139 -0)
(44.8929 -0.000312482 -0)
(44.8934 -0.000318425 -0)
(44.8935 -0.00028603 -0)
(44.8931 -0.00026116 -0)
(44.8933 -0.000284593 -0)
(44.8937 -0.00036733 -0)
(44.8936 -0.000486644 -0)
(44.8931 -0.000601886 -0)
(44.8929 -0.00067753 -0)
(44.8933 -0.000700603 -0)
(44.8938 -0.000684903 -0)
(44.8938 -0.00066076 -0)
(44.8935 -0.000657755 -0)
(44.8932 -0.000690492 -0)
(44.8932 -0.000752426 -0)
(44.8935 -0.00081878 -0)
(44.8938 -0.000856875 -0)
(44.8938 -0.000838874 -0)
(44.8934 -0.000751291 -0)
(44.893 -0.000598386 -0)
(44.8926 -0.000399697 -0)
(44.8926 -0.000183716 -0)
(44.8928 1.96654e-05 -0)
(44.893 0.00018549 -0)
(44.8931 0.0002974 -0)
(44.893 0.00034855 -0)
(44.8925 0.000340555 -0)
(44.8919 0.000281678 -0)
(44.8913 0.000184858 -0)
(44.8908 6.57736e-05 -0)
(44.8931 -0.00013915 -0)
(44.8931 -0.000147148 -0)
(44.8931 -0.000116153 -0)
(44.8931 -7.53782e-05 -0)
(44.8932 -3.90182e-05 -0)
(44.8932 -2.89828e-05 -0)
(44.8932 -6.26051e-05 -0)
(44.893 -0.000133255 -0)
(44.8933 -0.00021073 -0)
(44.8931 -0.000260843 -0)
(44.8929 -0.00026839 -0)
(44.8934 -0.000246853 -0)
(44.8935 -0.000229282 -0)
(44.893 -0.000247742 -0)
(44.8932 -0.000314605 -0)
(44.8936 -0.000416161 -0)
(44.8935 -0.00052146 -0)
(44.893 -0.000600019 -0)
(44.8929 -0.000636699 -0)
(44.8933 -0.000636816 -0)
(44.8938 -0.000621688 -0)
(44.8938 -0.000617103 -0)
(44.8935 -0.000640723 -0)
(44.8931 -0.000694963 -0)
(44.8932 -0.000766611 -0)
(44.8935 -0.000831822 -0)
(44.8938 -0.000864491 -0)
(44.8938 -0.000844731 -0)
(44.8936 -0.000764402 -0)
(44.8931 -0.000628696 -0)
(44.8928 -0.000454183 -0)
(44.8928 -0.000264253 -0)
(44.893 -8.34364e-05 -0)
(44.8932 6.7571e-05 -0)
(44.8932 0.00017485 -0)
(44.893 0.000232033 -0)
(44.8925 0.000239661 -0)
(44.8918 0.000204078 -0)
(44.8912 0.000136037 -0)
(44.8907 4.88516e-05 -0)
(44.8931 -9.75482e-05 -0)
(44.8931 -9.08688e-05 -0)
(44.8931 -5.11076e-05 -0)
(44.8932 -1.9535e-05 -0)
(44.8932 -1.94119e-05 -0)
(44.8932 -5.52932e-05 -0)
(44.8932 -0.00011446 -0)
(44.893 -0.000173282 -0)
(44.8933 -0.000209297 -0)
(44.8931 -0.000214076 -0)
(44.8929 -0.000198607 -0)
(44.8934 -0.000187333 -0)
(44.8935 -0.000204474 -0)
(44.893 -0.000260929 -0)
(44.8931 -0.000348848 -0)
(44.8935 -0.000445603 -0)
(44.8934 -0.00052506 -0)
(44.893 -0.000571111 -0)
(44.8929 -0.000584838 -0)
(44.8933 -0.000581434 -0)
(44.8938 -0.00058139 -0)
(44.8938 -0.000600645 -0)
(44.8934 -0.000644117 -0)
(44.8931 -0.0007053 -0)
(44.8931 -0.00076967 -0)
(44.8934 -0.000819332 -0)
(44.8938 -0.000837984 -0)
(44.8939 -0.000814831 -0)
(44.8937 -0.000746442 -0)
(44.8933 -0.000637039 -0)
(44.893 -0.000497759 -0)
(44.893 -0.000344638 -0)
(44.8931 -0.000195302 -0)
(44.8933 -6.54203e-05 -0)
(44.8933 3.37287e-05 -0)
(44.893 9.6152e-05 -0)
(44.8925 0.000121049 -0)
(44.8918 0.000112387 -0)
(44.8911 7.81556e-05 -0)
(44.8907 2.88214e-05 -0)
(44.8931 -2.48945e-05 -0)
(44.8932 -1.16512e-05 -0)
(44.8932 -2.61418e-06 -0)
(44.8932 -1.12479e-05 -0)
(44.8931 -4.26698e-05 -0)
(44.8932 -8.7723e-05 -0)
(44.8931 -0.000128981 -0)
(44.8929 -0.000151482 -0)
(44.8933 -0.000151237 -0)
(44.8931 -0.000137842 -0)
(44.8929 -0.000130043 -0)
(44.8934 -0.000146277 -0)
(44.8934 -0.000195128 -0)
(44.8929 -0.000271052 -0)
(44.893 -0.000357714 -0)
(44.8934 -0.000435477 -0)
(44.8934 -0.000489106 -0)
(44.893 -0.000514986 -0)
(44.8929 -0.000523443 -0)
(44.8933 -0.000532446 -0)
(44.8938 -0.000557512 -0)
(44.8938 -0.000603608 -0)
(44.8934 -0.000663688 -0)
(44.893 -0.000724194 -0)
(44.893 -0.000771676 -0)
(44.8934 -0.000796427 -0)
(44.8938 -0.00079355 -0)
(44.8939 -0.000762359 -0)
(44.8937 -0.000704769 -0)
(44.8934 -0.000624167 -0)
(44.8931 -0.000525633 -0)
(44.8931 -0.000416533 -0)
(44.8932 -0.000306045 -0)
(44.8934 -0.000203557 -0)
(44.8934 -0.000116965 -0)
(44.8931 -5.15883e-05 -0)
(44.8925 -9.56637e-06 -0)
(44.8918 1.04653e-05 -0)
(44.8911 1.32841e-05 -0)
(44.8906 6.21624e-06 -0)
(44.8931 2.28117e-05 -0)
(44.8932 2.18922e-05 -0)
(44.8931 3.89436e-06 -0)
(44.8931 -2.46221e-05 -0)
(44.8931 -5.60584e-05 -0)
(44.8931 -8.02331e-05 -0)
(44.8931 -8.92616e-05 -0)
(44.8929 -8.27587e-05 -0)
(44.8933 -6.92248e-05 -0)
(44.8931 -6.27485e-05 -0)
(44.8929 -7.68019e-05 -0)
(44.8934 -0.000118008 -0)
(44.8933 -0.000182491 -0)
(44.8928 -0.000257073 -0)
(44.8929 -0.000326261 -0)
(44.8934 -0.000379662 -0)
(44.8934 -0.000413939 -0)
(44.8929 -0.000433279 -0)
(44.8929 -0.000449847 -0)
(44.8933 -0.000479225 -0)
(44.8937 -0.000531779 -0)
(44.8937 -0.000604683 -0)
(44.8933 -0.000681838 -0)
(44.893 -0.000743188 -0)
(44.893 -0.000775099 -0)
(44.8934 -0.000774591 -0)
(44.8938 -0.00074753 -0)
(44.894 -0.00070379 -0)
(44.8938 -0.000652041 -0)
(44.8935 -0.000596658 -0)
(44.8932 -0.000538029 -0)
(44.8932 -0.000475096 -0)
(44.8933 -0.000407747 -0)
(44.8935 -0.000337735 -0)
(44.8935 -0.000268332 -0)
(44.8931 -0.000203358 -0)
(44.8925 -0.000145915 -0)
(44.8918 -9.72028e-05 -0)
(44.8911 -5.59029e-05 -0)
(44.8906 -1.81538e-05 -0)
(44.8931 3.42175e-05 -0)
(44.8931 2.04012e-05 -0)
(44.8931 -8.39186e-07 -0)
(44.8931 -2.04212e-05 -0)
(44.8931 -3.11359e-05 -0)
(44.8931 -2.95616e-05 -0)
(44.8931 -1.79124e-05 -0)
(44.8929 -3.96518e-06 -0)
(44.8933 1.56913e-06 -0)
(44.8931 -1.05914e-05 -0)
(44.8929 -4.43371e-05 -0)
(44.8933 -9.66711e-05 -0)
(44.8933 -0.000158405 -0)
(44.8927 -0.000216518 -0)
(44.8929 -0.000260839 -0)
(44.8934 -0.000291025 -0)
(44.8933 -0.000313817 -0)
(44.8929 -0.000336634 -0)
(44.8928 -0.000367268 -0)
(44.8932 -0.00041507 -0)
(44.8937 -0.000487194 -0)
(44.8936 -0.000579521 -0)
(44.8932 -0.000672973 -0)
(44.8929 -0.00074235 -0)
(44.893 -0.000770271 -0)
(44.8934 -0.000755153 -0)
(44.8939 -0.000709726 -0)
(44.894 -0.000653234 -0)
(44.8938 -0.000602337 -0)
(44.8935 -0.000565081 -0)
(44.8933 -0.000540084 -0)
(44.8932 -0.000519885 -0)
(44.8934 -0.000495623 -0)
(44.8935 -0.000460676 -0)
(44.8935 -0.000412339 -0)
(44.8932 -0.000351624 -0)
(44.8926 -0.000281706 -0)
(44.8919 -0.000205939 -0)
(44.8912 -0.000126441 -0)
(44.8907 -4.32267e-05 -0)
(44.893 3.48591e-05 -0)
(44.8931 2.29777e-05 -0)
(44.8931 1.51079e-05 -0)
(44.8931 1.44402e-05 -0)
(44.8931 2.21268e-05 -0)
(44.8931 3.52023e-05 -0)
(44.8931 4.72216e-05 -0)
(44.893 5.0381e-05 -0)
(44.8933 3.84175e-05 -0)
(44.8931 9.4216e-06 -0)
(44.8928 -3.28702e-05 -0)
(44.8933 -8.1101e-05 -0)
(44.8932 -0.000127465 -0)
(44.8927 -0.000163888 -0)
(44.8928 -0.000185212 -0)
(44.8933 -0.00019759 -0)
(44.8933 -0.000215102 -0)
(44.8929 -0.000246271 -0)
(44.8928 -0.000290773 -0)
(44.8932 -0.000348028 -0)
(44.8936 -0.00042293 -0)
(44.8935 -0.000517109 -0)
(44.8931 -0.000617636 -0)
(44.8929 -0.000699141 -0)
(44.893 -0.000738232 -0)
(44.8935 -0.000727431 -0)
(44.8939 -0.00067886 -0)
(44.8941 -0.000616908 -0)
(44.8939 -0.00056587 -0)
(44.8935 -0.000539896 -0)
(44.8933 -0.000539465 -0)
(44.8932 -0.000554098 -0)
(44.8934 -0.000568297 -0)
(44.8936 -0.000567543 -0)
(44.8936 -0.000542331 -0)
(44.8933 -0.000489448 -0)
(44.8927 -0.00041081 -0)
(44.892 -0.000311061 -0)
(44.8913 -0.000195366 -0)
(44.8908 -6.78991e-05 -0)
(44.893 4.98138e-05 -0)
(44.8931 4.86394e-05 -0)
(44.8931 5.36803e-05 -0)
(44.8931 6.31503e-05 -0)
(44.8931 7.39397e-05 -0)
(44.8931 8.11113e-05 -0)
(44.8931 7.95166e-05 -0)
(44.8929 6.56478e-05 -0)
(44.8933 3.89515e-05 -0)
(44.8931 2.59631e-06 -0)
(44.8928 -3.64173e-05 -0)
(44.8932 -7.07264e-05 -0)
(44.8932 -9.79123e-05 -0)
(44.8927 -0.000117227 -0)
(44.8928 -0.000125352 -0)
(44.8933 -0.000128083 -0)
(44.8933 -0.000143817 -0)
(44.8928 -0.000184028 -0)
(44.8927 -0.000240636 -0)
(44.8931 -0.000299276 -0)
(44.8935 -0.000359387 -0)
(44.8934 -0.000431593 -0)
(44.893 -0.00051856 -0)
(44.8928 -0.000604293 -0)
(44.893 -0.000662466 -0)
(44.8935 -0.000674773 -0)
(44.894 -0.000643698 -0)
(44.8941 -0.000591043 -0)
(44.8939 -0.000545286 -0)
(44.8935 -0.000527408 -0)
(44.8932 -0.000543013 -0)
(44.8932 -0.000582567 -0)
(44.8934 -0.000627201 -0)
(44.8936 -0.000656282 -0)
(44.8936 -0.000653688 -0)
(44.8933 -0.000611012 -0)
(44.8928 -0.000527511 -0)
(44.8921 -0.00040791 -0)
(44.8914 -0.000259694 -0)
(44.891 -9.1109e-05 -0)
(44.893 8.18201e-05 -0)
(44.8931 8.78945e-05 -0)
(44.8931 9.52554e-05 -0)
(44.8931 0.00010115 -0)
(44.8931 0.000102132 -0)
(44.8931 9.50124e-05 -0)
(44.8931 7.82169e-05 -0)
(44.8929 5.26462e-05 -0)
(44.8932 2.12473e-05 -0)
(44.893 -1.18819e-05 -0)
(44.8927 -4.05166e-05 -0)
(44.8932 -5.8561e-05 -0)
(44.8932 -6.93329e-05 -0)
(44.8927 -8.14274e-05 -0)
(44.8928 -9.0956e-05 -0)
(44.8933 -9.41923e-05 -0)
(44.8933 -0.000108863 -0)
(44.8928 -0.000154898 -0)
(44.8927 -0.000223401 -0)
(44.8931 -0.000284577 -0)
(44.8934 -0.00032414 -0)
(44.8934 -0.000356782 -0)
(44.893 -0.000405259 -0)
(44.8927 -0.000474089 -0)
(44.8929 -0.000543739 -0)
(44.8935 -0.000587009 -0)
(44.894 -0.000590721 -0)
(44.8942 -0.000564977 -0)
(44.8939 -0.000535511 -0)
(44.8935 -0.000527774 -0)
(44.8932 -0.000554061 -0)
(44.8931 -0.000609343 -0)
(44.8933 -0.000675098 -0)
(44.8935 -0.000727274 -0)
(44.8936 -0.000744319 -0)
(44.8934 -0.000712459 -0)
(44.8929 -0.000627267 -0)
(44.8922 -0.000492325 -0)
(44.8916 -0.00031654 -0)
(44.8912 -0.00011181 -0)
(44.893 0.00011786 -0)
(44.8931 0.000122417 -0)
(44.8931 0.000123054 -0)
(44.8931 0.000118562 -0)
(44.8931 0.000107477 -0)
(44.8931 8.93969e-05 -0)
(44.8931 6.56024e-05 -0)
(44.8929 3.93316e-05 -0)
(44.8932 1.42849e-05 -0)
(44.893 -8.15371e-06 -0)
(44.8927 -2.57256e-05 -0)
(44.8932 -3.16765e-05 -0)
(44.8932 -3.0465e-05 -0)
(44.8927 -4.2841e-05 -0)
(44.8928 -6.78658e-05 -0)
(44.8933 -8.34392e-05 -0)
(44.8932 -9.59646e-05 -0)
(44.8927 -0.000138539 -0)
(44.8926 -0.000216256 -0)
(44.893 -0.000290305 -0)
(44.8934 -0.000323508 -0)
(44.8933 -0.000320222 -0)
(44.8929 -0.000317202 -0)
(44.8927 -0.000345758 -0)
(44.8929 -0.000405875 -0)
(44.8934 -0.000471325 -0)
(44.894 -0.000514696 -0)
(44.8942 -0.000528417 -0)
(44.894 -0.000527326 -0)
(44.8935 -0.000535771 -0)
(44.8932 -0.000571448 -0)
(44.8931 -0.000635849 -0)
(44.8932 -0.000714151 -0)
(44.8935 -0.000781929 -0)
(44.8936 -0.000814093 -0)
(44.8935 -0.000792072 -0)
(44.893 -0.000707322 -0)
(44.8924 -0.000561343 -0)
(44.8918 -0.000363595 -0)
(44.8914 -0.000129078 -0)
(44.8931 0.000146994 -0)
(44.8931 0.000144773 -0)
(44.8931 0.000137445 -0)
(44.8931 0.000125366 -0)
(44.8931 0.000109062 -0)
(44.8931 8.983e-05 -0)
(44.8931 6.9635e-05 -0)
(44.8929 5.18018e-05 -0)
(44.8932 3.98796e-05 -0)
(44.893 3.11872e-05 -0)
(44.8927 2.02282e-05 -0)
(44.8932 1.65792e-05 -0)
(44.8931 2.61345e-05 -0)
(44.8926 1.56966e-05 -0)
(44.8928 -3.06667e-05 -0)
(44.8933 -7.11539e-05 -0)
(44.8932 -8.27493e-05 -0)
(44.8927 -0.000106158 -0)
(44.8925 -0.000178023 -0)
(44.893 -0.000270479 -0)
(44.8934 -0.000323666 -0)
(44.8934 -0.000313633 -0)
(44.8929 -0.000272671 -0)
(44.8926 -0.000253459 -0)
(44.8928 -0.000283687 -0)
(44.8934 -0.000351525 -0)
(44.8939 -0.000424698 -0)
(44.8942 -0.000479062 -0)
(44.8939 -0.000513343 -0)
(44.8935 -0.000544224 -0)
(44.8931 -0.0005908 -0)
(44.893 -0.000660692 -0)
(44.8932 -0.000744853 -0)
(44.8934 -0.000821279 -0)
(44.8936 -0.000863557 -0)
(44.8935 -0.000849454 -0)
(44.8931 -0.000766421 -0)
(44.8926 -0.000613329 -0)
(44.892 -0.000399453 -0)
(44.8916 -0.000142298 -0)
(44.893 0.000169571 -0)
(44.8931 0.000161793 -0)
(44.8931 0.000151393 -0)
(44.8931 0.000139034 -0)
(44.893 0.000126049 -0)
(44.8931 0.000113913 -0)
(44.8931 0.000103118 -0)
(44.8929 9.51216e-05 -0)
(44.8932 9.50318e-05 -0)
(44.893 9.94926e-05 -0)
(44.8927 8.99008e-05 -0)
(44.8932 7.37411e-05 -0)
(44.8932 8.46003e-05 -0)
(44.8926 8.87679e-05 -0)
(44.8927 3.17637e-05 -0)
(44.8933 -4.23516e-05 -0)
(44.8932 -6.33586e-05 -0)
(44.8926 -5.51083e-05 -0)
(44.8924 -9.11351e-05 -0)
(44.8929 -0.000183684 -0)
(44.8934 -0.000270032 -0)
(44.8934 -0.00029052 -0)
(44.893 -0.000249385 -0)
(44.8926 -0.000201642 -0)
(44.8928 -0.000199008 -0)
(44.8933 -0.000253083 -0)
(44.8939 -0.000339227 -0)
(44.8941 -0.000424666 -0)
(44.8939 -0.000492768 -0)
(44.8934 -0.000548477 -0)
(44.893 -0.000607572 -0)
(44.8929 -0.000681305 -0)
(44.8931 -0.000766645 -0)
(44.8934 -0.000845889 -0)
(44.8936 -0.000893442 -0)
(44.8936 -0.000884887 -0)
(44.8932 -0.000804248 -0)
(44.8928 -0.000647612 -0)
(44.8923 -0.000423486 -0)
(44.8919 -0.000151195 -0)
(44.893 0.000192621 -0)
(44.8931 0.000183872 -0)
(44.8931 0.000175537 -0)
(44.8931 0.000167521 -0)
(44.893 0.00016094 -0)
(44.8931 0.000157158 -0)
(44.893 0.000154378 -0)
(44.8929 0.000149286 -0)
(44.8932 0.000150241 -0)
(44.893 0.000164406 -0)
(44.8927 0.000157883 -0)
(44.8932 0.000114935 -0)
(44.8932 0.000108597 -0)
(44.8926 0.000139026 -0)
(44.8927 0.000100925 -0)
(44.8932 -7.84475e-07 -0)
(44.8932 -5.1608e-05 -0)
(44.8926 -2.10104e-05 -0)
(44.8924 4.19073e-06 -0)
(44.8928 -4.64509e-05 -0)
(44.8933 -0.000143051 -0)
(44.8934 -0.000206897 -0)
(44.893 -0.000202064 -0)
(44.8927 -0.000161734 -0)
(44.8928 -0.000144981 -0)
(44.8932 -0.00018481 -0)
(44.8938 -0.000272388 -0)
(44.894 -0.000376294 -0)
(44.8938 -0.000470352 -0)
(44.8934 -0.000548136 -0)
(44.893 -0.000619248 -0)
(44.8928 -0.00069559 -0)
(44.893 -0.0007789 -0)
(44.8933 -0.000856405 -0)
(44.8936 -0.000904917 -0)
(44.8936 -0.000899394 -0)
(44.8934 -0.000821359 -0)
(44.893 -0.000664324 -0)
(44.8925 -0.000435661 -0)
(44.8922 -0.000155747 -0)
(44.893 0.000219837 -0)
(44.8931 0.000213171 -0)
(44.8931 0.000207844 -0)
(44.8931 0.000202837 -0)
(44.893 0.000198467 -0)
(44.8931 0.000197469 -0)
(44.893 0.00019831 -0)
(44.8928 0.00018842 -0)
(44.8932 0.000173427 -0)
(44.893 0.000188655 -0)
(44.8927 0.000200309 -0)
(44.8931 0.000132672 -0)
(44.8932 8.00947e-05 -0)
(44.8926 0.000127106 -0)
(44.8926 0.000142772 -0)
(44.8931 4.56118e-05 -0)
(44.8932 -4.87263e-05 -0)
(44.8927 -3.36505e-05 -0)
(44.8924 4.0739e-05 -0)
(44.8927 6.3193e-05 -0)
(44.8932 4.22949e-06 -0)
(44.8933 -7.4514e-05 -0)
(44.893 -0.000110224 -0)
(44.8927 -0.000102104 -0)
(44.8927 -9.64289e-05 -0)
(44.8932 -0.000135013 -0)
(44.8937 -0.000223764 -0)
(44.8939 -0.000338557 -0)
(44.8937 -0.000450295 -0)
(44.8933 -0.000544661 -0)
(44.8929 -0.000625045 -0)
(44.8928 -0.000702191 -0)
(44.8929 -0.000781032 -0)
(44.8932 -0.000853413 -0)
(44.8935 -0.000899396 -0)
(44.8936 -0.000894606 -0)
(44.8935 -0.000819132 -0)
(44.8931 -0.000664397 -0)
(44.8928 -0.000436498 -0)
(44.8925 -0.000156134 -0)
(44.893 0.000247287 -0)
(44.8931 0.000242033 -0)
(44.8931 0.000236995 -0)
(44.8931 0.000231052 -0)
(44.893 0.000222471 -0)
(44.8931 0.000216269 -0)
(44.893 0.000219332 -0)
(44.8928 0.000209188 -0)
(44.8932 0.000166129 -0)
(44.893 0.00016205 -0)
(44.8926 0.000212448 -0)
(44.8931 0.000156121 -0)
(44.8932 4.10632e-05 -0)
(44.8927 6.34816e-05 -0)
(44.8926 0.000141484 -0)
(44.893 9.98603e-05 -0)
(44.8931 -1.65039e-05 -0)
(44.8927 -5.44106e-05 -0)
(44.8925 1.3362e-05 -0)
(44.8927 8.7244e-05 -0)
(44.8932 9.00076e-05 -0)
(44.8933 3.89931e-05 -0)
(44.893 -7.42215e-06 -0)
(44.8927 -2.53624e-05 -0)
(44.8927 -3.99992e-05 -0)
(44.8931 -8.85252e-05 -0)
(44.8936 -0.000183605 -0)
(44.8938 -0.000307766 -0)
(44.8936 -0.000432321 -0)
(44.8932 -0.00053843 -0)
(44.8928 -0.000624712 -0)
(44.8927 -0.000700398 -0)
(44.8928 -0.000772634 -0)
(44.8932 -0.000837352 -0)
(44.8935 -0.000878179 -0)
(44.8937 -0.000872319 -0)
(44.8936 -0.000799396 -0)
(44.8933 -0.000649341 -0)
(44.893 -0.000426984 -0)
(44.8928 -0.000152716 -0)
(44.893 0.000268942 -0)
(44.8931 0.000262647 -0)
(44.8931 0.000255643 -0)
(44.893 0.000248817 -0)
(44.893 0.000235914 -0)
(44.8931 0.000218465 -0)
(44.893 0.000222811 -0)
(44.8928 0.000234567 -0)
(44.8932 0.000174382 -0)
(44.893 0.000117291 -0)
(44.8926 0.000201072 -0)
(44.893 0.000215788 -0)
(44.8931 7.11691e-05 -0)
(44.8927 2.21897e-05 -0)
(44.8926 0.000117441 -0)
(44.893 0.000159474 -0)
(44.893 8.08362e-05 -0)
(44.8927 2.88043e-06 -0)
(44.8925 1.42246e-05 -0)
(44.8928 7.32619e-05 -0)
(44.8932 0.000102723 -0)
(44.8932 8.53308e-05 -0)
(44.893 5.4417e-05 -0)
(44.8927 3.38217e-05 -0)
(44.8927 1.02895e-05 -0)
(44.893 -4.56542e-05 -0)
(44.8935 -0.000146998 -0)
(44.8936 -0.000279175 -0)
(44.8935 -0.000413608 -0)
(44.8931 -0.000528183 -0)
(44.8927 -0.000617711 -0)
(44.8926 -0.000689964 -0)
(44.8928 -0.00075382 -0)
(44.8931 -0.000808936 -0)
(44.8935 -0.000842662 -0)
(44.8937 -0.000834423 -0)
(44.8937 -0.000764191 -0)
(44.8935 -0.000620971 -0)
(44.8933 -0.000408386 -0)
(44.8931 -0.000145973 -0)
(44.893 0.000285738 -0)
(44.8931 0.000277868 -0)
(44.8931 0.000269409 -0)
(44.893 0.00026697 -0)
(44.893 0.00026055 -0)
(44.8931 0.000230867 -0)
(44.8931 0.000221205 -0)
(44.8928 0.000274553 -0)
(44.8931 0.000243968 -0)
(44.893 0.000110607 -0)
(44.8927 0.000166647 -0)
(44.8929 0.000275274 -0)
(44.893 0.000185892 -0)
(44.8927 7.37839e-05 -0)
(44.8927 0.000110682 -0)
(44.893 0.000192589 -0)
(44.893 0.000193745 -0)
(44.8927 0.000144236 -0)
(44.8926 0.000119989 -0)
(44.8928 0.000126011 -0)
(44.8932 0.000123604 -0)
(44.8932 9.93186e-05 -0)
(44.8929 7.23734e-05 -0)
(44.8926 5.62355e-05 -0)
(44.8926 3.58582e-05 -0)
(44.893 -1.75399e-05 -0)
(44.8933 -0.00011807 -0)
(44.8935 -0.000252853 -0)
(44.8934 -0.000392765 -0)
(44.893 -0.000512486 -0)
(44.8927 -0.000603079 -0)
(44.8925 -0.000670527 -0)
(44.8927 -0.000724884 -0)
(44.8931 -0.000769154 -0)
(44.8935 -0.000794483 -0)
(44.8938 -0.000783019 -0)
(44.8938 -0.000715756 -0)
(44.8937 -0.000581295 -0)
(44.8935 -0.000382123 -0)
(44.8934 -0.000136446 -0)
(44.893 0.000306792 -0)
(44.8931 0.000300306 -0)
(44.8931 0.0002907 -0)
(44.893 0.000292653 -0)
(44.893 0.000307335 -0)
(44.893 0.000276795 -0)
(44.8931 0.000216941 -0)
(44.8928 0.000285693 -0)
(44.893 0.000346764 -0)
(44.893 0.000176155 -0)
(44.8928 0.000124433 -0)
(44.893 0.000246034 -0)
(44.8929 0.00027131 -0)
(44.8926 0.000190536 -0)
(44.8928 0.000152331 -0)
(44.893 0.000180789 -0)
(44.893 0.000215953 -0)
(44.8926 0.000237261 -0)
(44.8925 0.000251663 -0)
(44.8928 0.000246862 -0)
(44.8931 0.000207008 -0)
(44.8932 0.000144786 -0)
(44.8929 9.19155e-05 -0)
(44.8926 6.35522e-05 -0)
(44.8926 4.19028e-05 -0)
(44.8929 -6.31871e-06 -0)
(44.8932 -0.000100398 -0)
(44.8934 -0.000231384 -0)
(44.8932 -0.000370955 -0)
(44.8929 -0.000491465 -0)
(44.8926 -0.000580499 -0)
(44.8925 -0.000641874 -0)
(44.8927 -0.000686116 -0)
(44.8931 -0.000719008 -0)
(44.8935 -0.000735352 -0)
(44.8938 -0.000720326 -0)
(44.8939 -0.00065648 -0)
(44.8939 -0.000532457 -0)
(44.8937 -0.000349702 -0)
(44.8936 -0.000124703 -0)
(44.893 0.000337803 -0)
(44.8931 0.000336756 -0)
(44.8931 0.000323578 -0)
(44.8931 0.000311006 -0)
(44.893 0.000344324 -0)
(44.893 0.000347902 -0)
(44.8931 0.000218926 -0)
(44.8929 0.000213783 -0)
(44.893 0.000372687 -0)
(44.8928 0.000281311 -0)
(44.8928 0.000147475 -0)
(44.8931 0.000143818 -0)
(44.8929 0.000210769 -0)
(44.8926 0.000254297 -0)
(44.8927 0.000241545 -0)
(44.893 0.000193352 -0)
(44.893 0.000164567 -0)
(44.8927 0.000195669 -0)
(44.8926 0.000265363 -0)
(44.8928 0.000308804 -0)
(44.8931 0.000283968 -0)
(44.8931 0.000207774 -0)
(44.8929 0.000129236 -0)
(44.8926 7.89411e-05 -0)
(44.8926 4.65156e-05 -0)
(44.8928 -1.69939e-06 -0)
(44.8931 -8.9837e-05 -0)
(44.8932 -0.00021418 -0)
(44.8931 -0.000349057 -0)
(44.8928 -0.000466202 -0)
(44.8925 -0.000550772 -0)
(44.8924 -0.000604597 -0)
(44.8926 -0.000638238 -0)
(44.893 -0.00065967 -0)
(44.8935 -0.000667027 -0)
(44.8938 -0.000648584 -0)
(44.894 -0.000588782 -0)
(44.894 -0.000476643 -0)
(44.8939 -0.000312656 -0)
(44.8938 -0.000111317 -0)
(44.893 0.000367473 -0)
(44.8931 0.000371939 -0)
(44.893 0.000358868 -0)
(44.8931 0.000303546 -0)
(44.893 0.00031369 -0)
(44.8929 0.000397155 -0)
(44.8929 0.000269173 -0)
(44.893 0.000117617 -0)
(44.8931 0.000259238 -0)
(44.8927 0.000321218 -0)
(44.8927 0.000295466 -0)
(44.8931 0.000164985 -0)
(44.893 0.000105727 -0)
(44.8927 0.000209002 -0)
(44.8927 0.000322362 -0)
(44.893 0.00030434 -0)
(44.893 0.000207129 -0)
(44.8927 0.000161958 -0)
(44.8926 0.000206921 -0)
(44.8928 0.000272147 -0)
(44.893 0.000281372 -0)
(44.893 0.000225735 -0)
(44.8928 0.000149263 -0)
(44.8925 9.12179e-05 -0)
(44.8925 5.17828e-05 -0)
(44.8927 2.66651e-06 -0)
(44.893 -8.07432e-05 -0)
(44.8931 -0.000197994 -0)
(44.893 -0.000326062 -0)
(44.8927 -0.000437085 -0)
(44.8924 -0.000514871 -0)
(44.8924 -0.000559831 -0)
(44.8926 -0.000582502 -0)
(44.893 -0.000592667 -0)
(44.8935 -0.000591434 -0)
(44.8939 -0.000570076 -0)
(44.8941 -0.000515065 -0)
(44.8941 -0.000416005 -0)
(44.8941 -0.000272491 -0)
(44.894 -9.68502e-05 -0)
(44.893 0.000373739 -0)
(44.8931 0.000373722 -0)
(44.893 0.000384629 -0)
(44.893 0.000298753 -0)
(44.8931 0.000215499 -0)
(44.8929 0.000365133 -0)
(44.8928 0.000385287 -0)
(44.8929 0.000175953 -0)
(44.8932 0.000144195 -0)
(44.8928 0.00021495 -0)
(44.8926 0.000429105 -0)
(44.8929 0.000390699 -0)
(44.893 0.000184856 -0)
(44.8928 0.000163691 -0)
(44.8928 0.000315939 -0)
(44.8929 0.000402871 -0)
(44.8929 0.000348732 -0)
(44.8927 0.000264018 -0)
(44.8927 0.000241245 -0)
(44.8929 0.000260531 -0)
(44.893 0.000257071 -0)
(44.893 0.000207579 -0)
(44.8927 0.000139726 -0)
(44.8925 8.63407e-05 -0)
(44.8925 4.94077e-05 -0)
(44.8927 4.22643e-06 -0)
(44.8929 -7.25139e-05 -0)
(44.893 -0.000181459 -0)
(44.8929 -0.000301153 -0)
(44.8926 -0.000404183 -0)
(44.8924 -0.000473579 -0)
(44.8924 -0.000508791 -0)
(44.8926 -0.000520415 -0)
(44.893 -0.00051979 -0)
(44.8935 -0.000510676 -0)
(44.8939 -0.000487151 -0)
(44.8942 -0.000437713 -0)
(44.8942 -0.000352636 -0)
(44.8942 -0.000230653 -0)
(44.8942 -8.18348e-05 -0)
(44.893 0.000356552 -0)
(44.8931 0.000328445 -0)
(44.893 0.000388594 -0)
(44.8929 0.000368357 -0)
(44.8931 0.000171165 -0)
(44.8931 0.000248492 -0)
(44.8928 0.000444355 -0)
(44.8927 0.000412409 -0)
(44.8931 0.000243355 -0)
(44.893 7.88697e-05 -0)
(44.8929 0.000314325 -0)
(44.8928 0.000500155 -0)
(44.8928 0.000375928 -0)
(44.8928 0.000229884 -0)
(44.8929 0.000252396 -0)
(44.893 0.000334405 -0)
(44.8928 0.00035498 -0)
(44.8926 0.000329055 -0)
(44.8926 0.000310753 -0)
(44.8928 0.000300308 -0)
(44.893 0.000265367 -0)
(44.8929 0.000198227 -0)
(44.8927 0.000125407 -0)
(44.8925 7.3553e-05 -0)
(44.8924 4.09815e-05 -0)
(44.8926 2.30576e-06 -0)
(44.8928 -6.58667e-05 -0)
(44.8929 -0.000164997 -0)
(44.8927 -0.000274749 -0)
(44.8925 -0.000368184 -0)
(44.8923 -0.000427932 -0)
(44.8924 -0.000452834 -0)
(44.8926 -0.000453613 -0)
(44.893 -0.000442953 -0)
(44.8935 -0.000426934 -0)
(44.8939 -0.000402168 -0)
(44.8942 -0.000359058 -0)
(44.8943 -0.000288541 -0)
(44.8944 -0.000188512 -0)
(44.8944 -6.67722e-05 -0)
(44.893 0.00036094 -0)
(44.8931 0.000281931 -0)
(44.893 0.000345696 -0)
(44.8928 0.000500382 -0)
(44.893 0.00031112 -0)
(44.8932 0.000171018 -0)
(44.8929 0.000289318 -0)
(44.8927 0.000515794 -0)
(44.8928 0.000458545 -0)
(44.8929 0.000163173 -0)
(44.8931 0.000127319 -0)
(44.893 0.000297337 -0)
(44.8927 0.000374531 -0)
(44.8927 0.000334389 -0)
(44.8929 0.000284657 -0)
(44.893 0.000259182 -0)
(44.8929 0.000249397 -0)
(44.8927 0.000260574 -0)
(44.8926 0.000288324 -0)
(44.8928 0.000299795 -0)
(44.8929 0.000265064 -0)
(44.8928 0.000191103 -0)
(44.8926 0.000113819 -0)
(44.8924 6.18249e-05 -0)
(44.8924 3.25604e-05 -0)
(44.8926 -2.27374e-08 -0)
(44.8927 -5.96699e-05 -0)
(44.8928 -0.000148584 -0)
(44.8927 -0.00024748 -0)
(44.8924 -0.000330145 -0)
(44.8923 -0.000379283 -0)
(44.8923 -0.000393539 -0)
(44.8926 -0.000383884 -0)
(44.8931 -0.00036416 -0)
(44.8936 -0.00034241 -0)
(44.894 -0.000317438 -0)
(44.8943 -0.000281334 -0)
(44.8944 -0.000225615 -0)
(44.8945 -0.000147348 -0)
(44.8945 -5.21269e-05 -0)
(44.8929 0.000429907 -0)
(44.8931 0.000327361 -0)
(44.8932 0.000249198 -0)
(44.8929 0.000511955 -0)
(44.8928 0.000524947 -0)
(44.8931 0.000291496 -0)
(44.8931 8.37508e-05 -0)
(44.8929 0.000339843 -0)
(44.8927 0.0004468 -0)
(44.8927 0.000401744 -0)
(44.893 0.000275507 -0)
(44.8931 0.000213721 -0)
(44.8928 0.000276989 -0)
(44.8927 0.000377254 -0)
(44.8929 0.000402652 -0)
(44.893 0.000336357 -0)
(44.8928 0.000251847 -0)
(44.8927 0.000220499 -0)
(44.8927 0.000242411 -0)
(44.8928 0.000262823 -0)
(44.8929 0.000236949 -0)
(44.8928 0.000169033 -0)
(44.8925 9.66359e-05 -0)
(44.8924 4.94272e-05 -0)
(44.8924 2.52736e-05 -0)
(44.8925 -1.1495e-06 -0)
(44.8927 -5.28266e-05 -0)
(44.8927 -0.00013189 -0)
(44.8926 -0.000219743 -0)
(44.8924 -0.000291036 -0)
(44.8923 -0.000329005 -0)
(44.8923 -0.00033255 -0)
(44.8926 -0.000313075 -0)
(44.8931 -0.000285433 -0)
(44.8936 -0.000259267 -0)
(44.894 -0.000235175 -0)
(44.8943 -0.000206636 -0)
(44.8945 -0.000165608 -0)
(44.8945 -0.000108332 -0)
(44.8946 -3.83223e-05 -0)
(44.8929 0.000500561 -0)
(44.8929 0.000492716 -0)
(44.8932 0.000196207 -0)
(44.8931 0.000297174 -0)
(44.8927 0.000510553 -0)
(44.8928 0.000523539 -0)
(44.893 0.000168107 -0)
(44.8931 0.000265925 -0)
(44.8929 0.00029142 -0)
(44.8927 0.000435287 -0)
(44.8929 0.000453943 -0)
(44.893 0.000288266 -0)
(44.8928 0.000200729 -0)
(44.8928 0.000278681 -0)
(44.8929 0.000370155 -0)
(44.8929 0.000358906 -0)
(44.8927 0.000283439 -0)
(44.8926 0.000232861 -0)
(44.8927 0.000231224 -0)
(44.8928 0.000235721 -0)
(44.8928 0.000204218 -0)
(44.8927 0.000139148 -0)
(44.8925 7.42191e-05 -0)
(44.8923 3.53071e-05 -0)
(44.8924 1.84366e-05 -0)
(44.8925 -1.26926e-06 -0)
(44.8926 -4.53611e-05 -0)
(44.8926 -0.000115079 -0)
(44.8925 -0.000192033 -0)
(44.8923 -0.000251746 -0)
(44.8923 -0.000278352 -0)
(44.8924 -0.000271413 -0)
(44.8927 -0.000242953 -0)
(44.8931 -0.000208704 -0)
(44.8936 -0.000179542 -0)
(44.894 -0.000157424 -0)
(44.8943 -0.000136868 -0)
(44.8945 -0.000110087 -0)
(44.8946 -7.25025e-05 -0)
(44.8946 -2.5733e-05 -0)
(44.8928 0.000409596 -0)
(44.8928 0.000622609 -0)
(44.893 0.000326528 -0)
(44.8932 0.000142643 -0)
(44.893 0.000283684 -0)
(44.8927 0.000558712 -0)
(44.8928 0.000394566 -0)
(44.893 0.000290206 -0)
(44.8929 0.000166037 -0)
(44.8928 0.000284307 -0)
(44.8928 0.000416412 -0)
(44.8928 0.000343072 -0)
(44.8928 0.000223204 -0)
(44.8929 0.000213056 -0)
(44.8929 0.000258826 -0)
(44.8929 0.000264654 -0)
(44.8927 0.00023184 -0)
(44.8926 0.000211563 -0)
(44.8927 0.000216347 -0)
(44.8928 0.00021312 -0)
(44.8928 0.000174168 -0)
(44.8926 0.000109402 -0)
(44.8924 5.14995e-05 -0)
(44.8923 2.16588e-05 -0)
(44.8923 1.26654e-05 -0)
(44.8925 -4.70557e-07 -0)
(44.8926 -3.76244e-05 -0)
(44.8925 -9.8631e-05 -0)
(44.8924 -0.000164981 -0)
(44.8923 -0.000213126 -0)
(44.8923 -0.000228431 -0)
(44.8924 -0.000211484 -0)
(44.8927 -0.000175083 -0)
(44.8932 -0.000135694 -0)
(44.8936 -0.00010504 -0)
(44.894 -8.59715e-05 -0)
(44.8944 -7.366e-05 -0)
(44.8945 -6.03737e-05 -0)
(44.8946 -4.07279e-05 -0)
(44.8947 -1.46705e-05 -0)
(44.893 0.000152158 -0)
(44.8928 0.000528317 -0)
(44.8927 0.000547121 -0)
(44.893 0.000309442 -0)
(44.8932 0.000181625 -0)
(44.8929 0.000288508 -0)
(44.8927 0.000476118 -0)
(44.8928 0.000354081 -0)
(44.8929 0.000188218 -0)
(44.893 0.00020011 -0)
(44.8929 0.000290525 -0)
(44.8928 0.000317289 -0)
(44.8927 0.000296218 -0)
(44.8928 0.00027749 -0)
(44.8929 0.00025188 -0)
(44.8928 0.000207192 -0)
(44.8927 0.000170287 -0)
(44.8926 0.000167502 -0)
(44.8927 0.000184188 -0)
(44.8928 0.000181641 -0)
(44.8927 0.000140822 -0)
(44.8926 7.93161e-05 -0)
(44.8924 3.00046e-05 -0)
(44.8923 9.91626e-06 -0)
(44.8923 8.66072e-06 -0)
(44.8924 1.31664e-06 -0)
(44.8925 -2.99023e-05 -0)
(44.8925 -8.29959e-05 -0)
(44.8924 -0.000139146 -0)
(44.8923 -0.000175871 -0)
(44.8923 -0.000180122 -0)
(44.8924 -0.000153849 -0)
(44.8927 -0.000110739 -0)
(44.8932 -6.7808e-05 -0)
(44.8937 -3.72184e-05 -0)
(44.8941 -2.22308e-05 -0)
(44.8944 -1.82718e-05 -0)
(44.8945 -1.7457e-05 -0)
(44.8946 -1.36359e-05 -0)
(44.8947 -5.35678e-06 -0)
(44.8934 0.000139886 -0)
(44.8932 0.0003541 -0)
(44.8928 0.000569404 -0)
(44.8928 0.000474503 -0)
(44.893 0.000267977 -0)
(44.893 0.000126325 -0)
(44.8929 0.000338421 -0)
(44.8927 0.000356533 -0)
(44.8928 0.000308242 -0)
(44.8929 0.000237984 -0)
(44.893 0.000167571 -0)
(44.8928 0.000159582 -0)
(44.8928 0.000214115 -0)
(44.8928 0.000258635 -0)
(44.8929 0.000239402 -0)
(44.8928 0.000178051 -0)
(44.8927 0.000133616 -0)
(44.8926 0.000132925 -0)
(44.8927 0.000150401 -0)
(44.8927 0.000145092 -0)
(44.8927 0.000103811 -0)
(44.8925 4.83665e-05 -0)
(44.8924 9.79753e-06 -0)
(44.8923 2.84572e-07 -0)
(44.8923 6.40762e-06 -0)
(44.8924 3.83094e-06 -0)
(44.8925 -2.25672e-05 -0)
(44.8924 -6.85496e-05 -0)
(44.8923 -0.000114897 -0)
(44.8923 -0.000140408 -0)
(44.8923 -0.000133982 -0)
(44.8925 -9.92329e-05 -0)
(44.8928 -5.07975e-05 -0)
(44.8932 -6.01791e-06 -0)
(44.8937 2.29372e-05 -0)
(44.8941 3.2888e-05 -0)
(44.8944 2.85482e-05 -0)
(44.8945 1.81378e-05 -0)
(44.8946 8.48866e-06 -0)
(44.8947 2.12228e-06 -0)
(44.8937 0.000769905 -0)
(44.8933 0.000391364 -0)
(44.8928 0.000384237 -0)
(44.8927 0.000472796 -0)
(44.8928 0.000321809 -0)
(44.8929 0.000212087 -0)
(44.893 0.000148279 -0)
(44.8928 0.000166436 -0)
(44.8928 0.000280209 -0)
(44.8929 0.000289479 -0)
(44.8929 0.000178425 -0)
(44.8928 0.00010646 -0)
(44.8928 0.000132934 -0)
(44.8929 0.000177949 -0)
(44.8928 0.000169915 -0)
(44.8927 0.000124683 -0)
(44.8927 9.62114e-05 -0)
(44.8926 0.000103432 -0)
(44.8927 0.000118585 -0)
(44.8927 0.000107469 -0)
(44.8926 6.56626e-05 -0)
(44.8925 1.79363e-05 -0)
(44.8923 -8.4715e-06 -0)
(44.8923 -7.15479e-06 -0)
(44.8923 5.56954e-06 -0)
(44.8924 6.55467e-06 -0)
(44.8924 -1.60852e-05 -0)
(44.8924 -5.55875e-05 -0)
(44.8923 -9.23806e-05 -0)
(44.8922 -0.00010684 -0)
(44.8923 -9.01835e-05 -0)
(44.8925 -4.793e-05 -0)
(44.8928 4.34078e-06 -0)
(44.8933 4.92359e-05 -0)
(44.8937 7.50325e-05 -0)
(44.8941 7.91166e-05 -0)
(44.8943 6.67126e-05 -0)
(44.8945 4.65124e-05 -0)
(44.8946 2.58657e-05 -0)
(44.8947 7.91239e-06 -0)
(44.8925 0.00107887 -0)
(44.8928 0.000452221 -0)
(44.8928 0.000261423 -0)
(44.8927 0.000298873 -0)
(44.8927 0.000292031 -0)
(44.8928 0.000271152 -0)
(44.8929 0.000107372 -0)
(44.8929 5.26725e-05 -0)
(44.8929 0.000139792 -0)
(44.8928 0.000187485 -0)
(44.8928 0.000148182 -0)
(44.8928 0.000112143 -0)
(44.8928 0.000118582 -0)
(44.8929 0.000124055 -0)
(44.8928 9.73645e-05 -0)
(44.8927 6.22395e-05 -0)
(44.8926 5.38247e-05 -0)
(44.8927 7.16658e-05 -0)
(44.8927 8.45944e-05 -0)
(44.8927 6.79531e-05 -0)
(44.8926 2.72361e-05 -0)
(44.8924 -1.08331e-05 -0)
(44.8923 -2.41234e-05 -0)
(44.8923 -1.23778e-05 -0)
(44.8924 5.69253e-06 -0)
(44.8924 8.89452e-06 -0)
(44.8924 -1.08886e-05 -0)
(44.8924 -4.4245e-05 -0)
(44.8923 -7.14735e-05 -0)
(44.8923 -7.49209e-05 -0)
(44.8923 -4.84856e-05 -0)
(44.8925 2.34515e-07 -0)
(44.8929 5.48092e-05 -0)
(44.8933 9.81233e-05 -0)
(44.8937 0.000119364 -0)
(44.8941 0.000116945 -0)
(44.8943 9.69334e-05 -0)
(44.8945 6.85773e-05 -0)
(44.8946 3.94751e-05 -0)
(44.8946 1.26462e-05 -0)
(44.8919 0.000422407 -0)
(44.8924 0.000304426 -0)
(44.8927 0.000163387 -0)
(44.8928 5.70431e-05 -0)
(44.8928 0.000166637 -0)
(44.8928 0.000182284 -0)
(44.8927 0.000114069 -0)
(44.8928 7.41883e-05 -0)
(44.8929 5.7099e-05 -0)
(44.8929 3.78145e-05 -0)
(44.8928 3.48938e-05 -0)
(44.8928 6.03216e-05 -0)
(44.8928 8.36929e-05 -0)
(44.8928 7.19417e-05 -0)
(44.8928 3.41921e-05 -0)
(44.8927 8.34479e-06 -0)
(44.8927 1.52415e-05 -0)
(44.8927 3.86716e-05 -0)
(44.8927 4.69587e-05 -0)
(44.8927 2.57235e-05 -0)
(44.8926 -1.11769e-05 -0)
(44.8924 -3.72908e-05 -0)
(44.8923 -3.68611e-05 -0)
(44.8923 -1.56583e-05 -0)
(44.8924 6.13996e-06 -0)
(44.8924 1.02237e-05 -0)
(44.8924 -7.29658e-06 -0)
(44.8923 -3.44291e-05 -0)
(44.8923 -5.17479e-05 -0)
(44.8923 -4.40481e-05 -0)
(44.8924 -8.24631e-06 -0)
(44.8926 4.58974e-05 -0)
(44.8929 0.000101283 -0)
(44.8933 0.000141449 -0)
(44.8937 0.000156952 -0)
(44.894 0.000147663 -0)
(44.8943 0.000120776 -0)
(44.8945 8.61721e-05 -0)
(44.8946 5.14392e-05 -0)
(44.8946 1.83492e-05 -0)
(44.8925 -2.47069e-05 -0)
(44.8925 9.495e-05 -0)
(44.8926 3.84728e-05 -0)
(44.8927 -6.86766e-06 -0)
(44.8928 3.02631e-05 -0)
(44.8928 4.2256e-05 -0)
(44.8928 5.56751e-05 -0)
(44.8928 5.95647e-05 -0)
(44.8928 3.08557e-05 -0)
(44.8928 -3.60147e-06 -0)
(44.8928 -8.72383e-06 -0)
(44.8928 1.1597e-05 -0)
(44.8928 2.69811e-05 -0)
(44.8928 2.00005e-05 -0)
(44.8928 1.36749e-06 -0)
(44.8927 -8.10687e-06 -0)
(44.8927 -1.22451e-06 -0)
(44.8927 1.10717e-05 -0)
(44.8927 1.36226e-05 -0)
(44.8926 1.96753e-06 -0)
(44.8925 -1.5156e-05 -0)
(44.8924 -2.49333e-05 -0)
(44.8924 -2.12425e-05 -0)
(44.8924 -8.43411e-06 -0)
(44.8924 3.17595e-06 -0)
(44.8924 5.27766e-06 -0)
(44.8924 -2.96653e-06 -0)
(44.8923 -1.49378e-05 -0)
(44.8923 -2.10537e-05 -0)
(44.8923 -1.4388e-05 -0)
(44.8924 5.8067e-06 -0)
(44.8927 3.41055e-05 -0)
(44.893 6.18191e-05 -0)
(44.8934 8.09304e-05 -0)
(44.8937 8.71171e-05 -0)
(44.894 8.07275e-05 -0)
(44.8943 6.56755e-05 -0)
(44.8944 4.70709e-05 -0)
(44.8945 2.86804e-05 -0)
(44.8946 1.09141e-05 -0)
)
;

boundaryField
{
    topWall
    {
        type            extrapolatedCalculated;
        value           nonuniform List<vector> 
40
(
(44.8925 -0 -0)
(44.8925 -0 -0)
(44.8926 -0 -0)
(44.8927 -0 -0)
(44.8928 -0 -0)
(44.8928 -0 -0)
(44.8928 -0 -0)
(44.8928 -0 -0)
(44.8928 -0 -0)
(44.8928 -0 -0)
(44.8928 -0 -0)
(44.8928 -0 -0)
(44.8928 -0 -0)
(44.8928 -0 -0)
(44.8928 -0 -0)
(44.8927 -0 -0)
(44.8927 -0 -0)
(44.8927 -0 -0)
(44.8927 -0 -0)
(44.8926 -0 -0)
(44.8925 -0 -0)
(44.8924 -0 -0)
(44.8924 -0 -0)
(44.8924 -0 -0)
(44.8924 -0 -0)
(44.8924 -0 -0)
(44.8924 -0 -0)
(44.8923 -0 -0)
(44.8923 -0 -0)
(44.8923 -0 -0)
(44.8924 -0 -0)
(44.8927 -0 -0)
(44.893 -0 -0)
(44.8934 -0 -0)
(44.8937 -0 -0)
(44.894 -0 -0)
(44.8943 -0 -0)
(44.8944 -0 -0)
(44.8945 -0 -0)
(44.8946 -0 -0)
)
;
    }
    rightWall
    {
        type            extrapolatedCalculated;
        value           nonuniform List<vector> 
40
(
(44.8919 1.66233e-05 -0)
(44.8918 4.73691e-05 -0)
(44.8917 7.03952e-05 -0)
(44.8915 8.43421e-05 -0)
(44.8914 9.13354e-05 -0)
(44.8912 9.24494e-05 -0)
(44.891 8.8201e-05 -0)
(44.8908 7.9096e-05 -0)
(44.8907 6.57736e-05 -0)
(44.8906 4.88516e-05 -0)
(44.8905 2.88214e-05 -0)
(44.8904 6.21624e-06 -0)
(44.8904 -1.81538e-05 -0)
(44.8905 -4.32267e-05 -0)
(44.8906 -6.78991e-05 -0)
(44.8908 -9.1109e-05 -0)
(44.891 -0.00011181 -0)
(44.8912 -0.000129078 -0)
(44.8915 -0.000142298 -0)
(44.8918 -0.000151195 -0)
(44.8921 -0.000155747 -0)
(44.8924 -0.000156134 -0)
(44.8927 -0.000152716 -0)
(44.893 -0.000145973 -0)
(44.8933 -0.000136446 -0)
(44.8936 -0.000124703 -0)
(44.8938 -0.000111317 -0)
(44.894 -9.68502e-05 -0)
(44.8942 -8.18348e-05 -0)
(44.8944 -6.67722e-05 -0)
(44.8945 -5.21269e-05 -0)
(44.8946 -3.83223e-05 -0)
(44.8946 -2.5733e-05 -0)
(44.8947 -1.46705e-05 -0)
(44.8947 -5.35678e-06 -0)
(44.8947 2.12228e-06 -0)
(44.8947 7.91239e-06 -0)
(44.8947 1.26462e-05 -0)
(44.8946 1.83492e-05 -0)
(44.8946 1.09141e-05 -0)
)
;
    }
    bottomWall
    {
        type            extrapolatedCalculated;
        value           nonuniform List<vector> 
40
(
(44.8928 -0 -0)
(44.8927 -0 -0)
(44.8928 -0 -0)
(44.8934 -0 -0)
(44.8926 -0 -0)
(44.8927 -0 -0)
(44.8931 -0 -0)
(44.8931 -0 -0)
(44.8938 -0 -0)
(44.8935 -0 -0)
(44.8931 -0 -0)
(44.8938 -0 -0)
(44.8937 -0 -0)
(44.8931 -0 -0)
(44.8935 -0 -0)
(44.8943 -0 -0)
(44.8941 -0 -0)
(44.8932 -0 -0)
(44.8929 -0 -0)
(44.8936 -0 -0)
(44.8943 -0 -0)
(44.8943 -0 -0)
(44.8935 -0 -0)
(44.8927 -0 -0)
(44.8925 -0 -0)
(44.8929 -0 -0)
(44.8935 -0 -0)
(44.8937 -0 -0)
(44.8933 -0 -0)
(44.8925 -0 -0)
(44.8918 -0 -0)
(44.8913 -0 -0)
(44.8914 -0 -0)
(44.8918 -0 -0)
(44.8924 -0 -0)
(44.8928 -0 -0)
(44.8929 -0 -0)
(44.8927 -0 -0)
(44.8923 -0 -0)
(44.892 -0 -0)
)
;
    }
    frontAndBack
    {
        type            empty;
    }
    solid_to_region0
    {
        type            extrapolatedCalculated;
        value           nonuniform List<vector> 
40
(
(44.8921 -0.00115691 -0)
(44.8931 -0.00086019 -0)
(44.8933 0.000243365 -0)
(44.893 -2.36327e-05 -0)
(44.8931 -0.000102433 -0)
(44.8932 -6.84668e-05 -0)
(44.8932 0.000122941 -0)
(44.8931 3.70319e-05 -0)
(44.8931 -9.37419e-05 -0)
(44.8932 -0.00013915 -0)
(44.8931 -9.75482e-05 -0)
(44.8931 -2.48945e-05 -0)
(44.8931 2.28117e-05 -0)
(44.8931 3.42175e-05 -0)
(44.8931 3.48591e-05 -0)
(44.8931 4.98138e-05 -0)
(44.8931 8.18201e-05 -0)
(44.8931 0.00011786 -0)
(44.8931 0.000146994 -0)
(44.8931 0.000169571 -0)
(44.8931 0.000192621 -0)
(44.8931 0.000219837 -0)
(44.8931 0.000247287 -0)
(44.8931 0.000268942 -0)
(44.8931 0.000285738 -0)
(44.8931 0.000306792 -0)
(44.8931 0.000337803 -0)
(44.8931 0.000367473 -0)
(44.8931 0.000373739 -0)
(44.893 0.000356552 -0)
(44.8931 0.00036094 -0)
(44.8931 0.000429907 -0)
(44.8931 0.000500561 -0)
(44.893 0.000409596 -0)
(44.8929 0.000152158 -0)
(44.8933 0.000139886 -0)
(44.8938 0.000769905 -0)
(44.8922 0.00107887 -0)
(44.8914 0.000422407 -0)
(44.8926 -2.47069e-05 -0)
)
;
    }
}


// ************************************************************************* //
