/*--------------------------------*- C++ -*----------------------------------*\
  =========                 |
  \\      /  F ield         | OpenFOAM: The Open Source CFD Toolbox
   \\    /   O peration     | Website:  https://openfoam.org
    \\  /    A nd           | Version:  7
     \\/     M anipulation  |
\*---------------------------------------------------------------------------*/
FoamFile
{
    version     2.0;
    format      ascii;
    class       volScalarField;
    location    "0.3/solid";
    object      Tsolid;
}
// * * * * * * * * * * * * * * * * * * * * * * * * * * * * * * * * * * * * * //

dimensions      [0 0 0 1 0 0 0];

internalField   nonuniform List<scalar> 
1600
(
304.433
304.321
304.209
304.096
303.984
303.872
303.76
303.648
303.535
303.423
303.311
303.199
303.086
302.974
302.862
302.75
302.637
302.525
302.413
302.301
302.189
302.076
301.964
301.852
301.74
301.627
301.515
301.403
301.291
301.178
301.066
300.954
300.842
300.73
300.617
300.505
300.393
300.281
300.168
300.056
304.433
304.321
304.209
304.096
303.984
303.872
303.76
303.648
303.535
303.423
303.311
303.199
303.086
302.974
302.862
302.75
302.637
302.525
302.413
302.301
302.189
302.076
301.964
301.852
301.74
301.627
301.515
301.403
301.291
301.178
301.066
300.954
300.842
300.73
300.617
300.505
300.393
300.281
300.168
300.056
304.433
304.321
304.209
304.096
303.984
303.872
303.76
303.648
303.535
303.423
303.311
303.199
303.086
302.974
302.862
302.75
302.637
302.525
302.413
302.301
302.189
302.076
301.964
301.852
301.74
301.627
301.515
301.403
301.291
301.178
301.066
300.954
300.842
300.73
300.617
300.505
300.393
300.281
300.168
300.056
304.433
304.321
304.209
304.096
303.984
303.872
303.76
303.648
303.535
303.423
303.311
303.199
303.086
302.974
302.862
302.75
302.637
302.525
302.413
302.301
302.189
302.076
301.964
301.852
301.74
301.627
301.515
301.403
301.291
301.178
301.066
300.954
300.842
300.73
300.617
300.505
300.393
300.281
300.168
300.056
304.433
304.321
304.209
304.096
303.984
303.872
303.76
303.648
303.535
303.423
303.311
303.199
303.086
302.974
302.862
302.75
302.637
302.525
302.413
302.301
302.189
302.076
301.964
301.852
301.74
301.627
301.515
301.403
301.291
301.178
301.066
300.954
300.842
300.73
300.617
300.505
300.393
300.281
300.168
300.056
304.433
304.321
304.209
304.096
303.984
303.872
303.76
303.648
303.535
303.423
303.311
303.199
303.086
302.974
302.862
302.75
302.637
302.525
302.413
302.301
302.189
302.076
301.964
301.852
301.74
301.627
301.515
301.403
301.291
301.178
301.066
300.954
300.842
300.73
300.617
300.505
300.393
300.281
300.168
300.056
304.433
304.321
304.209
304.096
303.984
303.872
303.76
303.648
303.535
303.423
303.311
303.199
303.086
302.974
302.862
302.75
302.637
302.525
302.413
302.301
302.189
302.076
301.964
301.852
301.74
301.627
301.515
301.403
301.291
301.178
301.066
300.954
300.842
300.729
300.617
300.505
300.393
300.281
300.168
300.056
304.433
304.321
304.209
304.096
303.984
303.872
303.76
303.648
303.535
303.423
303.311
303.199
303.086
302.974
302.862
302.75
302.637
302.525
302.413
302.301
302.189
302.076
301.964
301.852
301.74
301.627
301.515
301.403
301.291
301.178
301.066
300.954
300.842
300.729
300.617
300.505
300.393
300.281
300.168
300.056
304.433
304.321
304.209
304.096
303.984
303.872
303.76
303.648
303.535
303.423
303.311
303.199
303.086
302.974
302.862
302.75
302.637
302.525
302.413
302.301
302.189
302.076
301.964
301.852
301.74
301.627
301.515
301.403
301.291
301.178
301.066
300.954
300.842
300.729
300.617
300.505
300.393
300.281
300.168
300.056
304.433
304.321
304.209
304.096
303.984
303.872
303.76
303.648
303.535
303.423
303.311
303.199
303.086
302.974
302.862
302.75
302.637
302.525
302.413
302.301
302.189
302.076
301.964
301.852
301.74
301.627
301.515
301.403
301.291
301.178
301.066
300.954
300.842
300.729
300.617
300.505
300.393
300.281
300.168
300.056
304.433
304.321
304.209
304.096
303.984
303.872
303.76
303.648
303.535
303.423
303.311
303.199
303.086
302.974
302.862
302.75
302.637
302.525
302.413
302.301
302.189
302.076
301.964
301.852
301.74
301.627
301.515
301.403
301.291
301.178
301.066
300.954
300.842
300.729
300.617
300.505
300.393
300.281
300.168
300.056
304.433
304.321
304.209
304.096
303.984
303.872
303.76
303.648
303.535
303.423
303.311
303.199
303.086
302.974
302.862
302.75
302.637
302.525
302.413
302.301
302.189
302.076
301.964
301.852
301.74
301.627
301.515
301.403
301.291
301.178
301.066
300.954
300.842
300.729
300.617
300.505
300.393
300.281
300.168
300.056
304.433
304.321
304.209
304.096
303.984
303.872
303.76
303.648
303.535
303.423
303.311
303.199
303.086
302.974
302.862
302.75
302.637
302.525
302.413
302.301
302.189
302.076
301.964
301.852
301.74
301.627
301.515
301.403
301.291
301.178
301.066
300.954
300.842
300.729
300.617
300.505
300.393
300.281
300.168
300.056
304.433
304.321
304.209
304.096
303.984
303.872
303.76
303.648
303.535
303.423
303.311
303.199
303.086
302.974
302.862
302.75
302.637
302.525
302.413
302.301
302.189
302.076
301.964
301.852
301.74
301.627
301.515
301.403
301.291
301.178
301.066
300.954
300.842
300.729
300.617
300.505
300.393
300.281
300.168
300.056
304.433
304.321
304.209
304.096
303.984
303.872
303.76
303.648
303.535
303.423
303.311
303.199
303.086
302.974
302.862
302.75
302.637
302.525
302.413
302.301
302.189
302.076
301.964
301.852
301.74
301.627
301.515
301.403
301.291
301.178
301.066
300.954
300.842
300.73
300.617
300.505
300.393
300.281
300.168
300.056
304.433
304.321
304.209
304.096
303.984
303.872
303.76
303.648
303.535
303.423
303.311
303.199
303.086
302.974
302.862
302.75
302.637
302.525
302.413
302.301
302.189
302.076
301.964
301.852
301.74
301.627
301.515
301.403
301.291
301.178
301.066
300.954
300.842
300.73
300.617
300.505
300.393
300.281
300.168
300.056
304.433
304.321
304.209
304.096
303.984
303.872
303.76
303.648
303.535
303.423
303.311
303.199
303.086
302.974
302.862
302.75
302.637
302.525
302.413
302.301
302.189
302.076
301.964
301.852
301.74
301.627
301.515
301.403
301.291
301.178
301.066
300.954
300.842
300.73
300.617
300.505
300.393
300.281
300.168
300.056
304.433
304.321
304.209
304.096
303.984
303.872
303.76
303.648
303.535
303.423
303.311
303.199
303.086
302.974
302.862
302.75
302.637
302.525
302.413
302.301
302.189
302.076
301.964
301.852
301.74
301.627
301.515
301.403
301.291
301.178
301.066
300.954
300.842
300.73
300.617
300.505
300.393
300.281
300.168
300.056
304.433
304.321
304.209
304.096
303.984
303.872
303.76
303.648
303.535
303.423
303.311
303.199
303.086
302.974
302.862
302.75
302.637
302.525
302.413
302.301
302.189
302.076
301.964
301.852
301.74
301.627
301.515
301.403
301.291
301.178
301.066
300.954
300.842
300.73
300.617
300.505
300.393
300.281
300.168
300.056
304.433
304.321
304.209
304.096
303.984
303.872
303.76
303.648
303.535
303.423
303.311
303.199
303.086
302.974
302.862
302.75
302.637
302.525
302.413
302.301
302.189
302.076
301.964
301.852
301.74
301.627
301.515
301.403
301.291
301.178
301.066
300.954
300.842
300.73
300.617
300.505
300.393
300.281
300.168
300.056
304.433
304.321
304.209
304.096
303.984
303.872
303.76
303.648
303.535
303.423
303.311
303.199
303.086
302.974
302.862
302.75
302.637
302.525
302.413
302.301
302.189
302.076
301.964
301.852
301.74
301.627
301.515
301.403
301.291
301.178
301.066
300.954
300.842
300.73
300.617
300.505
300.393
300.281
300.168
300.056
304.433
304.321
304.209
304.096
303.984
303.872
303.76
303.648
303.535
303.423
303.311
303.199
303.086
302.974
302.862
302.75
302.637
302.525
302.413
302.301
302.189
302.076
301.964
301.852
301.74
301.627
301.515
301.403
301.291
301.178
301.066
300.954
300.842
300.73
300.617
300.505
300.393
300.281
300.168
300.056
304.433
304.321
304.209
304.096
303.984
303.872
303.76
303.648
303.535
303.423
303.311
303.199
303.086
302.974
302.862
302.75
302.637
302.525
302.413
302.301
302.189
302.076
301.964
301.852
301.74
301.627
301.515
301.403
301.291
301.178
301.066
300.954
300.842
300.73
300.617
300.505
300.393
300.281
300.168
300.056
304.433
304.321
304.209
304.096
303.984
303.872
303.76
303.648
303.535
303.423
303.311
303.199
303.086
302.974
302.862
302.75
302.637
302.525
302.413
302.301
302.189
302.076
301.964
301.852
301.74
301.627
301.515
301.403
301.291
301.178
301.066
300.954
300.842
300.73
300.617
300.505
300.393
300.281
300.168
300.056
304.433
304.321
304.209
304.096
303.984
303.872
303.76
303.648
303.535
303.423
303.311
303.199
303.086
302.974
302.862
302.75
302.637
302.525
302.413
302.301
302.189
302.076
301.964
301.852
301.74
301.627
301.515
301.403
301.291
301.178
301.066
300.954
300.842
300.73
300.617
300.505
300.393
300.281
300.168
300.056
304.433
304.321
304.209
304.096
303.984
303.872
303.76
303.648
303.535
303.423
303.311
303.199
303.086
302.974
302.862
302.75
302.637
302.525
302.413
302.301
302.189
302.076
301.964
301.852
301.74
301.627
301.515
301.403
301.291
301.178
301.066
300.954
300.842
300.73
300.617
300.505
300.393
300.281
300.168
300.056
304.433
304.321
304.209
304.096
303.984
303.872
303.76
303.648
303.535
303.423
303.311
303.199
303.086
302.974
302.862
302.75
302.637
302.525
302.413
302.301
302.189
302.076
301.964
301.852
301.74
301.627
301.515
301.403
301.291
301.178
301.066
300.954
300.842
300.73
300.617
300.505
300.393
300.281
300.168
300.056
304.433
304.321
304.209
304.096
303.984
303.872
303.76
303.648
303.535
303.423
303.311
303.199
303.086
302.974
302.862
302.75
302.637
302.525
302.413
302.301
302.189
302.076
301.964
301.852
301.74
301.627
301.515
301.403
301.291
301.178
301.066
300.954
300.842
300.73
300.617
300.505
300.393
300.281
300.168
300.056
304.433
304.321
304.209
304.096
303.984
303.872
303.76
303.648
303.535
303.423
303.311
303.199
303.086
302.974
302.862
302.75
302.637
302.525
302.413
302.301
302.189
302.076
301.964
301.852
301.74
301.627
301.515
301.403
301.291
301.178
301.066
300.954
300.842
300.73
300.617
300.505
300.393
300.281
300.168
300.056
304.433
304.321
304.209
304.096
303.984
303.872
303.76
303.648
303.535
303.423
303.311
303.199
303.086
302.974
302.862
302.75
302.637
302.525
302.413
302.301
302.189
302.076
301.964
301.852
301.74
301.627
301.515
301.403
301.291
301.178
301.066
300.954
300.842
300.73
300.617
300.505
300.393
300.281
300.168
300.056
304.433
304.321
304.209
304.096
303.984
303.872
303.76
303.648
303.535
303.423
303.311
303.199
303.086
302.974
302.862
302.75
302.637
302.525
302.413
302.301
302.189
302.076
301.964
301.852
301.74
301.627
301.515
301.403
301.291
301.178
301.066
300.954
300.842
300.73
300.617
300.505
300.393
300.281
300.168
300.056
304.433
304.321
304.209
304.096
303.984
303.872
303.76
303.648
303.535
303.423
303.311
303.199
303.086
302.974
302.862
302.75
302.637
302.525
302.413
302.301
302.189
302.076
301.964
301.852
301.74
301.627
301.515
301.403
301.291
301.178
301.066
300.954
300.842
300.73
300.617
300.505
300.393
300.281
300.168
300.056
304.433
304.321
304.209
304.096
303.984
303.872
303.76
303.648
303.535
303.423
303.311
303.199
303.086
302.974
302.862
302.75
302.637
302.525
302.413
302.301
302.189
302.076
301.964
301.852
301.74
301.627
301.515
301.403
301.291
301.178
301.066
300.954
300.842
300.73
300.617
300.505
300.393
300.281
300.168
300.056
304.433
304.321
304.209
304.096
303.984
303.872
303.76
303.648
303.535
303.423
303.311
303.199
303.086
302.974
302.862
302.75
302.637
302.525
302.413
302.301
302.189
302.076
301.964
301.852
301.74
301.627
301.515
301.403
301.291
301.178
301.066
300.954
300.842
300.73
300.617
300.505
300.393
300.281
300.168
300.056
304.433
304.321
304.209
304.096
303.984
303.872
303.76
303.648
303.535
303.423
303.311
303.199
303.086
302.974
302.862
302.75
302.637
302.525
302.413
302.301
302.189
302.076
301.964
301.852
301.74
301.627
301.515
301.403
301.291
301.178
301.066
300.954
300.842
300.73
300.617
300.505
300.393
300.281
300.168
300.056
304.433
304.321
304.209
304.096
303.984
303.872
303.76
303.648
303.535
303.423
303.311
303.199
303.086
302.974
302.862
302.75
302.637
302.525
302.413
302.301
302.189
302.076
301.964
301.852
301.74
301.627
301.515
301.403
301.291
301.178
301.066
300.954
300.842
300.73
300.617
300.505
300.393
300.281
300.168
300.056
304.433
304.321
304.209
304.096
303.984
303.872
303.76
303.648
303.535
303.423
303.311
303.199
303.086
302.974
302.862
302.75
302.637
302.525
302.413
302.301
302.189
302.076
301.964
301.852
301.74
301.627
301.515
301.403
301.291
301.178
301.066
300.954
300.842
300.73
300.617
300.505
300.393
300.281
300.168
300.056
304.433
304.321
304.209
304.096
303.984
303.872
303.76
303.648
303.535
303.423
303.311
303.199
303.086
302.974
302.862
302.75
302.637
302.525
302.413
302.301
302.189
302.076
301.964
301.852
301.74
301.627
301.515
301.403
301.291
301.178
301.066
300.954
300.842
300.73
300.617
300.505
300.393
300.281
300.168
300.056
304.433
304.321
304.209
304.096
303.984
303.872
303.76
303.648
303.535
303.423
303.311
303.199
303.086
302.974
302.862
302.75
302.637
302.525
302.413
302.301
302.189
302.076
301.964
301.852
301.74
301.627
301.515
301.403
301.291
301.178
301.066
300.954
300.842
300.73
300.617
300.505
300.393
300.281
300.168
300.056
304.433
304.321
304.209
304.096
303.984
303.872
303.76
303.648
303.535
303.423
303.311
303.199
303.086
302.974
302.862
302.75
302.637
302.525
302.413
302.301
302.189
302.076
301.964
301.852
301.74
301.627
301.515
301.403
301.291
301.178
301.066
300.954
300.842
300.73
300.617
300.505
300.393
300.281
300.168
300.056
)
;

boundaryField
{
    topWall
    {
        type            zeroGradient;
    }
    rightWall
    {
        type            fixedValue;
        value           uniform 300;
    }
    bottomWall
    {
        type            zeroGradient;
    }
    frontAndBack
    {
        type            empty;
    }
    solid_to_region0
    {
        type            compressible::turbulentTemperatureCoupledBaffleMixed;
        refValue        nonuniform List<scalar> 
40
(
305.05
305.05
305.05
305.05
305.05
305.05
305.05
305.05
305.05
305.05
305.05
305.05
305.05
305.05
305.05
305.05
305.05
305.05
305.05
305.05
305.05
305.05
305.05
305.05
305.05
305.05
305.05
305.05
305.05
305.05
305.05
305.05
305.05
305.05
305.05
305.05
305.05
305.05
305.05
305.05
)
;
        refGradient     uniform 0;
        valueFraction   nonuniform List<scalar> 
40
(
0.0909091
0.0909091
0.0909091
0.0909091
0.0909091
0.0909091
0.0909091
0.0909091
0.0909091
0.0909091
0.0909091
0.0909091
0.0909091
0.0909091
0.0909091
0.0909091
0.0909091
0.0909091
0.0909091
0.0909091
0.0909091
0.0909091
0.0909091
0.0909091
0.0909091
0.0909091
0.0909091
0.0909091
0.0909091
0.0909091
0.0909091
0.0909091
0.0909091
0.0909091
0.0909091
0.0909091
0.0909091
0.0909091
0.0909091
0.0909091
)
;
        value           nonuniform List<scalar> 
40
(
304.489
304.489
304.489
304.489
304.489
304.489
304.489
304.489
304.489
304.489
304.489
304.489
304.489
304.489
304.489
304.489
304.489
304.489
304.489
304.489
304.489
304.489
304.489
304.489
304.489
304.489
304.489
304.489
304.489
304.489
304.489
304.489
304.489
304.489
304.489
304.489
304.489
304.489
304.489
304.489
)
;
        Tnbr            Tair;
        thicknessLayers 0();
        kappaLayers     0();
        kappaMethod     lookup;
        kappa           kappaSolid;
        alphaAni        Anialpha;
    }
}


// ************************************************************************* //
