/*--------------------------------*- C++ -*----------------------------------*\
  =========                 |
  \\      /  F ield         | OpenFOAM: The Open Source CFD Toolbox
   \\    /   O peration     | Website:  https://openfoam.org
    \\  /    A nd           | Version:  7
     \\/     M anipulation  |
\*---------------------------------------------------------------------------*/
FoamFile
{
    version     2.0;
    format      ascii;
    class       labelList;
    note        "nPoints: 10238 nCells: 4963 nFaces: 20007 nInternalFaces: 9771";
    location    "constant/dielectric/polyMesh";
    object      neighbour;
}
// * * * * * * * * * * * * * * * * * * * * * * * * * * * * * * * * * * * * * //


9771
(
1
98
2
99
3
100
4
101
5
102
6
103
7
104
8
105
9
106
10
107
11
108
12
109
13
110
14
111
15
112
16
113
17
114
18
115
19
116
20
117
21
118
22
119
23
120
24
121
25
122
26
123
27
124
28
125
29
126
30
127
31
128
32
129
33
130
34
131
35
132
36
133
37
134
38
135
39
136
40
137
41
138
42
139
43
140
44
141
45
142
46
143
47
144
48
145
49
146
50
147
51
148
52
149
53
150
54
151
55
152
56
153
57
154
58
155
59
156
60
157
61
158
62
159
63
160
64
161
65
162
66
163
67
164
68
165
69
166
70
167
71
168
72
169
73
170
74
171
75
172
76
173
77
174
78
175
79
176
80
177
81
178
82
179
83
180
84
181
85
182
86
183
87
184
88
185
89
186
90
187
91
188
92
189
93
190
94
191
95
192
96
193
97
194
195
99
196
100
197
101
198
102
199
103
200
104
201
105
202
106
203
107
204
108
205
109
206
110
207
111
208
112
209
113
210
114
211
115
212
116
213
117
214
118
215
119
216
120
217
121
218
122
219
123
220
124
221
125
222
126
223
127
224
128
225
129
226
130
227
131
228
132
229
133
230
134
231
135
232
136
233
137
234
138
235
139
236
140
237
141
238
142
239
143
240
144
241
145
242
146
243
147
244
148
245
149
246
150
247
151
248
152
249
153
250
154
251
155
252
156
253
157
254
158
255
159
256
160
257
161
258
162
259
163
260
164
261
165
262
166
263
167
264
168
265
169
266
170
267
171
268
172
269
173
270
174
271
175
272
176
273
177
274
178
275
179
276
180
277
181
278
182
279
183
280
184
281
185
282
186
283
187
284
188
285
189
286
190
287
191
288
192
289
193
290
194
291
195
292
293
197
294
198
295
199
296
200
297
201
298
202
299
203
300
204
301
205
302
206
303
207
304
208
305
209
306
210
307
211
308
212
309
213
310
214
311
215
312
216
313
217
314
218
315
219
316
220
317
221
318
222
319
223
320
224
321
225
322
226
323
227
324
228
325
229
326
230
327
231
328
232
329
233
330
234
331
235
332
236
333
237
334
238
335
239
336
240
337
241
338
242
339
243
340
244
341
245
342
246
343
247
344
248
345
249
346
250
347
251
348
252
349
253
350
254
351
255
352
256
353
257
354
258
355
259
356
260
357
261
358
262
359
263
360
264
361
265
362
266
363
267
364
268
365
269
366
270
367
271
368
272
369
273
370
274
371
275
372
276
373
277
374
278
375
279
376
280
377
281
378
282
379
283
380
284
381
285
382
286
383
287
384
288
385
289
386
290
387
291
388
292
389
293
390
391
295
392
296
393
297
394
298
395
299
396
300
397
301
398
302
399
303
400
304
401
305
402
306
403
307
404
308
405
309
406
310
407
311
408
312
409
313
410
314
411
315
412
316
413
317
414
318
415
319
416
320
417
321
418
322
419
323
420
324
421
325
422
326
423
327
424
328
425
329
426
330
427
331
428
332
429
333
430
334
431
335
432
336
433
337
434
338
435
339
436
340
437
341
438
342
439
343
440
344
441
345
442
346
443
347
444
348
445
349
446
350
447
351
448
352
449
353
450
354
451
355
452
356
453
357
454
358
455
359
456
360
457
361
458
362
459
363
460
364
461
365
462
366
463
367
464
368
465
369
466
370
467
371
468
372
469
373
470
374
471
375
472
376
473
377
474
378
475
379
476
380
477
381
478
382
479
383
480
384
481
385
482
386
483
387
484
388
485
389
486
390
487
391
488
489
393
490
394
491
395
492
396
493
397
494
398
495
399
496
400
497
401
498
402
499
403
500
404
501
405
502
406
503
407
504
408
505
409
506
410
507
411
508
412
509
413
510
414
511
415
512
416
513
417
514
418
515
419
516
420
517
421
518
422
519
423
520
424
521
425
522
426
523
427
524
428
525
429
526
430
527
431
528
432
529
433
530
434
531
435
532
436
533
437
534
438
535
439
536
440
537
441
538
442
539
443
540
444
541
445
542
446
543
447
544
448
545
449
546
450
547
451
548
452
549
453
550
454
551
455
552
456
553
457
554
458
555
459
556
460
557
461
558
462
559
463
560
464
561
465
562
466
563
467
564
468
565
469
566
470
567
471
568
472
569
473
570
474
571
475
572
476
573
477
574
478
575
479
576
480
577
481
578
482
579
483
580
484
581
485
582
486
583
487
584
488
585
489
586
587
491
588
492
589
493
590
494
591
495
592
496
593
497
594
498
595
499
596
500
597
501
598
502
599
503
600
504
601
505
602
506
603
507
604
508
605
509
606
510
607
511
608
512
609
513
610
514
611
515
612
516
613
517
614
518
615
519
616
520
617
521
618
522
619
523
620
524
621
525
622
526
623
527
624
528
625
529
626
530
627
531
628
532
629
533
630
534
631
535
632
536
633
537
634
538
635
539
636
540
637
541
638
542
639
543
640
544
641
545
642
546
643
547
644
548
645
549
646
550
647
551
648
552
649
553
650
554
651
555
652
556
653
557
654
558
655
559
656
560
657
561
658
562
659
563
660
564
661
565
662
566
663
567
664
568
665
569
666
570
667
571
668
572
669
573
670
574
671
575
672
576
673
577
674
578
675
579
676
580
677
581
678
582
679
583
680
584
681
585
682
586
683
587
684
685
589
686
590
687
591
688
592
689
593
690
594
691
595
692
596
693
597
694
598
695
599
696
600
697
601
698
602
699
603
700
604
701
605
702
606
703
607
704
608
705
609
706
610
707
611
708
612
709
613
710
614
711
615
712
616
713
617
714
618
715
619
716
620
717
621
718
622
719
623
720
624
721
625
722
626
723
627
724
628
725
629
726
630
727
631
728
632
729
633
730
634
731
635
732
636
733
637
734
638
735
639
736
640
737
641
738
642
739
643
740
644
741
645
742
646
743
647
744
648
745
649
746
650
747
651
748
652
749
653
750
654
751
655
752
656
753
657
754
658
755
659
756
660
757
661
758
662
759
663
760
664
761
665
762
666
763
667
764
668
765
669
766
670
767
671
768
672
769
673
770
674
771
675
772
676
773
677
774
678
775
679
776
680
777
681
778
682
779
683
780
684
781
685
782
783
687
784
688
785
689
786
690
787
691
788
692
789
693
790
694
791
695
792
696
793
697
794
698
795
699
796
700
797
701
798
702
799
703
800
704
801
705
802
706
803
707
804
708
805
709
806
710
807
711
808
712
809
713
810
714
811
715
812
716
813
717
814
718
815
719
816
720
817
721
818
722
819
723
820
724
821
725
822
726
823
727
824
728
825
729
826
730
827
731
828
732
829
733
830
734
831
735
832
736
833
737
834
738
835
739
836
740
837
741
838
742
839
743
840
744
841
745
842
746
843
747
844
748
845
749
846
750
847
751
848
752
849
753
850
754
851
755
852
756
853
757
854
758
855
759
856
760
857
761
858
762
859
763
860
764
861
765
862
766
863
767
864
768
865
769
866
770
867
771
868
772
869
773
870
774
871
775
872
776
873
777
874
778
875
779
876
780
877
781
878
782
879
783
880
881
785
882
786
883
787
884
788
885
789
886
790
887
791
888
792
889
793
890
794
891
795
892
796
893
797
894
798
895
799
896
800
897
801
898
802
899
803
900
804
901
805
902
806
903
807
904
808
905
809
906
810
907
811
908
812
909
813
910
814
911
815
912
816
913
817
914
818
915
819
916
820
917
821
918
822
919
823
920
824
921
825
922
826
923
827
924
828
925
829
926
830
927
831
928
832
929
833
930
834
931
835
932
836
933
837
934
838
935
839
936
840
937
841
938
842
939
843
940
844
941
845
942
846
943
847
944
848
945
849
946
850
947
851
948
852
949
853
950
854
951
855
952
856
953
857
954
858
955
859
956
860
957
861
958
862
959
863
960
864
961
865
962
866
963
867
964
868
965
869
966
870
967
871
968
872
969
873
970
874
971
875
972
876
973
877
974
878
975
879
976
880
977
881
978
979
883
980
884
981
885
982
886
983
887
984
888
985
889
986
890
987
891
988
892
989
893
990
894
991
895
992
896
993
897
994
898
995
899
996
900
997
901
998
902
999
903
1000
904
1001
905
1002
906
1003
907
1004
908
1005
909
1006
910
1007
911
1008
912
1009
913
1010
914
1011
915
1012
916
1013
917
1014
918
1015
919
1016
920
1017
921
1018
922
1019
923
1020
924
1021
925
1022
926
1023
927
1024
928
1025
929
1026
930
1027
931
1028
932
1029
933
1030
934
1031
935
1032
936
1033
937
1034
938
1035
939
1036
940
1037
941
1038
942
1039
943
1040
944
1041
945
1042
946
1043
947
1044
948
1045
949
1046
950
1047
951
1048
952
1049
953
1050
954
1051
955
1052
956
1053
957
1054
958
1055
959
1056
960
1057
961
1058
962
1059
963
1060
964
1061
965
1062
966
1063
967
1064
968
1065
969
1066
970
1067
971
1068
972
1069
973
1070
974
1071
975
1072
976
1073
977
1074
978
1075
979
1076
1077
981
1078
982
1079
983
1080
984
1081
985
1082
986
1083
987
1084
988
1085
989
1086
990
1087
991
1088
992
1089
993
1090
994
1091
995
1092
996
1093
997
1094
998
1095
999
1096
1000
1097
1001
1098
1002
1099
1003
1100
1004
1101
1005
1102
1006
1103
1007
1104
1008
1105
1009
1106
1010
1107
1011
1108
1012
1109
1013
1110
1014
1111
1015
1112
1016
1113
1017
1114
1018
1115
1019
1116
1020
1117
1021
1118
1022
1119
1023
1120
1024
1121
1025
1122
1026
1123
1027
1124
1028
1125
1029
1126
1030
1127
1031
1128
1032
1129
1033
1130
1034
1131
1035
1132
1036
1133
1037
1134
1038
1135
1039
1136
1040
1137
1041
1138
1042
1139
1043
1140
1044
1141
1045
1142
1046
1143
1047
1144
1048
1145
1049
1146
1050
1147
1051
1148
1052
1149
1053
1150
1054
1151
1055
1152
1056
1153
1057
1154
1058
1155
1059
1156
1060
1157
1061
1158
1062
1159
1063
1160
1064
1161
1065
1162
1066
1163
1067
1164
1068
1165
1069
1166
1070
1167
1071
1168
1072
1169
1073
1170
1074
1171
1075
1172
1076
1173
1077
1174
1175
1079
1176
1080
1177
1081
1178
1082
1179
1083
1180
1084
1181
1085
1182
1086
1183
1087
1184
1088
1185
1089
1186
1090
1187
1091
1188
1092
1189
1093
1190
1094
1191
1095
1192
1096
1193
1097
1194
1098
1195
1099
1196
1100
1197
1101
1198
1102
1199
1103
1200
1104
1201
1105
1202
1106
1203
1107
1204
1108
1205
1109
1206
1110
1207
1111
1208
1112
1209
1113
1210
1114
1211
1115
1212
1116
1213
1117
1214
1118
1215
1119
1216
1120
1217
1121
1218
1122
1219
1123
1220
1124
1221
1125
1222
1126
1223
1127
1224
1128
1225
1129
1226
1130
1227
1131
1228
1132
1229
1133
1230
1134
1231
1135
1232
1136
1233
1137
1234
1138
1235
1139
1236
1140
1237
1141
1238
1142
1239
1143
1240
1144
1241
1145
1242
1146
1243
1147
1244
1148
1245
1149
1246
1150
1247
1151
1248
1152
1249
1153
1250
1154
1251
1155
1252
1156
1253
1157
1254
1158
1255
1159
1256
1160
1257
1161
1258
1162
1259
1163
1260
1164
1261
1165
1262
1166
1263
1167
1264
1168
1265
1169
1266
1170
1267
1171
1268
1172
1269
1173
1270
1174
1271
1175
1272
1273
1177
1274
1178
1275
1179
1276
1180
1277
1181
1278
1182
1279
1183
1280
1184
1281
1185
1282
1186
1283
1187
1284
1188
1285
1189
1286
1190
1287
1191
1288
1192
1289
1193
1290
1194
1291
1195
1292
1196
1293
1197
1294
1198
1295
1199
1296
1200
1297
1201
1298
1202
1299
1203
1300
1204
1301
1205
1302
1206
1303
1207
1304
1208
1305
1209
1306
1210
1307
1211
1308
1212
1309
1213
1310
1214
1311
1215
1312
1216
1313
1217
1314
1218
1315
1219
1316
1220
1317
1221
1318
1222
1319
1223
1320
1224
1321
1225
1322
1226
1323
1227
1324
1228
1325
1229
1326
1230
1327
1231
1328
1232
1329
1233
1330
1234
1331
1235
1332
1236
1333
1237
1334
1238
1335
1239
1336
1240
1337
1241
1338
1242
1339
1243
1340
1244
1341
1245
1342
1246
1343
1247
1344
1248
1345
1249
1346
1250
1347
1251
1348
1252
1349
1253
1350
1254
1351
1255
1352
1256
1353
1257
1354
1258
1355
1259
1356
1260
1357
1261
1358
1262
1359
1263
1360
1264
1361
1265
1362
1266
1363
1267
1364
1268
1365
1269
1366
1270
1367
1271
1368
1272
1369
1273
1370
1371
1275
1372
1276
1373
1277
1374
1278
1375
1279
1376
1280
1377
1281
1378
1282
1379
1283
1380
1284
1381
1285
1382
1286
1383
1287
1384
1288
1385
1289
1386
1290
1387
1291
1388
1292
1389
1293
1390
1294
1391
1295
1392
1296
1393
1297
1394
1298
1395
1299
1396
1300
1397
1301
1398
1302
1399
1303
1400
1304
1401
1305
1402
1306
1403
1307
1404
1308
1405
1309
1406
1310
1407
1311
1408
1312
1409
1313
1410
1314
1411
1315
1412
1316
1413
1317
1414
1318
1415
1319
1416
1320
1417
1321
1418
1322
1419
1323
1420
1324
1421
1325
1422
1326
1423
1327
1424
1328
1425
1329
1426
1330
1427
1331
1428
1332
1429
1333
1430
1334
1431
1335
1432
1336
1433
1337
1434
1338
1435
1339
1436
1340
1437
1341
1438
1342
1439
1343
1440
1344
1441
1345
1442
1346
1443
1347
1444
1348
1445
1349
1446
1350
1447
1351
1448
1352
1449
1353
1450
1354
1451
1355
1452
1356
1453
1357
1454
1358
1455
1359
1456
1360
1457
1361
1458
1362
1459
1363
1460
1364
1461
1365
1462
1366
1463
1367
1464
1368
1465
1369
1466
1370
1467
1371
1468
1469
1373
1470
1374
1471
1375
1472
1376
1473
1377
1474
1378
1475
1379
1476
1380
1477
1381
1478
1382
1479
1383
1480
1384
1481
1385
1482
1386
1483
1387
1484
1388
1485
1389
1486
1390
1487
1391
1488
1392
1489
1393
1490
1394
1491
1395
1492
1396
1493
1397
1494
1398
1495
1399
1496
1400
1497
1401
1498
1402
1499
1403
1500
1404
1501
1405
1502
1406
1503
1407
1504
1408
1505
1409
1506
1410
1507
1411
1508
1412
1509
1413
1510
1414
1511
1415
1512
1416
1513
1417
1514
1418
1515
1419
1516
1420
1517
1421
1518
1422
1519
1423
1520
1424
1521
1425
1522
1426
1523
1427
1524
1428
1525
1429
1526
1430
1527
1431
1528
1432
1529
1433
1530
1434
1531
1435
1532
1436
1533
1437
1534
1438
1535
1439
1536
1440
1537
1441
1538
1442
1539
1443
1540
1444
1541
1445
1542
1446
1543
1447
1544
1448
1545
1449
1546
1450
1547
1451
1548
1452
1549
1453
1550
1454
1551
1455
1552
1456
1553
1457
1554
1458
1555
1459
1556
1460
1557
1461
1558
1462
1559
1463
1560
1464
1561
1465
1562
1466
1563
1467
1564
1468
1565
1469
1566
1567
1471
1568
1472
1569
1473
1570
1474
1571
1475
1572
1476
1573
1477
1574
1478
1575
1479
1576
1480
1577
1481
1578
1482
1579
1483
1580
1484
1581
1485
1582
1486
1583
1487
1584
1488
1585
1489
1586
1490
1587
1491
1588
1492
1589
1493
1590
1494
1591
1495
1592
1496
1593
1497
1594
1498
1595
1499
1596
1500
1597
1501
1598
1502
1599
1503
1600
1504
1601
1505
1602
1506
1603
1507
1604
1508
1605
1509
1606
1510
1607
1511
1608
1512
1609
1513
1610
1514
1611
1515
1612
1516
1613
1517
1614
1518
1615
1519
1616
1520
1617
1521
1618
1522
1619
1523
1620
1524
1621
1525
1622
1526
1623
1527
1624
1528
1625
1529
1626
1530
1627
1531
1628
1532
1629
1533
1630
1534
1631
1535
1632
1536
1633
1537
1634
1538
1635
1539
1636
1540
1637
1541
1638
1542
1639
1543
1640
1544
1641
1545
1642
1546
1643
1547
1644
1548
1645
1549
1646
1550
1647
1551
1648
1552
1649
1553
1650
1554
1651
1555
1652
1556
1653
1557
1654
1558
1655
1559
1656
1560
1657
1561
1658
1562
1659
1563
1660
1564
1661
1565
1662
1566
1663
1567
1664
1665
1569
1666
1570
1667
1571
1668
1572
1669
1573
1670
1574
1671
1575
1672
1576
1673
1577
1674
1578
1675
1579
1676
1580
1677
1581
1678
1582
1679
1583
1680
1584
1681
1585
1682
1586
1683
1587
1684
1588
1685
1589
1686
1590
1687
1591
1688
1592
1689
1593
1690
1594
1691
1595
1692
1596
1693
1597
1694
1598
1695
1599
1696
1600
1697
1601
1698
1602
1699
1603
1700
1604
1701
1605
1702
1606
1703
1607
1704
1608
1705
1609
1706
1610
1707
1611
1708
1612
1709
1613
1710
1614
1711
1615
1712
1616
1713
1617
1714
1618
1715
1619
1716
1620
1717
1621
1718
1622
1719
1623
1720
1624
1721
1625
1722
1626
1723
1627
1724
1628
1725
1629
1726
1630
1727
1631
1728
1632
1729
1633
1730
1634
1731
1635
1732
1636
1733
1637
1734
1638
1735
1639
1736
1640
1737
1641
1738
1642
1739
1643
1740
1644
1741
1645
1742
1646
1743
1647
1744
1648
1745
1649
1746
1650
1747
1651
1748
1652
1749
1653
1750
1654
1751
1655
1752
1656
1753
1657
1754
1658
1755
1659
1756
1660
1757
1661
1758
1662
1759
1663
1760
1664
1761
1665
1762
1763
1667
1764
1668
1765
1669
1766
1670
1767
1671
1768
1672
1769
1673
1770
1674
1771
1675
1772
1676
1773
1677
1774
1678
1775
1679
1776
1680
1777
1681
1778
1682
1779
1683
1780
1684
1781
1685
1782
1686
1783
1687
1784
1688
1785
1689
1786
1690
1787
1691
1788
1692
1789
1693
1790
1694
1791
1695
1792
1696
1793
1697
1794
1698
1795
1699
1796
1700
1797
1701
1798
1702
1799
1703
1800
1704
1801
1705
1802
1706
1803
1707
1804
1708
1805
1709
1806
1710
1807
1711
1808
1712
1809
1713
1810
1714
1811
1715
1812
1716
1813
1717
1814
1718
1815
1719
1816
1720
1817
1721
1818
1722
1819
1723
1820
1724
1821
1725
1822
1726
1823
1727
1824
1728
1825
1729
1826
1730
1827
1731
1828
1732
1829
1733
1830
1734
1831
1735
1832
1736
1833
1737
1834
1738
1835
1739
1836
1740
1837
1741
1838
1742
1839
1743
1840
1744
1841
1745
1842
1746
1843
1747
1844
1748
1845
1749
1846
1750
1847
1751
1848
1752
1849
1753
1850
1754
1851
1755
1852
1756
1853
1757
1854
1758
1855
1759
1856
1760
1857
1761
1858
1762
1859
1763
1860
1861
1765
1862
1766
1863
1767
1864
1768
1865
1769
1866
1770
1867
1771
1868
1772
1869
1773
1870
1774
1871
1775
1872
1776
1873
1777
1874
1778
1875
1779
1876
1780
1877
1781
1878
1782
1879
1783
1880
1784
1881
1785
1882
1786
1883
1787
1884
1788
1885
1789
1886
1790
1887
1791
1888
1792
1889
1793
1890
1794
1891
1795
1892
1796
1893
1797
1894
1798
1895
1799
1896
1800
1897
1801
1898
1802
1899
1803
1900
1804
1901
1805
1902
1806
1903
1807
1904
1808
1905
1809
1906
1810
1907
1811
1908
1812
1909
1813
1910
1814
1911
1815
1912
1816
1913
1817
1914
1818
1915
1819
1916
1820
1917
1821
1918
1822
1919
1823
1920
1824
1921
1825
1922
1826
1923
1827
1924
1828
1925
1829
1926
1830
1927
1831
1928
1832
1929
1833
1930
1834
1931
1835
1932
1836
1933
1837
1934
1838
1935
1839
1936
1840
1937
1841
1938
1842
1939
1843
1940
1844
1941
1845
1942
1846
1943
1847
1944
1848
1945
1849
1946
1850
1947
1851
1948
1852
1949
1853
1950
1854
1951
1855
1952
1856
1953
1857
1954
1858
1955
1859
1956
1860
1957
1861
1958
1959
1863
1960
1864
1961
1865
1962
1866
1963
1867
1964
1868
1965
1869
1966
1870
1967
1871
1968
1872
1969
1873
1970
1874
1971
1875
1972
1876
1973
1877
1974
1878
1975
1879
1976
1880
1977
1881
1978
1882
1979
1883
1980
1884
1981
1885
1982
1886
1983
1887
1984
1888
1985
1889
1986
1890
1987
1891
1988
1892
1989
1893
1990
1894
1991
1895
1992
1896
1993
1897
1994
1898
1995
1899
1996
1900
1997
1901
1998
1902
1999
1903
2000
1904
2001
1905
2002
1906
2003
1907
2004
1908
2005
1909
2006
1910
2007
1911
2008
1912
2009
1913
2010
1914
2011
1915
2012
1916
2013
1917
2014
1918
2015
1919
2016
1920
2017
1921
2018
1922
2019
1923
2020
1924
2021
1925
2022
1926
2023
1927
2024
1928
2025
1929
2026
1930
2027
1931
2028
1932
2029
1933
2030
1934
2031
1935
2032
1936
2033
1937
2034
1938
2035
1939
2036
1940
2037
1941
2038
1942
2039
1943
2040
1944
2041
1945
2042
1946
2043
1947
2044
1948
2045
1949
2046
1950
2047
1951
2048
1952
2049
1953
2050
1954
2051
1955
2052
1956
2053
1957
2054
1958
2055
1959
2056
2057
1961
2058
1962
2059
1963
2060
1964
2061
1965
2062
1966
2063
1967
2064
1968
2065
1969
2066
1970
2067
1971
2068
1972
2069
1973
2070
1974
2071
1975
2072
1976
2073
1977
2074
1978
2075
1979
2076
1980
2077
1981
2078
1982
2079
1983
2080
1984
2081
1985
2082
1986
2083
1987
2084
1988
2085
1989
2086
1990
2087
1991
2088
1992
2089
1993
2090
1994
2091
1995
2092
1996
2093
1997
2094
1998
2095
1999
2096
2000
2097
2001
2098
2002
2099
2003
2100
2004
2101
2005
2102
2006
2103
2007
2104
2008
2105
2009
2106
2010
2107
2011
2108
2012
2109
2013
2110
2014
2111
2015
2112
2016
2113
2017
2114
2018
2115
2019
2116
2020
2117
2021
2118
2022
2119
2023
2120
2024
2121
2025
2122
2026
2123
2027
2124
2028
2125
2029
2126
2030
2127
2031
2128
2032
2129
2033
2130
2034
2131
2035
2132
2036
2133
2037
2134
2038
2135
2039
2136
2040
2137
2041
2138
2042
2139
2043
2140
2044
2141
2045
2142
2046
2143
2047
2144
2048
2145
2049
2146
2050
2147
2051
2148
2052
2149
2053
2150
2054
2151
2055
2152
2056
2153
2057
2154
2155
2059
2157
2060
2158
2061
2159
2062
2160
2063
2161
2064
2162
2065
2163
2066
2164
2067
2165
2068
2166
2069
2167
2070
2168
2071
2169
2072
2170
2073
2171
2074
2172
2075
2173
2076
2174
2077
2175
2078
2176
2079
2177
2080
2178
2081
2179
2082
2180
2083
2181
2084
2182
2085
2183
2086
2184
2087
2185
2088
2186
2089
2187
2090
2188
2091
2189
2092
2190
2093
2191
2094
2192
2095
2193
2096
2194
2097
2195
2098
2196
2099
2197
2100
2198
2101
2199
2102
2200
2103
2201
2104
2202
2105
2203
2106
2204
2107
2205
2108
2206
2109
2207
2110
2208
2111
2209
2112
2210
2113
2211
2114
2212
2115
2213
2116
2214
2117
2215
2118
2216
2119
2217
2120
2218
2121
2219
2122
2220
2123
2221
2124
2222
2125
2223
2126
2224
2127
2225
2128
2226
2129
2227
2130
2228
2131
2229
2132
2230
2133
2231
2134
2232
2135
2233
2136
2234
2137
2235
2138
2236
2139
2237
2140
2238
2141
2239
2142
2240
2143
2241
2144
2242
2145
2243
2146
2244
2147
2245
2148
2246
2149
2247
2150
2248
2151
2249
2152
2250
2153
2251
2154
2252
2155
2253
2254
2157
2255
2158
2256
2159
2257
2160
2258
2161
2259
2162
2260
2163
2261
2164
2262
2165
2263
2166
2264
2167
2265
2168
2266
2169
2267
2170
2268
2171
2269
2172
2270
2173
2271
2174
2272
2175
2273
2176
2274
2177
2275
2178
2276
2179
2277
2180
2278
2181
2279
2182
2280
2183
2281
2184
2282
2185
2283
2186
2284
2187
2285
2188
2286
2189
2287
2190
2288
2191
2289
2192
2290
2193
2291
2194
2292
2195
2293
2196
2294
2197
2295
2198
2296
2199
2297
2200
2298
2201
2299
2202
2300
2203
2301
2204
2302
2205
2303
2206
2304
2207
2305
2208
2306
2209
2307
2210
2308
2211
2309
2212
2310
2213
2311
2214
2312
2215
2313
2216
2314
2217
2315
2218
2316
2219
2317
2220
2318
2221
2319
2222
2320
2223
2321
2224
2322
2225
2323
2226
2324
2227
2325
2228
2326
2229
2327
2230
2328
2231
2329
2232
2330
2233
2331
2234
2332
2235
2333
2236
2334
2237
2335
2238
2336
2239
2337
2240
2338
2241
2339
2242
2340
2243
2341
2244
2342
2245
2343
2246
2344
2247
2345
2248
2346
2249
2347
2250
2348
2251
2349
2252
2350
2253
2351
2254
2352
2353
2256
2354
2257
2355
2258
2356
2259
2357
2260
2358
2261
2359
2262
2360
2263
2361
2264
2362
2265
2363
2266
2364
2267
2365
2268
2366
2269
2367
2270
2368
2271
2369
2272
2370
2273
2371
2274
2372
2275
2373
2276
2374
2277
2375
2278
2376
2279
2377
2280
2378
2281
2379
2282
2380
2283
2381
2284
2382
2285
2383
2286
2384
2287
2385
2288
2386
2289
2387
2290
2388
2291
2389
2292
2390
2293
2391
2294
2392
2295
2393
2296
2394
2297
2395
2298
2396
2299
2397
2300
2398
2301
2399
2302
2400
2303
2401
2304
2402
2305
2403
2306
2404
2307
2405
2308
2406
2309
2407
2310
2408
2311
2409
2312
2410
2313
2411
2314
2412
2315
2413
2316
2414
2317
2415
2318
2416
2319
2417
2320
2418
2321
2419
2322
2420
2323
2421
2324
2422
2325
2423
2326
2424
2327
2425
2328
2426
2329
2427
2330
2428
2331
2429
2332
2430
2333
2431
2334
2432
2335
2433
2336
2434
2337
2435
2338
2436
2339
2437
2340
2438
2341
2439
2342
2440
2343
2441
2344
2442
2345
2443
2346
2444
2347
2445
2348
2446
2349
2447
2350
2448
2351
2449
2352
2450
2353
2451
2452
2355
2454
2356
2455
2357
2456
2358
2457
2359
2458
2360
2459
2361
2460
2362
2461
2363
2462
2364
2463
2365
2464
2366
2465
2367
2466
2368
2467
2369
2468
2370
2469
2371
2470
2372
2471
2373
2472
2374
2473
2375
2474
2376
2475
2377
2476
2378
2477
2379
2478
2380
2479
2381
2480
2382
2481
2383
2482
2384
2483
2385
2484
2386
2485
2387
2486
2388
2487
2389
2488
2390
2489
2391
2490
2392
2491
2393
2492
2394
2493
2395
2494
2396
2495
2397
2496
2398
2497
2399
2498
2400
2499
2401
2500
2402
2501
2403
2502
2404
2503
2405
2504
2406
2505
2407
2506
2408
2507
2409
2508
2410
2509
2411
2510
2412
2511
2413
2512
2414
2513
2415
2514
2416
2515
2417
2516
2418
2517
2419
2518
2420
2519
2421
2520
2422
2521
2423
2522
2424
2523
2425
2524
2426
2525
2427
2526
2428
2527
2429
2528
2430
2529
2431
2530
2432
2531
2433
2532
2434
2533
2435
2534
2436
2535
2437
2536
2438
2537
2439
2538
2440
2539
2441
2540
2442
2541
2443
2542
2444
2543
2445
2544
2446
2545
2447
2546
2448
2547
2449
2548
2450
2549
2451
2550
2452
2551
2552
2454
2558
2455
2559
2456
2560
2457
2561
2458
2562
2459
2563
2460
2564
2461
2565
2462
2566
2463
2567
2464
2568
2465
2569
2466
2570
2467
2571
2468
2572
2469
2573
2470
2574
2471
2575
2472
2576
2473
2577
2474
2578
2475
2579
2476
2580
2477
2581
2478
2582
2479
2583
2480
2584
2481
2585
2482
2586
2483
2587
2484
2588
2485
2589
2486
2590
2487
2591
2488
2592
2489
2593
2490
2594
2491
2595
2492
2596
2493
2597
2494
2598
2495
2599
2496
2600
2497
2601
2498
2602
2499
2603
2500
2604
2501
2605
2502
2606
2503
2607
2504
2608
2505
2609
2506
2610
2507
2611
2508
2612
2509
2613
2510
2614
2511
2615
2512
2616
2513
2617
2514
2618
2515
2619
2516
2620
2517
2621
2518
2622
2519
2623
2520
2624
2521
2625
2522
2626
2523
2627
2524
2628
2525
2629
2526
2630
2527
2631
2528
2632
2529
2633
2530
2634
2531
2635
2532
2636
2533
2637
2534
2638
2535
2639
2536
2640
2537
2641
2538
2642
2539
2643
2540
2644
2541
2645
2542
2646
2543
2647
2544
2648
2545
2649
2546
2650
2547
2651
2548
2652
2549
2653
2550
2654
2551
2655
2552
2656
2657
2554
2658
2555
2659
2556
2660
2557
2661
2558
2662
2559
2663
2560
2664
2561
2665
2562
2666
2563
2667
2564
2668
2565
2669
2566
2670
2567
2671
2568
2672
2569
2673
2570
2674
2571
2675
2572
2676
2573
2677
2574
2678
2575
2679
2576
2680
2577
2681
2578
2682
2579
2683
2580
2684
2581
2685
2582
2686
2583
2687
2584
2688
2585
2689
2586
2690
2587
2691
2588
2692
2589
2693
2590
2694
2591
2695
2592
2696
2593
2697
2594
2698
2595
2699
2596
2700
2597
2701
2598
2702
2599
2703
2600
2704
2601
2705
2602
2706
2603
2707
2604
2708
2605
2709
2606
2710
2607
2711
2608
2712
2609
2713
2610
2714
2611
2715
2612
2716
2613
2717
2614
2718
2615
2719
2616
2720
2617
2721
2618
2722
2619
2723
2620
2724
2621
2725
2622
2726
2623
2727
2624
2728
2625
2729
2626
2730
2627
2731
2628
2732
2629
2733
2630
2734
2631
2735
2632
2736
2633
2737
2634
2738
2635
2739
2636
2740
2637
2741
2638
2742
2639
2743
2640
2744
2641
2745
2642
2746
2643
2747
2644
2748
2645
2749
2646
2750
2647
2751
2648
2752
2649
2753
2650
2754
2651
2755
2652
2756
2653
2757
2654
2758
2655
2759
2656
2760
2657
2761
2762
2659
2763
2660
2764
2661
2765
2662
2766
2663
2767
2664
2768
2665
2769
2666
2770
2667
2771
2668
2772
2669
2773
2670
2774
2671
2775
2672
2776
2673
2777
2674
2778
2675
2779
2676
2780
2677
2781
2678
2782
2679
2783
2680
2784
2681
2785
2682
2786
2683
2787
2684
2788
2685
2789
2686
2790
2687
2791
2688
2792
2689
2793
2690
2794
2691
2795
2692
2796
2693
2797
2694
2798
2695
2799
2696
2800
2697
2801
2698
2802
2699
2803
2700
2804
2701
2805
2702
2806
2703
2807
2704
2808
2705
2809
2706
2810
2707
2811
2708
2812
2709
2813
2710
2814
2711
2815
2712
2816
2713
2817
2714
2818
2715
2819
2716
2820
2717
2821
2718
2822
2719
2823
2720
2824
2721
2825
2722
2826
2723
2827
2724
2828
2725
2829
2726
2830
2727
2831
2728
2832
2729
2833
2730
2834
2731
2835
2732
2836
2733
2837
2734
2838
2735
2839
2736
2840
2737
2841
2738
2842
2739
2843
2740
2844
2741
2845
2742
2846
2743
2847
2744
2848
2745
2849
2746
2850
2747
2851
2748
2852
2749
2853
2750
2854
2751
2855
2752
2856
2753
2857
2754
2858
2755
2859
2756
2860
2757
2861
2758
2862
2759
2760
2761
2762
2764
2863
2765
2864
2766
2865
2767
2866
2768
2867
2769
2868
2770
2869
2771
2870
2772
2871
2773
2872
2774
2873
2775
2874
2776
2875
2777
2876
2778
2877
2779
2878
2780
2879
2781
2880
2782
2881
2783
2882
2784
2883
2785
2884
2786
2885
2787
2886
2788
2887
2789
2888
2790
2889
2791
2890
2792
2891
2793
2892
2794
2893
2795
2894
2796
2895
2797
2896
2798
2897
2799
2898
2800
2899
2801
2900
2802
2901
2803
2902
2804
2903
2805
2904
2806
2905
2807
2906
2808
2907
2809
2908
2810
2909
2811
2910
2812
2911
2813
2912
2814
2913
2815
2914
2816
2915
2817
2916
2818
2917
2819
2918
2820
2919
2821
2920
2822
2921
2823
2922
2824
2923
2825
2924
2826
2925
2827
2926
2828
2927
2829
2928
2830
2929
2831
2930
2832
2931
2833
2932
2834
2933
2835
2934
2836
2935
2837
2936
2838
2937
2839
2938
2840
2939
2841
2940
2842
2941
2843
2942
2844
2943
2845
2944
2846
2945
2847
2946
2848
2947
2849
2948
2850
2949
2851
2950
2852
2951
2853
2952
2854
2953
2855
2954
2856
2955
2857
2956
2858
2957
2859
2958
2860
2959
2861
2960
2862
2961
2962
2864
2963
2865
2964
2866
2965
2867
2966
2868
2967
2869
2968
2870
2969
2871
2970
2872
2971
2873
2972
2874
2973
2875
2974
2876
2975
2877
2976
2878
2977
2879
2978
2880
2979
2881
2980
2882
2981
2883
2982
2884
2983
2885
2984
2886
2985
2887
2986
2888
2987
2889
2988
2890
2989
2891
2990
2892
2991
2893
2992
2894
2993
2895
2994
2896
2995
2897
2996
2898
2997
2899
2998
2900
2999
2901
3000
2902
3001
2903
3002
2904
3003
2905
3004
2906
3005
2907
3006
2908
3007
2909
3008
2910
3009
2911
3010
2912
3011
2913
3012
2914
3013
2915
3014
2916
3015
2917
3016
2918
3017
2919
3018
2920
3019
2921
3020
2922
3021
2923
3022
2924
3023
2925
3024
2926
3025
2927
3026
2928
3027
2929
3028
2930
3029
2931
3030
2932
3031
2933
3032
2934
3033
2935
3034
2936
3035
2937
3036
2938
3037
2939
3038
2940
3039
2941
3040
2942
3041
2943
3042
2944
3043
2945
3044
2946
3045
2947
3046
2948
3047
2949
3048
2950
3049
2951
3050
2952
3051
2953
3052
2954
3053
2955
3054
2956
3055
2957
3056
2958
3057
2959
3058
2960
3059
2961
3060
2962
3061
3062
2964
3063
2965
3064
2966
3065
2967
3066
2968
3067
2969
3068
2970
3069
2971
3070
2972
3071
2973
3072
2974
3073
2975
3074
2976
3075
2977
3076
2978
3077
2979
3078
2980
3079
2981
3080
2982
3081
2983
3082
2984
3083
2985
3084
2986
3085
2987
3086
2988
3087
2989
3088
2990
3089
2991
3090
2992
3091
2993
3092
2994
3093
2995
3094
2996
3095
2997
3096
2998
3097
2999
3098
3000
3099
3001
3100
3002
3101
3003
3102
3004
3103
3005
3104
3006
3105
3007
3106
3008
3107
3009
3108
3010
3109
3011
3110
3012
3111
3013
3112
3014
3113
3015
3114
3016
3115
3017
3116
3018
3117
3019
3118
3020
3119
3021
3120
3022
3121
3023
3122
3024
3123
3025
3124
3026
3125
3027
3126
3028
3127
3029
3128
3030
3129
3031
3130
3032
3131
3033
3132
3034
3133
3035
3134
3036
3135
3037
3136
3038
3137
3039
3138
3040
3139
3041
3140
3042
3141
3043
3142
3044
3143
3045
3144
3046
3145
3047
3146
3048
3147
3049
3148
3050
3149
3051
3150
3052
3151
3053
3152
3054
3153
3055
3154
3056
3155
3057
3156
3058
3157
3059
3158
3060
3159
3061
3160
3062
3161
3162
3064
3163
3065
3164
3066
3165
3067
3166
3068
3167
3069
3168
3070
3169
3071
3170
3072
3171
3073
3172
3074
3173
3075
3174
3076
3175
3077
3176
3078
3177
3079
3178
3080
3179
3081
3180
3082
3181
3083
3182
3084
3183
3085
3184
3086
3185
3087
3186
3088
3187
3089
3188
3090
3189
3091
3190
3092
3191
3093
3192
3094
3193
3095
3194
3096
3195
3097
3196
3098
3197
3099
3198
3100
3199
3101
3200
3102
3201
3103
3202
3104
3203
3105
3204
3106
3205
3107
3206
3108
3207
3109
3208
3110
3209
3111
3210
3112
3211
3113
3212
3114
3213
3115
3214
3116
3215
3117
3216
3118
3217
3119
3218
3120
3219
3121
3220
3122
3221
3123
3222
3124
3223
3125
3224
3126
3225
3127
3226
3128
3227
3129
3228
3130
3229
3131
3230
3132
3231
3133
3232
3134
3233
3135
3234
3136
3235
3137
3236
3138
3237
3139
3238
3140
3239
3141
3240
3142
3241
3143
3242
3144
3243
3145
3244
3146
3245
3147
3246
3148
3247
3149
3248
3150
3249
3151
3250
3152
3251
3153
3252
3154
3253
3155
3254
3156
3255
3157
3256
3158
3257
3159
3258
3160
3259
3161
3260
3162
3261
3262
3164
3263
3165
3264
3166
3265
3167
3266
3168
3267
3169
3268
3170
3269
3171
3270
3172
3271
3173
3272
3174
3273
3175
3274
3176
3275
3177
3276
3178
3277
3179
3278
3180
3279
3181
3280
3182
3281
3183
3282
3184
3283
3185
3284
3186
3285
3187
3286
3188
3287
3189
3288
3190
3289
3191
3290
3192
3291
3193
3292
3194
3293
3195
3294
3196
3295
3197
3296
3198
3297
3199
3298
3200
3299
3201
3300
3202
3301
3203
3302
3204
3303
3205
3304
3206
3305
3207
3306
3208
3307
3209
3308
3210
3309
3211
3310
3212
3311
3213
3312
3214
3313
3215
3314
3216
3315
3217
3316
3218
3317
3219
3318
3220
3319
3221
3320
3222
3321
3223
3322
3224
3323
3225
3324
3226
3325
3227
3326
3228
3327
3229
3328
3230
3329
3231
3330
3232
3331
3233
3332
3234
3333
3235
3334
3236
3335
3237
3336
3238
3337
3239
3338
3240
3339
3241
3340
3242
3341
3243
3342
3244
3343
3245
3344
3246
3345
3247
3346
3248
3347
3249
3348
3250
3349
3251
3350
3252
3351
3253
3352
3254
3353
3255
3354
3256
3355
3257
3356
3258
3357
3259
3358
3260
3359
3261
3360
3262
3361
3362
3264
3363
3265
3364
3266
3365
3267
3366
3268
3367
3269
3368
3270
3369
3271
3370
3272
3371
3273
3372
3274
3373
3275
3374
3276
3375
3277
3376
3278
3377
3279
3378
3280
3379
3281
3380
3282
3381
3283
3382
3284
3383
3285
3384
3286
3385
3287
3386
3288
3387
3289
3388
3290
3389
3291
3390
3292
3391
3293
3392
3294
3393
3295
3394
3296
3395
3297
3396
3298
3397
3299
3398
3300
3399
3301
3400
3302
3401
3303
3402
3304
3403
3305
3404
3306
3405
3307
3406
3308
3407
3309
3408
3310
3409
3311
3410
3312
3411
3313
3412
3314
3413
3315
3414
3316
3415
3317
3416
3318
3417
3319
3418
3320
3419
3321
3420
3322
3421
3323
3422
3324
3423
3325
3424
3326
3425
3327
3426
3328
3427
3329
3428
3330
3429
3331
3430
3332
3431
3333
3432
3334
3433
3335
3434
3336
3435
3337
3436
3338
3437
3339
3438
3340
3439
3341
3440
3342
3441
3343
3442
3344
3443
3345
3444
3346
3445
3347
3446
3348
3447
3349
3448
3350
3449
3351
3450
3352
3451
3353
3452
3354
3453
3355
3454
3356
3455
3357
3456
3358
3457
3359
3458
3360
3459
3361
3460
3362
3461
3462
3364
3463
3365
3464
3366
3465
3367
3466
3368
3467
3369
3468
3370
3469
3371
3470
3372
3471
3373
3472
3374
3473
3375
3474
3376
3475
3377
3476
3378
3477
3379
3478
3380
3479
3381
3480
3382
3481
3383
3482
3384
3483
3385
3484
3386
3485
3387
3486
3388
3487
3389
3488
3390
3489
3391
3490
3392
3491
3393
3492
3394
3493
3395
3494
3396
3495
3397
3496
3398
3497
3399
3498
3400
3499
3401
3500
3402
3501
3403
3502
3404
3503
3405
3504
3406
3505
3407
3506
3408
3507
3409
3508
3410
3509
3411
3510
3412
3511
3413
3512
3414
3513
3415
3514
3416
3515
3417
3516
3418
3517
3419
3518
3420
3519
3421
3520
3422
3521
3423
3522
3424
3523
3425
3524
3426
3525
3427
3526
3428
3527
3429
3528
3430
3529
3431
3530
3432
3531
3433
3532
3434
3533
3435
3534
3436
3535
3437
3536
3438
3537
3439
3538
3440
3539
3441
3540
3442
3541
3443
3542
3444
3543
3445
3544
3446
3545
3447
3546
3448
3547
3449
3548
3450
3549
3451
3550
3452
3551
3453
3552
3454
3553
3455
3554
3456
3555
3457
3556
3458
3557
3459
3558
3460
3559
3461
3560
3462
3561
3562
3464
3563
3465
3564
3466
3565
3467
3566
3468
3567
3469
3568
3470
3569
3471
3570
3472
3571
3473
3572
3474
3573
3475
3574
3476
3575
3477
3576
3478
3577
3479
3578
3480
3579
3481
3580
3482
3581
3483
3582
3484
3583
3485
3584
3486
3585
3487
3586
3488
3587
3489
3588
3490
3589
3491
3590
3492
3591
3493
3592
3494
3593
3495
3594
3496
3595
3497
3596
3498
3597
3499
3598
3500
3599
3501
3600
3502
3601
3503
3602
3504
3603
3505
3604
3506
3605
3507
3606
3508
3607
3509
3608
3510
3609
3511
3610
3512
3611
3513
3612
3514
3613
3515
3614
3516
3615
3517
3616
3518
3617
3519
3618
3520
3619
3521
3620
3522
3621
3523
3622
3524
3623
3525
3624
3526
3625
3527
3626
3528
3627
3529
3628
3530
3629
3531
3630
3532
3631
3533
3632
3534
3633
3535
3634
3536
3635
3537
3636
3538
3637
3539
3638
3540
3639
3541
3640
3542
3641
3543
3642
3544
3643
3545
3644
3546
3645
3547
3646
3548
3647
3549
3648
3550
3649
3551
3650
3552
3651
3553
3652
3554
3653
3555
3654
3556
3655
3557
3656
3558
3657
3559
3658
3560
3659
3561
3660
3562
3661
3662
3564
3663
3565
3664
3566
3665
3567
3666
3568
3667
3569
3668
3570
3669
3571
3670
3572
3671
3573
3672
3574
3673
3575
3674
3576
3675
3577
3676
3578
3677
3579
3678
3580
3679
3581
3680
3582
3681
3583
3682
3584
3683
3585
3684
3586
3685
3587
3686
3588
3687
3589
3688
3590
3689
3591
3690
3592
3691
3593
3692
3594
3693
3595
3694
3596
3695
3597
3696
3598
3697
3599
3698
3600
3699
3601
3700
3602
3701
3603
3702
3604
3703
3605
3704
3606
3705
3607
3706
3608
3707
3609
3708
3610
3709
3611
3710
3612
3711
3613
3712
3614
3713
3615
3714
3616
3715
3617
3716
3618
3717
3619
3718
3620
3719
3621
3720
3622
3721
3623
3722
3624
3723
3625
3724
3626
3725
3627
3726
3628
3727
3629
3728
3630
3729
3631
3730
3632
3731
3633
3732
3634
3733
3635
3734
3636
3735
3637
3736
3638
3737
3639
3738
3640
3739
3641
3740
3642
3741
3643
3742
3644
3743
3645
3744
3646
3745
3647
3746
3648
3747
3649
3748
3650
3749
3651
3750
3652
3751
3653
3752
3654
3753
3655
3754
3656
3755
3657
3756
3658
3757
3659
3758
3660
3759
3661
3760
3662
3761
3762
3664
3763
3665
3764
3666
3765
3667
3766
3668
3767
3669
3768
3670
3769
3671
3770
3672
3771
3673
3772
3674
3773
3675
3774
3676
3775
3677
3776
3678
3777
3679
3778
3680
3779
3681
3780
3682
3781
3683
3782
3684
3783
3685
3784
3686
3785
3687
3786
3688
3787
3689
3788
3690
3789
3691
3790
3692
3791
3693
3792
3694
3793
3695
3794
3696
3795
3697
3796
3698
3797
3699
3798
3700
3799
3701
3800
3702
3801
3703
3802
3704
3803
3705
3804
3706
3805
3707
3806
3708
3807
3709
3808
3710
3809
3711
3810
3712
3811
3713
3812
3714
3813
3715
3814
3716
3815
3717
3816
3718
3817
3719
3818
3720
3819
3721
3820
3722
3821
3723
3822
3724
3823
3725
3824
3726
3825
3727
3826
3728
3827
3729
3828
3730
3829
3731
3830
3732
3831
3733
3832
3734
3833
3735
3834
3736
3835
3737
3836
3738
3837
3739
3838
3740
3839
3741
3840
3742
3841
3743
3842
3744
3843
3745
3844
3746
3845
3747
3846
3748
3847
3749
3848
3750
3849
3751
3850
3752
3851
3753
3852
3754
3853
3755
3854
3756
3855
3757
3856
3758
3857
3759
3858
3760
3859
3761
3860
3762
3861
3862
3764
3863
3765
3864
3766
3865
3767
3866
3768
3867
3769
3868
3770
3869
3771
3870
3772
3871
3773
3872
3774
3873
3775
3874
3776
3875
3777
3876
3778
3877
3779
3878
3780
3879
3781
3880
3782
3881
3783
3882
3784
3883
3785
3884
3786
3885
3787
3886
3788
3887
3789
3888
3790
3889
3791
3890
3792
3891
3793
3892
3794
3893
3795
3894
3796
3895
3797
3896
3798
3897
3799
3898
3800
3899
3801
3900
3802
3901
3803
3902
3804
3903
3805
3904
3806
3905
3807
3906
3808
3907
3809
3908
3810
3909
3811
3910
3812
3911
3813
3912
3814
3913
3815
3914
3816
3915
3817
3916
3818
3917
3819
3918
3820
3919
3821
3920
3822
3921
3823
3922
3824
3923
3825
3924
3826
3925
3827
3926
3828
3927
3829
3928
3830
3929
3831
3930
3832
3931
3833
3932
3834
3933
3835
3934
3836
3935
3837
3936
3838
3937
3839
3938
3840
3939
3841
3940
3842
3941
3843
3942
3844
3943
3845
3944
3846
3945
3847
3946
3848
3947
3849
3948
3850
3949
3851
3950
3852
3951
3853
3952
3854
3953
3855
3954
3856
3955
3857
3956
3858
3957
3859
3958
3860
3959
3861
3960
3862
3961
3962
3864
3963
3865
3964
3866
3965
3867
3966
3868
3967
3869
3968
3870
3969
3871
3970
3872
3971
3873
3972
3874
3973
3875
3974
3876
3975
3877
3976
3878
3977
3879
3978
3880
3979
3881
3980
3882
3981
3883
3982
3884
3983
3885
3984
3886
3985
3887
3986
3888
3987
3889
3988
3890
3989
3891
3990
3892
3991
3893
3992
3894
3993
3895
3994
3896
3995
3897
3996
3898
3997
3899
3998
3900
3999
3901
4000
3902
4001
3903
4002
3904
4003
3905
4004
3906
4005
3907
4006
3908
4007
3909
4008
3910
4009
3911
4010
3912
4011
3913
4012
3914
4013
3915
4014
3916
4015
3917
4016
3918
4017
3919
4018
3920
4019
3921
4020
3922
4021
3923
4022
3924
4023
3925
4024
3926
4025
3927
4026
3928
4027
3929
4028
3930
4029
3931
4030
3932
4031
3933
4032
3934
4033
3935
4034
3936
4035
3937
4036
3938
4037
3939
4038
3940
4039
3941
4040
3942
4041
3943
4042
3944
4043
3945
4044
3946
4045
3947
4046
3948
4047
3949
4048
3950
4049
3951
4050
3952
4051
3953
4052
3954
4053
3955
4054
3956
4055
3957
4056
3958
4057
3959
4058
3960
4059
3961
4060
3962
4061
4062
3964
4063
3965
4064
3966
4065
3967
4066
3968
4067
3969
4068
3970
4069
3971
4070
3972
4071
3973
4072
3974
4073
3975
4074
3976
4075
3977
4076
3978
4077
3979
4078
3980
4079
3981
4080
3982
4081
3983
4082
3984
4083
3985
4084
3986
4085
3987
4086
3988
4087
3989
4088
3990
4089
3991
4090
3992
4091
3993
4092
3994
4093
3995
4094
3996
4095
3997
4096
3998
4097
3999
4098
4000
4099
4001
4100
4002
4101
4003
4102
4004
4103
4005
4104
4006
4105
4007
4106
4008
4107
4009
4108
4010
4109
4011
4110
4012
4111
4013
4112
4014
4113
4015
4114
4016
4115
4017
4116
4018
4117
4019
4118
4020
4119
4021
4120
4022
4121
4023
4122
4024
4123
4025
4124
4026
4125
4027
4126
4028
4127
4029
4128
4030
4129
4031
4130
4032
4131
4033
4132
4034
4133
4035
4134
4036
4135
4037
4136
4038
4137
4039
4138
4040
4139
4041
4140
4042
4141
4043
4142
4044
4143
4045
4144
4046
4145
4047
4146
4048
4147
4049
4148
4050
4149
4051
4150
4052
4151
4053
4152
4054
4153
4055
4154
4056
4155
4057
4156
4058
4157
4059
4158
4060
4159
4061
4160
4062
4161
4162
4064
4163
4065
4164
4066
4165
4067
4166
4068
4167
4069
4168
4070
4169
4071
4170
4072
4171
4073
4172
4074
4173
4075
4174
4076
4175
4077
4176
4078
4177
4079
4178
4080
4179
4081
4180
4082
4181
4083
4182
4084
4183
4085
4184
4086
4185
4087
4186
4088
4187
4089
4188
4090
4189
4091
4190
4092
4191
4093
4192
4094
4193
4095
4194
4096
4195
4097
4196
4098
4197
4099
4198
4100
4199
4101
4200
4102
4201
4103
4202
4104
4203
4105
4204
4106
4205
4107
4206
4108
4207
4109
4208
4110
4209
4111
4210
4112
4211
4113
4212
4114
4213
4115
4214
4116
4215
4117
4216
4118
4217
4119
4218
4120
4219
4121
4220
4122
4221
4123
4222
4124
4223
4125
4224
4126
4225
4127
4226
4128
4227
4129
4228
4130
4229
4131
4230
4132
4231
4133
4232
4134
4233
4135
4234
4136
4235
4137
4236
4138
4237
4139
4238
4140
4239
4141
4240
4142
4241
4143
4242
4144
4243
4145
4244
4146
4245
4147
4246
4148
4247
4149
4248
4150
4249
4151
4250
4152
4251
4153
4252
4154
4253
4155
4254
4156
4255
4157
4256
4158
4257
4159
4258
4160
4259
4161
4260
4162
4261
4262
4164
4263
4165
4264
4166
4265
4167
4266
4168
4267
4169
4268
4170
4269
4171
4270
4172
4271
4173
4272
4174
4273
4175
4274
4176
4275
4177
4276
4178
4277
4179
4278
4180
4279
4181
4280
4182
4281
4183
4282
4184
4283
4185
4284
4186
4285
4187
4286
4188
4287
4189
4288
4190
4289
4191
4290
4192
4291
4193
4292
4194
4293
4195
4294
4196
4295
4197
4296
4198
4297
4199
4298
4200
4299
4201
4300
4202
4301
4203
4302
4204
4303
4205
4304
4206
4305
4207
4306
4208
4307
4209
4308
4210
4309
4211
4310
4212
4311
4213
4312
4214
4313
4215
4314
4216
4315
4217
4316
4218
4317
4219
4318
4220
4319
4221
4320
4222
4321
4223
4322
4224
4323
4225
4324
4226
4325
4227
4326
4228
4327
4229
4328
4230
4329
4231
4330
4232
4331
4233
4332
4234
4333
4235
4334
4236
4335
4237
4336
4238
4337
4239
4338
4240
4339
4241
4340
4242
4341
4243
4342
4244
4343
4245
4344
4246
4345
4247
4346
4248
4347
4249
4348
4250
4349
4251
4350
4252
4351
4253
4352
4254
4353
4255
4354
4256
4355
4257
4356
4258
4357
4259
4358
4260
4359
4261
4360
4262
4361
4362
4264
4363
4265
4364
4266
4365
4267
4366
4268
4367
4269
4368
4270
4369
4271
4370
4272
4371
4273
4372
4274
4373
4275
4374
4276
4375
4277
4376
4278
4377
4279
4378
4280
4379
4281
4380
4282
4381
4283
4382
4284
4383
4285
4384
4286
4385
4287
4386
4288
4387
4289
4388
4290
4389
4291
4390
4292
4391
4293
4392
4294
4393
4295
4394
4296
4395
4297
4396
4298
4397
4299
4398
4300
4399
4301
4400
4302
4401
4303
4402
4304
4403
4305
4404
4306
4405
4307
4406
4308
4407
4309
4408
4310
4409
4311
4410
4312
4411
4313
4412
4314
4413
4315
4414
4316
4415
4317
4416
4318
4417
4319
4418
4320
4419
4321
4420
4322
4421
4323
4422
4324
4423
4325
4424
4326
4425
4327
4426
4328
4427
4329
4428
4330
4429
4331
4430
4332
4431
4333
4432
4334
4433
4335
4434
4336
4435
4337
4436
4338
4437
4339
4438
4340
4439
4341
4440
4342
4441
4343
4442
4344
4443
4345
4444
4346
4445
4347
4446
4348
4447
4349
4448
4350
4449
4351
4450
4352
4451
4353
4452
4354
4453
4355
4454
4356
4455
4357
4456
4358
4457
4359
4458
4360
4459
4361
4460
4362
4461
4462
4364
4463
4365
4464
4366
4465
4367
4466
4368
4467
4369
4468
4370
4469
4371
4470
4372
4471
4373
4472
4374
4473
4375
4474
4376
4475
4377
4476
4378
4477
4379
4478
4380
4479
4381
4480
4382
4481
4383
4482
4384
4483
4385
4484
4386
4485
4387
4486
4388
4487
4389
4488
4390
4489
4391
4490
4392
4491
4393
4492
4394
4493
4395
4494
4396
4495
4397
4496
4398
4497
4399
4498
4400
4499
4401
4500
4402
4501
4403
4502
4404
4503
4405
4504
4406
4505
4407
4506
4408
4507
4409
4508
4410
4509
4411
4510
4412
4511
4413
4512
4414
4513
4415
4514
4416
4515
4417
4516
4418
4517
4419
4518
4420
4519
4421
4520
4422
4521
4423
4522
4424
4523
4425
4524
4426
4525
4427
4526
4428
4527
4429
4528
4430
4529
4431
4530
4432
4531
4433
4532
4434
4533
4435
4534
4436
4535
4437
4536
4438
4537
4439
4538
4440
4539
4441
4540
4442
4541
4443
4542
4444
4543
4445
4544
4446
4545
4447
4546
4448
4547
4449
4548
4450
4549
4451
4550
4452
4551
4453
4552
4454
4553
4455
4554
4456
4555
4457
4556
4458
4557
4459
4558
4460
4559
4461
4560
4462
4561
4562
4464
4563
4465
4564
4466
4565
4467
4566
4468
4567
4469
4568
4470
4569
4471
4570
4472
4571
4473
4572
4474
4573
4475
4574
4476
4575
4477
4576
4478
4577
4479
4578
4480
4579
4481
4580
4482
4581
4483
4582
4484
4583
4485
4584
4486
4585
4487
4586
4488
4587
4489
4588
4490
4589
4491
4590
4492
4591
4493
4592
4494
4593
4495
4594
4496
4595
4497
4596
4498
4597
4499
4598
4500
4599
4501
4600
4502
4601
4503
4602
4504
4603
4505
4604
4506
4605
4507
4606
4508
4607
4509
4608
4510
4609
4511
4610
4512
4611
4513
4612
4514
4613
4515
4614
4516
4615
4517
4616
4518
4617
4519
4618
4520
4619
4521
4620
4522
4621
4523
4622
4524
4623
4525
4624
4526
4625
4527
4626
4528
4627
4529
4628
4530
4629
4531
4630
4532
4631
4533
4632
4534
4633
4535
4634
4536
4635
4537
4636
4538
4637
4539
4638
4540
4639
4541
4640
4542
4641
4543
4642
4544
4643
4545
4644
4546
4645
4547
4646
4548
4647
4549
4648
4550
4649
4551
4650
4552
4651
4553
4652
4554
4653
4555
4654
4556
4655
4557
4656
4558
4657
4559
4658
4560
4659
4561
4660
4562
4661
4662
4564
4663
4565
4664
4566
4665
4567
4666
4568
4667
4569
4668
4570
4669
4571
4670
4572
4671
4573
4672
4574
4673
4575
4674
4576
4675
4577
4676
4578
4677
4579
4678
4580
4679
4581
4680
4582
4681
4583
4682
4584
4683
4585
4684
4586
4685
4587
4686
4588
4687
4589
4688
4590
4689
4591
4690
4592
4691
4593
4692
4594
4693
4595
4694
4596
4695
4597
4696
4598
4697
4599
4698
4600
4699
4601
4700
4602
4701
4603
4702
4604
4703
4605
4704
4606
4705
4607
4706
4608
4707
4609
4708
4610
4709
4611
4710
4612
4711
4613
4712
4614
4713
4615
4714
4616
4715
4617
4716
4618
4717
4619
4718
4620
4719
4621
4720
4622
4721
4623
4722
4624
4723
4625
4724
4626
4725
4627
4726
4628
4727
4629
4728
4630
4729
4631
4730
4632
4731
4633
4732
4634
4733
4635
4734
4636
4735
4637
4736
4638
4737
4639
4738
4640
4739
4641
4740
4642
4741
4643
4742
4644
4743
4645
4744
4646
4745
4647
4746
4648
4747
4649
4748
4650
4749
4651
4750
4652
4751
4653
4752
4654
4753
4655
4754
4656
4755
4657
4756
4658
4757
4659
4758
4660
4759
4661
4760
4662
4761
4762
4664
4763
4665
4764
4666
4765
4667
4766
4668
4767
4669
4768
4670
4769
4671
4770
4672
4771
4673
4772
4674
4773
4675
4774
4676
4775
4677
4776
4678
4777
4679
4778
4680
4779
4681
4780
4682
4781
4683
4782
4684
4783
4685
4784
4686
4785
4687
4786
4688
4787
4689
4788
4690
4789
4691
4790
4692
4791
4693
4792
4694
4793
4695
4794
4696
4795
4697
4796
4698
4797
4699
4798
4700
4799
4701
4800
4702
4801
4703
4802
4704
4803
4705
4804
4706
4805
4707
4806
4708
4807
4709
4808
4710
4809
4711
4810
4712
4811
4713
4812
4714
4813
4715
4814
4716
4815
4717
4816
4718
4817
4719
4818
4720
4819
4721
4820
4722
4821
4723
4822
4724
4823
4725
4824
4726
4825
4727
4826
4728
4827
4729
4828
4730
4829
4731
4830
4732
4831
4733
4832
4734
4833
4735
4834
4736
4835
4737
4836
4738
4837
4739
4838
4740
4839
4741
4840
4742
4841
4743
4842
4744
4843
4745
4844
4746
4845
4747
4846
4748
4847
4749
4848
4750
4849
4751
4850
4752
4851
4753
4852
4754
4853
4755
4854
4756
4855
4757
4856
4758
4857
4759
4858
4760
4859
4761
4860
4762
4861
4862
4764
4863
4765
4864
4766
4865
4767
4866
4768
4867
4769
4868
4770
4869
4771
4870
4772
4871
4773
4872
4774
4873
4775
4874
4776
4875
4777
4876
4778
4877
4779
4878
4780
4879
4781
4880
4782
4881
4783
4882
4784
4883
4785
4884
4786
4885
4787
4886
4788
4887
4789
4888
4790
4889
4791
4890
4792
4891
4793
4892
4794
4893
4795
4894
4796
4895
4797
4896
4798
4897
4799
4898
4800
4899
4801
4900
4802
4901
4803
4902
4804
4903
4805
4904
4806
4905
4807
4906
4808
4907
4809
4908
4810
4909
4811
4910
4812
4911
4813
4912
4814
4913
4815
4914
4816
4915
4817
4916
4818
4917
4819
4918
4820
4919
4821
4920
4822
4921
4823
4922
4824
4923
4825
4924
4826
4925
4827
4926
4828
4927
4829
4928
4830
4929
4831
4930
4832
4931
4833
4932
4834
4933
4835
4934
4836
4935
4837
4936
4838
4937
4839
4938
4840
4939
4841
4940
4842
4941
4843
4942
4844
4943
4845
4944
4846
4945
4847
4946
4848
4947
4849
4948
4850
4949
4851
4950
4852
4951
4853
4952
4854
4953
4855
4954
4856
4955
4857
4956
4858
4957
4859
4958
4860
4959
4861
4960
4862
4961
4962
4864
4865
4866
4867
4868
4869
4870
4871
4872
4873
4874
4875
4876
4877
4878
4879
4880
4881
4882
4883
4884
4885
4886
4887
4888
4889
4890
4891
4892
4893
4894
4895
4896
4897
4898
4899
4900
4901
4902
4903
4904
4905
4906
4907
4908
4909
4910
4911
4912
4913
4914
4915
4916
4917
4918
4919
4920
4921
4922
4923
4924
4925
4926
4927
4928
4929
4930
4931
4932
4933
4934
4935
4936
4937
4938
4939
4940
4941
4942
4943
4944
4945
4946
4947
4948
4949
4950
4951
4952
4953
4954
4955
4956
4957
4958
4959
4960
4961
4962
)


// ************************************************************************* //
