/*--------------------------------*- C++ -*----------------------------------*\
  =========                 |
  \\      /  F ield         | OpenFOAM: The Open Source CFD Toolbox
   \\    /   O peration     | Website:  https://openfoam.org
    \\  /    A nd           | Version:  7
     \\/     M anipulation  |
\*---------------------------------------------------------------------------*/
FoamFile
{
    version     2.0;
    format      ascii;
    class       volScalarField;
    location    "0.5";
    object      Tair;
}
// * * * * * * * * * * * * * * * * * * * * * * * * * * * * * * * * * * * * * //

dimensions      [0 0 0 1 0 0 0];

internalField   nonuniform List<scalar> 
1600
(
349.432
348.295
347.159
346.023
344.886
343.75
342.613
341.477
340.341
339.204
338.068
336.931
335.795
334.659
333.522
332.386
331.249
330.113
328.977
327.84
326.704
325.567
324.431
323.295
322.158
321.022
319.886
318.749
317.613
316.477
315.34
314.204
313.067
311.931
310.795
309.658
308.522
307.386
306.249
305.113
349.432
348.295
347.159
346.023
344.886
343.75
342.613
341.477
340.341
339.204
338.068
336.931
335.795
334.659
333.522
332.386
331.249
330.113
328.977
327.84
326.704
325.567
324.431
323.295
322.158
321.022
319.886
318.749
317.613
316.477
315.34
314.204
313.067
311.931
310.795
309.658
308.522
307.386
306.249
305.113
349.432
348.295
347.159
346.023
344.886
343.75
342.613
341.477
340.341
339.204
338.068
336.931
335.795
334.659
333.522
332.386
331.249
330.113
328.977
327.84
326.704
325.567
324.431
323.295
322.158
321.022
319.886
318.749
317.613
316.477
315.34
314.204
313.067
311.931
310.795
309.658
308.522
307.386
306.249
305.113
349.432
348.295
347.159
346.023
344.886
343.75
342.613
341.477
340.341
339.204
338.068
336.931
335.795
334.659
333.522
332.386
331.249
330.113
328.977
327.84
326.704
325.567
324.431
323.295
322.158
321.022
319.886
318.749
317.613
316.477
315.34
314.204
313.067
311.931
310.795
309.658
308.522
307.386
306.249
305.113
349.432
348.295
347.159
346.023
344.886
343.75
342.613
341.477
340.341
339.204
338.068
336.931
335.795
334.659
333.522
332.386
331.249
330.113
328.977
327.84
326.704
325.567
324.431
323.295
322.158
321.022
319.886
318.749
317.613
316.477
315.34
314.204
313.067
311.931
310.795
309.658
308.522
307.386
306.249
305.113
349.432
348.295
347.159
346.023
344.886
343.75
342.613
341.477
340.341
339.204
338.068
336.931
335.795
334.659
333.522
332.386
331.249
330.113
328.977
327.84
326.704
325.567
324.431
323.295
322.158
321.022
319.886
318.749
317.613
316.477
315.34
314.204
313.067
311.931
310.795
309.658
308.522
307.386
306.249
305.113
349.432
348.295
347.159
346.023
344.886
343.75
342.613
341.477
340.341
339.204
338.068
336.931
335.795
334.659
333.522
332.386
331.249
330.113
328.977
327.84
326.704
325.567
324.431
323.295
322.158
321.022
319.886
318.749
317.613
316.477
315.34
314.204
313.067
311.931
310.795
309.658
308.522
307.386
306.249
305.113
349.432
348.295
347.159
346.023
344.886
343.75
342.613
341.477
340.341
339.204
338.068
336.931
335.795
334.659
333.522
332.386
331.249
330.113
328.977
327.84
326.704
325.567
324.431
323.295
322.158
321.022
319.886
318.749
317.613
316.477
315.34
314.204
313.067
311.931
310.795
309.658
308.522
307.386
306.249
305.113
349.432
348.295
347.159
346.023
344.886
343.75
342.613
341.477
340.341
339.204
338.068
336.931
335.795
334.659
333.522
332.386
331.249
330.113
328.977
327.84
326.704
325.567
324.431
323.295
322.158
321.022
319.886
318.749
317.613
316.477
315.34
314.204
313.067
311.931
310.795
309.658
308.522
307.386
306.249
305.113
349.432
348.295
347.159
346.023
344.886
343.75
342.613
341.477
340.341
339.204
338.068
336.931
335.795
334.659
333.522
332.386
331.249
330.113
328.977
327.84
326.704
325.567
324.431
323.295
322.158
321.022
319.886
318.749
317.613
316.477
315.34
314.204
313.067
311.931
310.795
309.658
308.522
307.386
306.249
305.113
349.432
348.295
347.159
346.023
344.886
343.75
342.613
341.477
340.341
339.204
338.068
336.931
335.795
334.659
333.522
332.386
331.249
330.113
328.977
327.84
326.704
325.567
324.431
323.295
322.158
321.022
319.886
318.749
317.613
316.477
315.34
314.204
313.067
311.931
310.795
309.658
308.522
307.386
306.249
305.113
349.432
348.295
347.159
346.023
344.886
343.75
342.613
341.477
340.341
339.204
338.068
336.931
335.795
334.659
333.522
332.386
331.249
330.113
328.977
327.84
326.704
325.567
324.431
323.295
322.158
321.022
319.886
318.749
317.613
316.477
315.34
314.204
313.067
311.931
310.795
309.658
308.522
307.386
306.249
305.113
349.432
348.295
347.159
346.023
344.886
343.75
342.613
341.477
340.341
339.204
338.068
336.931
335.795
334.659
333.522
332.386
331.249
330.113
328.977
327.84
326.704
325.567
324.431
323.295
322.158
321.022
319.886
318.749
317.613
316.477
315.34
314.204
313.067
311.931
310.795
309.658
308.522
307.386
306.249
305.113
349.432
348.295
347.159
346.023
344.886
343.75
342.613
341.477
340.341
339.204
338.068
336.931
335.795
334.659
333.522
332.386
331.249
330.113
328.977
327.84
326.704
325.567
324.431
323.295
322.158
321.022
319.886
318.749
317.613
316.477
315.34
314.204
313.067
311.931
310.795
309.658
308.522
307.386
306.249
305.113
349.432
348.295
347.159
346.023
344.886
343.75
342.613
341.477
340.341
339.204
338.068
336.931
335.795
334.659
333.522
332.386
331.249
330.113
328.977
327.84
326.704
325.567
324.431
323.295
322.158
321.022
319.886
318.749
317.613
316.477
315.34
314.204
313.067
311.931
310.795
309.658
308.522
307.386
306.249
305.113
349.432
348.295
347.159
346.023
344.886
343.75
342.613
341.477
340.341
339.204
338.068
336.931
335.795
334.659
333.522
332.386
331.249
330.113
328.977
327.84
326.704
325.567
324.431
323.295
322.158
321.022
319.886
318.749
317.613
316.477
315.34
314.204
313.067
311.931
310.795
309.658
308.522
307.386
306.249
305.113
349.432
348.295
347.159
346.023
344.886
343.75
342.613
341.477
340.341
339.204
338.068
336.931
335.795
334.659
333.522
332.386
331.249
330.113
328.977
327.84
326.704
325.567
324.431
323.295
322.158
321.022
319.886
318.749
317.613
316.477
315.34
314.204
313.067
311.931
310.795
309.658
308.522
307.386
306.249
305.113
349.432
348.295
347.159
346.023
344.886
343.75
342.613
341.477
340.341
339.204
338.068
336.931
335.795
334.659
333.522
332.386
331.249
330.113
328.977
327.84
326.704
325.567
324.431
323.295
322.158
321.022
319.886
318.749
317.613
316.477
315.34
314.204
313.067
311.931
310.795
309.658
308.522
307.386
306.249
305.113
349.432
348.295
347.159
346.023
344.886
343.75
342.613
341.477
340.341
339.204
338.068
336.931
335.795
334.659
333.522
332.386
331.249
330.113
328.977
327.84
326.704
325.567
324.431
323.295
322.158
321.022
319.886
318.749
317.613
316.477
315.34
314.204
313.067
311.931
310.795
309.658
308.522
307.386
306.249
305.113
349.432
348.295
347.159
346.023
344.886
343.75
342.613
341.477
340.341
339.204
338.068
336.931
335.795
334.659
333.522
332.386
331.249
330.113
328.977
327.84
326.704
325.567
324.431
323.295
322.158
321.022
319.886
318.749
317.613
316.477
315.34
314.204
313.067
311.931
310.795
309.658
308.522
307.386
306.249
305.113
349.432
348.295
347.159
346.023
344.886
343.75
342.613
341.477
340.341
339.204
338.068
336.931
335.795
334.659
333.522
332.386
331.249
330.113
328.977
327.84
326.704
325.567
324.431
323.295
322.158
321.022
319.886
318.749
317.613
316.477
315.34
314.204
313.067
311.931
310.795
309.658
308.522
307.386
306.249
305.113
349.432
348.295
347.159
346.023
344.886
343.75
342.613
341.477
340.341
339.204
338.068
336.931
335.795
334.659
333.522
332.386
331.249
330.113
328.977
327.84
326.704
325.567
324.431
323.295
322.158
321.022
319.886
318.749
317.613
316.477
315.34
314.204
313.067
311.931
310.795
309.658
308.522
307.386
306.249
305.113
349.432
348.295
347.159
346.023
344.886
343.75
342.613
341.477
340.341
339.204
338.068
336.931
335.795
334.659
333.522
332.386
331.249
330.113
328.977
327.84
326.704
325.567
324.431
323.295
322.158
321.022
319.886
318.749
317.613
316.477
315.34
314.204
313.067
311.931
310.795
309.658
308.522
307.386
306.249
305.113
349.432
348.295
347.159
346.023
344.886
343.75
342.613
341.477
340.341
339.204
338.068
336.931
335.795
334.659
333.522
332.386
331.249
330.113
328.977
327.84
326.704
325.567
324.431
323.295
322.158
321.022
319.886
318.749
317.613
316.477
315.34
314.204
313.067
311.931
310.795
309.658
308.522
307.386
306.249
305.113
349.432
348.295
347.159
346.023
344.886
343.75
342.613
341.477
340.341
339.204
338.068
336.931
335.795
334.659
333.522
332.386
331.249
330.113
328.977
327.84
326.704
325.567
324.431
323.295
322.158
321.022
319.886
318.749
317.613
316.477
315.34
314.204
313.067
311.931
310.795
309.658
308.522
307.386
306.249
305.113
349.432
348.295
347.159
346.023
344.886
343.75
342.613
341.477
340.341
339.204
338.068
336.931
335.795
334.659
333.522
332.386
331.249
330.113
328.977
327.84
326.704
325.567
324.431
323.295
322.158
321.022
319.886
318.749
317.613
316.477
315.34
314.204
313.067
311.931
310.795
309.658
308.522
307.386
306.249
305.113
349.432
348.295
347.159
346.023
344.886
343.75
342.613
341.477
340.341
339.204
338.068
336.931
335.795
334.659
333.522
332.386
331.249
330.113
328.977
327.84
326.704
325.567
324.431
323.295
322.158
321.022
319.886
318.749
317.613
316.477
315.34
314.204
313.067
311.931
310.795
309.658
308.522
307.386
306.249
305.113
349.432
348.295
347.159
346.023
344.886
343.75
342.613
341.477
340.341
339.204
338.068
336.931
335.795
334.659
333.522
332.386
331.249
330.113
328.977
327.84
326.704
325.567
324.431
323.295
322.158
321.022
319.886
318.749
317.613
316.477
315.34
314.204
313.067
311.931
310.795
309.658
308.522
307.386
306.249
305.113
349.432
348.295
347.159
346.023
344.886
343.75
342.613
341.477
340.341
339.204
338.068
336.931
335.795
334.659
333.522
332.386
331.249
330.113
328.977
327.84
326.704
325.568
324.431
323.295
322.158
321.022
319.886
318.749
317.613
316.477
315.34
314.204
313.067
311.931
310.795
309.658
308.522
307.386
306.249
305.113
349.432
348.295
347.159
346.023
344.886
343.75
342.613
341.477
340.341
339.204
338.068
336.931
335.795
334.659
333.522
332.386
331.249
330.113
328.977
327.84
326.704
325.568
324.431
323.295
322.158
321.022
319.886
318.749
317.613
316.477
315.34
314.204
313.067
311.931
310.795
309.658
308.522
307.386
306.249
305.113
349.432
348.295
347.159
346.023
344.886
343.75
342.613
341.477
340.341
339.204
338.068
336.931
335.795
334.659
333.522
332.386
331.249
330.113
328.977
327.84
326.704
325.568
324.431
323.295
322.158
321.022
319.886
318.749
317.613
316.477
315.34
314.204
313.067
311.931
310.795
309.658
308.522
307.386
306.249
305.113
349.432
348.295
347.159
346.023
344.886
343.75
342.613
341.477
340.341
339.204
338.068
336.931
335.795
334.659
333.522
332.386
331.249
330.113
328.977
327.84
326.704
325.568
324.431
323.295
322.158
321.022
319.886
318.749
317.613
316.477
315.34
314.204
313.067
311.931
310.795
309.658
308.522
307.386
306.249
305.113
349.432
348.295
347.159
346.023
344.886
343.75
342.613
341.477
340.341
339.204
338.068
336.931
335.795
334.659
333.522
332.386
331.249
330.113
328.977
327.84
326.704
325.568
324.431
323.295
322.158
321.022
319.886
318.749
317.613
316.477
315.34
314.204
313.067
311.931
310.795
309.658
308.522
307.386
306.249
305.113
349.432
348.295
347.159
346.023
344.886
343.75
342.613
341.477
340.341
339.204
338.068
336.931
335.795
334.659
333.522
332.386
331.249
330.113
328.977
327.84
326.704
325.568
324.431
323.295
322.158
321.022
319.886
318.749
317.613
316.477
315.34
314.204
313.067
311.931
310.795
309.658
308.522
307.386
306.249
305.113
349.432
348.295
347.159
346.023
344.886
343.75
342.613
341.477
340.341
339.204
338.068
336.931
335.795
334.659
333.522
332.386
331.249
330.113
328.977
327.84
326.704
325.568
324.431
323.295
322.158
321.022
319.886
318.749
317.613
316.477
315.34
314.204
313.067
311.931
310.795
309.658
308.522
307.386
306.249
305.113
349.432
348.295
347.159
346.023
344.886
343.75
342.613
341.477
340.341
339.204
338.068
336.931
335.795
334.659
333.522
332.386
331.249
330.113
328.977
327.84
326.704
325.568
324.431
323.295
322.158
321.022
319.886
318.749
317.613
316.477
315.34
314.204
313.067
311.931
310.795
309.658
308.522
307.386
306.249
305.113
349.432
348.295
347.159
346.023
344.886
343.75
342.613
341.477
340.341
339.204
338.068
336.931
335.795
334.659
333.522
332.386
331.249
330.113
328.977
327.84
326.704
325.568
324.431
323.295
322.158
321.022
319.886
318.749
317.613
316.477
315.34
314.204
313.067
311.931
310.795
309.658
308.522
307.386
306.249
305.113
349.432
348.295
347.159
346.023
344.886
343.75
342.613
341.477
340.341
339.204
338.068
336.931
335.795
334.659
333.522
332.386
331.249
330.113
328.977
327.84
326.704
325.568
324.431
323.295
322.158
321.022
319.886
318.749
317.613
316.477
315.34
314.204
313.067
311.931
310.795
309.658
308.522
307.386
306.249
305.113
349.432
348.295
347.159
346.023
344.886
343.75
342.613
341.477
340.341
339.204
338.068
336.931
335.795
334.659
333.522
332.386
331.249
330.113
328.977
327.84
326.704
325.568
324.431
323.295
322.158
321.022
319.886
318.749
317.613
316.477
315.34
314.204
313.067
311.931
310.795
309.658
308.522
307.386
306.249
305.113
349.432
348.295
347.159
346.023
344.886
343.75
342.613
341.477
340.341
339.204
338.068
336.931
335.795
334.659
333.522
332.386
331.249
330.113
328.977
327.84
326.704
325.568
324.431
323.295
322.158
321.022
319.886
318.749
317.613
316.477
315.34
314.204
313.067
311.931
310.795
309.658
308.522
307.386
306.249
305.113
)
;

boundaryField
{
    topWall
    {
        type            zeroGradient;
    }
    leftWall
    {
        type            fixedValue;
        value           uniform 350;
    }
    bottomWall
    {
        type            zeroGradient;
    }
    frontAndBack
    {
        type            empty;
    }
    region0_to_solid
    {
        type            compressible::turbulentTemperatureCoupledBaffleMixed;
        refValue        nonuniform List<scalar> 
40
(
304.488
304.488
304.488
304.488
304.488
304.488
304.488
304.488
304.488
304.488
304.488
304.488
304.488
304.488
304.488
304.488
304.488
304.488
304.488
304.488
304.488
304.488
304.488
304.488
304.488
304.488
304.488
304.488
304.488
304.488
304.488
304.488
304.488
304.488
304.488
304.488
304.488
304.488
304.488
304.488
)
;
        refGradient     uniform 0;
        valueFraction   nonuniform List<scalar> 
40
(
0.909091
0.909091
0.909091
0.909091
0.909091
0.909091
0.909091
0.909091
0.909091
0.909091
0.909091
0.909091
0.909091
0.909091
0.909091
0.909091
0.909091
0.909091
0.909091
0.909091
0.909091
0.909091
0.909091
0.909091
0.909091
0.909091
0.909091
0.909091
0.909091
0.909091
0.909091
0.909091
0.909091
0.909091
0.909091
0.909091
0.909091
0.909091
0.909091
0.909091
)
;
        value           nonuniform List<scalar> 
40
(
304.545
304.545
304.545
304.545
304.545
304.545
304.545
304.545
304.545
304.545
304.545
304.545
304.545
304.545
304.545
304.545
304.545
304.545
304.545
304.545
304.545
304.545
304.545
304.545
304.545
304.545
304.545
304.545
304.545
304.545
304.545
304.545
304.545
304.545
304.545
304.545
304.545
304.545
304.545
304.545
)
;
        Tnbr            Tsolid;
        thicknessLayers 0();
        kappaLayers     0();
        kappaMethod     lookup;
        kappa           kappaAir;
        alphaAni        Anialpha;
    }
}


// ************************************************************************* //
