IONIZATION
He -> He+
 2.458730e+1
SPECIES: e / He
PROCESS: E + He -> E + E + He+, Ionization
PARAM.:  E = 24.5873 eV, complete set
DATABASE: IST-Lisbon
COMMENT: [e + He(1S1) -> e + e + He(+,1S2), Ionization] Rapp and Englander-Golden 1965 J. Chem.
COMMENT: Phys. 43 1464 Belmonte et al 2007 J. Phys. D: Appl. Phys. 40 7343.
UPDATED: 2017-05-12 12:55:37
COLUMNS: Energy (eV) | Cross section (m2)
-----------------------------
 2.458730e+1	0.000000e+0
 2.500000e+1	5.200000e-23
 2.550000e+1	1.140000e-22
 2.600000e+1	1.750000e-22
 2.650000e+1	2.360000e-22
 2.700000e+1	3.000000e-22
 2.750000e+1	3.630000e-22
 2.800000e+1	4.300000e-22
 2.850000e+1	4.900000e-22
 2.900000e+1	5.520000e-22
 2.950000e+1	6.200000e-22
 3.000000e+1	6.800000e-22
 3.050000e+1	7.450000e-22
 3.100000e+1	8.020000e-22
 3.150000e+1	8.640000e-22
 3.200000e+1	9.240000e-22
 3.250000e+1	9.850000e-22
 3.300000e+1	1.038000e-21
 3.350000e+1	1.091000e-21
 3.400000e+1	1.155000e-21
 3.450000e+1	1.205000e-21
 3.500000e+1	1.260000e-21
 3.550000e+1	1.310000e-21
 3.600000e+1	1.355000e-21
 3.650000e+1	1.405000e-21
 3.700000e+1	1.455000e-21
 3.750000e+1	1.500000e-21
 3.800000e+1	1.548000e-21
 3.850000e+1	1.590000e-21
 3.900000e+1	1.635000e-21
 3.950000e+1	1.675000e-21
 4.000000e+1	1.715000e-21
 4.050000e+1	1.755000e-21
 4.100000e+1	1.795000e-21
 4.150000e+1	1.835000e-21
 4.200000e+1	1.875000e-21
 4.250000e+1	1.915000e-21
 4.300000e+1	1.950000e-21
 4.350000e+1	1.985000e-21
 4.400000e+1	2.025000e-21
 4.450000e+1	2.065000e-21
 4.500000e+1	2.102000e-21
 4.550000e+1	2.140000e-21
 4.600000e+1	2.175000e-21
 4.650000e+1	2.210000e-21
 4.700000e+1	2.240000e-21
 4.750000e+1	2.270000e-21
 4.800000e+1	2.300000e-21
 4.850000e+1	2.330000e-21
 4.900000e+1	2.360000e-21
 4.950000e+1	2.390000e-21
 5.000000e+1	2.428000e-21
 5.050000e+1	2.455000e-21
 5.100000e+1	2.485000e-21
 5.150000e+1	2.515000e-21
 5.200000e+1	2.540000e-21
 5.250000e+1	2.567000e-21
 5.300000e+1	2.592000e-21
 5.350000e+1	2.620000e-21
 5.400000e+1	2.642000e-21
 5.450000e+1	2.668000e-21
 5.500000e+1	2.690000e-21
 5.550000e+1	2.712000e-21
 5.600000e+1	2.735000e-21
 5.650000e+1	2.757000e-21
 5.700000e+1	2.780000e-21
 5.750000e+1	2.800000e-21
 5.800000e+1	2.820000e-21
 5.850000e+1	2.840000e-21
 5.900000e+1	2.860000e-21
 5.950000e+1	2.879000e-21
 6.000000e+1	2.895000e-21
 6.050000e+1	2.915000e-21
 6.100000e+1	2.932000e-21
 6.150000e+1	2.950000e-21
 6.200000e+1	2.969000e-21
 6.250000e+1	2.985000e-21
 6.300000e+1	3.000000e-21
 6.350000e+1	3.020000e-21
 6.400000e+1	3.037000e-21
 6.450000e+1	3.052000e-21
 6.500000e+1	3.070000e-21
 6.550000e+1	3.087000e-21
 6.600000e+1	3.102000e-21
 6.650000e+1	3.120000e-21
 6.700000e+1	3.125000e-21
 6.750000e+1	3.150000e-21
 6.800000e+1	3.165000e-21
 6.850000e+1	3.180000e-21
 6.900000e+1	3.193000e-21
 6.950000e+1	3.209000e-21
 7.000000e+1	3.220000e-21
 7.050000e+1	3.233000e-21
 7.100000e+1	3.247000e-21
 7.150000e+1	3.260000e-21
 7.200000e+1	3.270000e-21
 7.250000e+1	3.282000e-21
 7.300000e+1	3.292000e-21
 7.350000e+1	3.306000e-21
 7.400000e+1	3.317000e-21
 7.450000e+1	3.328000e-21
 7.500000e+1	3.339000e-21
 7.550000e+1	3.350000e-21
 7.600000e+1	3.360000e-21
 7.650000e+1	3.370000e-21
 7.700000e+1	3.380000e-21
 7.750000e+1	3.390000e-21
 7.800000e+1	3.399000e-21
 7.850000e+1	3.409000e-21
 7.900000e+1	3.418000e-21
 7.950000e+1	3.427000e-21
 8.000000e+1	3.435000e-21
 8.050000e+1	3.444000e-21
 8.100000e+1	3.452000e-21
 8.150000e+1	3.461000e-21
 8.200000e+1	3.470000e-21
 8.250000e+1	3.479000e-21
 8.300000e+1	3.488000e-21
 8.350000e+1	3.495000e-21
 8.400000e+1	3.502000e-21
 8.450000e+1	3.510000e-21
 8.500000e+1	3.519000e-21
 8.550000e+1	3.525000e-21
 8.600000e+1	3.531000e-21
 8.650000e+1	3.540000e-21
 8.700000e+1	3.545000e-21
 8.750000e+1	3.550000e-21
 8.800000e+1	3.559000e-21
 8.850000e+1	3.562000e-21
 8.900000e+1	3.569000e-21
 8.950000e+1	3.572000e-21
 9.000000e+1	3.580000e-21
 9.050000e+1	3.584000e-21
 9.100000e+1	3.589000e-21
 9.150000e+1	3.592000e-21
 9.200000e+1	3.599000e-21
 9.250000e+1	3.601000e-21
 9.300000e+1	3.608000e-21
 9.350000e+1	3.611000e-21
 9.400000e+1	3.615000e-21
 9.450000e+1	3.620000e-21
 9.500000e+1	3.622000e-21
 9.550000e+1	3.628000e-21
 9.600000e+1	3.630000e-21
 9.650000e+1	3.632000e-21
 9.700000e+1	3.638000e-21
 9.750000e+1	3.640000e-21
 9.800000e+1	3.642000e-21
 9.850000e+1	3.648000e-21
 9.900000e+1	3.650000e-21
 9.950000e+1	3.652000e-21
 1.000000e+2	3.658000e-21
 1.200000e+2	3.680000e-21
 1.500000e+2	3.600000e-21
 2.000000e+2	3.400000e-21
 3.000000e+2	2.860000e-21
 4.000000e+2	2.420000e-21
 5.000000e+2	2.100000e-21
 7.000000e+2	1.660000e-21
 1.000000e+3	1.270000e-21
-----------------------------