xxxxxxxxxxxxxxxxxxxxxxxxxxxxxxxxxxxxxxxxxxxxxxxxxxxxxxxxxxxxxxxxxxxxxxxxxxxxxxxxxxxxxxxxxxxxxxxxxxxxxxxxxxxxxxxxxxxxxxxx
********************************************************** He **********************************************************

ELASTIC
He
 1.371400e-4
SPECIES: e / He
PROCESS: E + He -> E + He, Elastic
PARAM.:  m/M = 0.00013714, complete set
DATABASE: IST-Lisbon
COMMENT: [e + He(1S1) -> e + He(1S1), Elastic] Crompton et al 1970 Austr. J. Phys. 23 667 (8e-3
COMMENT: - 3 eV) Milloy and Crompton 1977 Phys. Rev. A 15 1847 (4 - 12 eV) Register et al 1980
COMMENT: Phys. Rev. A 21 1134 (12 - 100 eV) Belmonte et al 2007 J. Phys. D: Appl. Phys. 40 7343
COMMENT: (100 - 1000 eV).
DATABASE: INST
UPDATED: 2017-11-14 03:22:17
COLUMNS: Energy (eV) | Cross section (m2)
-----------------------------
 0.000000e+0	5.060000e-20
 2.000000e-1	6.160000e-20
 4.000000e-1	6.490000e-20
 6.000000e-1	6.660000e-20
 8.000000e-1	6.780000e-20
 1.000000e+0	6.850000e-20
 1.200000e+0	6.910000e-20
 1.400000e+0	6.950000e-20
 1.600000e+0	6.970000e-20
 1.800000e+0	6.980000e-20
 2.000000e+0	6.990000e-20
 2.200000e+0	6.980000e-20
 2.400000e+0	6.970000e-20
 2.600000e+0	6.950000e-20
 2.800000e+0	6.920000e-20
 3.000000e+0	6.890000e-20
 3.200000e+0	6.842000e-20
 3.400000e+0	6.794000e-20
 3.600000e+0	6.740000e-20
 3.800000e+0	6.680000e-20
 4.000000e+0	6.620000e-20
 4.200000e+0	6.560000e-20
 4.400000e+0	6.500000e-20
 4.600000e+0	6.438000e-20
 4.800000e+0	6.374000e-20
 5.000000e+0	6.310000e-20
 5.200000e+0	6.250000e-20
 5.400000e+0	6.190000e-20
 5.600000e+0	6.128000e-20
 5.800000e+0	6.064000e-20
 6.000000e+0	6.000000e-20
 6.200000e+0	5.940000e-20
 6.400000e+0	5.880000e-20
 6.600000e+0	5.814000e-20
 6.800000e+0	5.742000e-20
 7.000000e+0	5.670000e-20
 7.200000e+0	5.614000e-20
 7.400000e+0	5.558000e-20
 7.600000e+0	5.494000e-20
 7.800000e+0	5.422000e-20
 8.000000e+0	5.350000e-20
 8.200000e+0	5.290000e-20
 8.400000e+0	5.230000e-20
 8.600000e+0	5.168000e-20
 8.800000e+0	5.104000e-20
 9.000000e+0	5.040000e-20
 9.200000e+0	4.980000e-20
 9.400000e+0	4.920000e-20
 9.600000e+0	4.856000e-20
 9.800000e+0	4.788000e-20
 1.000000e+1	4.720000e-20
 1.020000e+1	4.660000e-20
 1.040000e+1	4.600000e-20
 1.060000e+1	4.544000e-20
 1.080000e+1	4.492000e-20
 1.100000e+1	4.440000e-20
 1.120000e+1	4.384000e-20
 1.140000e+1	4.328000e-20
 1.160000e+1	4.270000e-20
 1.180000e+1	4.210000e-20
 1.200000e+1	4.150000e-20
 1.220000e+1	4.106000e-20
 1.240000e+1	4.062000e-20
 1.260000e+1	4.020000e-20
 1.280000e+1	3.980000e-20
 1.300000e+1	3.940000e-20
 1.320000e+1	3.896000e-20
 1.340000e+1	3.852000e-20
 1.360000e+1	3.810000e-20
 1.380000e+1	3.770000e-20
 1.400000e+1	3.730000e-20
 1.420000e+1	3.690000e-20
 1.440000e+1	3.650000e-20
 1.460000e+1	3.608000e-20
 1.480000e+1	3.564000e-20
 1.500000e+1	3.520000e-20
 1.520000e+1	3.480000e-20
 1.540000e+1	3.440000e-20
 1.560000e+1	3.400000e-20
 1.580000e+1	3.360000e-20
 1.600000e+1	3.320000e-20
 1.620000e+1	3.284000e-20
 1.640000e+1	3.248000e-20
 1.660000e+1	3.210000e-20
 1.680000e+1	3.170000e-20
 1.700000e+1	3.130000e-20
 1.720000e+1	3.094000e-20
 1.740000e+1	3.058000e-20
 1.760000e+1	3.020000e-20
 1.780000e+1	2.980000e-20
 1.800000e+1	2.940000e-20
 1.820000e+1	2.904000e-20
 1.840000e+1	2.868000e-20
 1.860000e+1	2.830000e-20
 1.880000e+1	2.790000e-20
 1.900000e+1	2.750000e-20
 1.920000e+1	2.714000e-20
 1.940000e+1	2.678000e-20
 1.960000e+1	2.644000e-20
 1.980000e+1	2.612000e-20
 2.000000e+1	2.580000e-20
 2.020000e+1	2.556000e-20
 2.040000e+1	2.532000e-20
 2.060000e+1	2.508000e-20
 2.080000e+1	2.484000e-20
 2.100000e+1	2.460000e-20
 2.120000e+1	2.428000e-20
 2.140000e+1	2.396000e-20
 2.160000e+1	2.368000e-20
 2.180000e+1	2.344000e-20
 2.200000e+1	2.320000e-20
 2.220000e+1	2.292000e-20
 2.240000e+1	2.264000e-20
 2.260000e+1	2.236000e-20
 2.280000e+1	2.208000e-20
 2.300000e+1	2.180000e-20
 2.320000e+1	2.156000e-20
 2.340000e+1	2.132000e-20
 2.360000e+1	2.110000e-20
 2.380000e+1	2.090000e-20
 2.400000e+1	2.070000e-20
 2.420000e+1	2.050000e-20
 2.440000e+1	2.030000e-20
 2.460000e+1	2.006000e-20
 2.480000e+1	1.978000e-20
 2.500000e+1	1.950000e-20
 2.520000e+1	1.930000e-20
 2.540000e+1	1.910000e-20
 2.560000e+1	1.890000e-20
 2.580000e+1	1.870000e-20
 2.600000e+1	1.850000e-20
 2.620000e+1	1.830000e-20
 2.640000e+1	1.810000e-20
 2.660000e+1	1.790000e-20
 2.680000e+1	1.770000e-20
 2.700000e+1	1.750000e-20
 2.720000e+1	1.738000e-20
 2.740000e+1	1.726000e-20
 2.760000e+1	1.712000e-20
 2.780000e+1	1.696000e-20
 2.800000e+1	1.680000e-20
 2.820000e+1	1.656000e-20
 2.840000e+1	1.632000e-20
 2.860000e+1	1.612000e-20
 2.880000e+1	1.596000e-20
 2.900000e+1	1.580000e-20
 2.920000e+1	1.568000e-20
 2.940000e+1	1.556000e-20
 2.960000e+1	1.542000e-20
 2.980000e+1	1.526000e-20
 3.000000e+1	1.510000e-20
 3.020000e+1	1.498000e-20
 3.040000e+1	1.486000e-20
 3.060000e+1	1.474000e-20
 3.080000e+1	1.462000e-20
 3.100000e+1	1.450000e-20
 3.120000e+1	1.434000e-20
 3.140000e+1	1.418000e-20
 3.160000e+1	1.404000e-20
 3.180000e+1	1.392000e-20
 3.200000e+1	1.380000e-20
 3.220000e+1	1.368000e-20
 3.240000e+1	1.356000e-20
 3.260000e+1	1.344000e-20
 3.280000e+1	1.332000e-20
 3.300000e+1	1.320000e-20
 3.320000e+1	1.304000e-20
 3.340000e+1	1.288000e-20
 3.360000e+1	1.276000e-20
 3.380000e+1	1.268000e-20
 3.400000e+1	1.260000e-20
 3.420000e+1	1.248000e-20
 3.440000e+1	1.236000e-20
 3.460000e+1	1.226000e-20
 3.480000e+1	1.218000e-20
 3.500000e+1	1.210000e-20
 3.520000e+1	1.198000e-20
 3.540000e+1	1.186000e-20
 3.560000e+1	1.176000e-20
 3.580000e+1	1.168000e-20
 3.600000e+1	1.160000e-20
 3.620000e+1	1.148000e-20
 3.640000e+1	1.136000e-20
 3.660000e+1	1.126000e-20
 3.680000e+1	1.118000e-20
 3.700000e+1	1.110000e-20
 3.720000e+1	1.098000e-20
 3.740000e+1	1.086000e-20
 3.760000e+1	1.078000e-20
 3.780000e+1	1.074000e-20
 3.800000e+1	1.070000e-20
 3.820000e+1	1.058000e-20
 3.840000e+1	1.046000e-20
 3.860000e+1	1.036000e-20
 3.880000e+1	1.028000e-20
 3.900000e+1	1.020000e-20
 3.920000e+1	1.012000e-20
 3.940000e+1	1.004000e-20
 3.960000e+1	9.960000e-21
 3.980000e+1	9.880000e-21
 4.000000e+1	9.800000e-21
 4.020000e+1	9.760000e-21
 4.040000e+1	9.720000e-21
 4.060000e+1	9.660000e-21
 4.080000e+1	9.580000e-21
 4.100000e+1	9.500000e-21
 4.120000e+1	9.420000e-21
 4.140000e+1	9.340000e-21
 4.160000e+1	9.280000e-21
 4.180000e+1	9.240000e-21
 4.200000e+1	9.200000e-21
 4.220000e+1	9.160000e-21
 4.240000e+1	9.120000e-21
 4.260000e+1	9.060000e-21
 4.280000e+1	8.980000e-21
 4.300000e+1	8.900000e-21
 4.320000e+1	8.860000e-21
 4.340000e+1	8.820000e-21
 4.360000e+1	8.780000e-21
 4.380000e+1	8.740000e-21
 4.400000e+1	8.700000e-21
 4.420000e+1	8.620000e-21
 4.440000e+1	8.540000e-21
 4.460000e+1	8.460000e-21
 4.480000e+1	8.380000e-21
 4.500000e+1	8.300000e-21
 4.520000e+1	8.260000e-21
 4.540000e+1	8.220000e-21
 4.560000e+1	8.180000e-21
 4.580000e+1	8.140000e-21
 4.600000e+1	8.100000e-21
 4.620000e+1	8.020000e-21
 4.640000e+1	7.940000e-21
 4.660000e+1	7.880000e-21
 4.680000e+1	7.840000e-21
 4.700000e+1	7.800000e-21
 4.720000e+1	7.760000e-21
 4.740000e+1	7.720000e-21
 4.760000e+1	7.660000e-21
 4.780000e+1	7.580000e-21
 4.800000e+1	7.500000e-21
 4.820000e+1	7.420000e-21
 4.840000e+1	7.340000e-21
 4.860000e+1	7.280000e-21
 4.880000e+1	7.240000e-21
 4.900000e+1	7.200000e-21
 4.920000e+1	7.160000e-21
 4.940000e+1	7.120000e-21
 4.960000e+1	7.080000e-21
 4.980000e+1	7.040000e-21
 5.000000e+1	7.000000e-21
 5.020000e+1	6.948000e-21
 5.040000e+1	6.896000e-21
 5.060000e+1	6.846000e-21
 5.080000e+1	6.798000e-21
 5.100000e+1	6.750000e-21
 5.120000e+1	6.710000e-21
 5.140000e+1	6.670000e-21
 5.160000e+1	6.628000e-21
 5.180000e+1	6.584000e-21
 5.200000e+1	6.540000e-21
 5.220000e+1	6.496000e-21
 5.240000e+1	6.452000e-21
 5.260000e+1	6.408000e-21
 5.280000e+1	6.364000e-21
 5.300000e+1	6.320000e-21
 5.320000e+1	6.280000e-21
 5.340000e+1	6.240000e-21
 5.360000e+1	6.196000e-21
 5.380000e+1	6.148000e-21
 5.400000e+1	6.100000e-21
 5.420000e+1	6.060000e-21
 5.440000e+1	6.020000e-21
 5.460000e+1	5.980000e-21
 5.480000e+1	5.940000e-21
 5.500000e+1	5.900000e-21
 5.520000e+1	5.860000e-21
 5.540000e+1	5.820000e-21
 5.560000e+1	5.780000e-21
 5.580000e+1	5.740000e-21
 5.600000e+1	5.700000e-21
 5.620000e+1	5.660000e-21
 5.640000e+1	5.620000e-21
 5.660000e+1	5.580000e-21
 5.680000e+1	5.540000e-21
 5.700000e+1	5.500000e-21
 5.720000e+1	5.468000e-21
 5.740000e+1	5.436000e-21
 5.760000e+1	5.402000e-21
 5.780000e+1	5.366000e-21
 5.800000e+1	5.330000e-21
 5.820000e+1	5.298000e-21
 5.840000e+1	5.266000e-21
 5.860000e+1	5.232000e-21
 5.880000e+1	5.196000e-21
 5.900000e+1	5.160000e-21
 5.920000e+1	5.132000e-21
 5.940000e+1	5.104000e-21
 5.960000e+1	5.072000e-21
 5.980000e+1	5.036000e-21
 6.000000e+1	5.000000e-21
 6.020000e+1	4.976000e-21
 6.040000e+1	4.952000e-21
 6.060000e+1	4.924000e-21
 6.080000e+1	4.892000e-21
 6.100000e+1	4.860000e-21
 6.120000e+1	4.836000e-21
 6.140000e+1	4.812000e-21
 6.160000e+1	4.786000e-21
 6.180000e+1	4.758000e-21
 6.200000e+1	4.730000e-21
 6.220000e+1	4.702000e-21
 6.240000e+1	4.674000e-21
 6.260000e+1	4.648000e-21
 6.280000e+1	4.624000e-21
 6.300000e+1	4.600000e-21
 6.320000e+1	4.576000e-21
 6.340000e+1	4.552000e-21
 6.360000e+1	4.528000e-21
 6.380000e+1	4.504000e-21
 6.400000e+1	4.480000e-21
 6.420000e+1	4.456000e-21
 6.440000e+1	4.432000e-21
 6.460000e+1	4.408000e-21
 6.480000e+1	4.384000e-21
 6.500000e+1	4.360000e-21
 6.520000e+1	4.336000e-21
 6.540000e+1	4.312000e-21
 6.560000e+1	4.290000e-21
 6.580000e+1	4.270000e-21
 6.600000e+1	4.250000e-21
 6.620000e+1	4.230000e-21
 6.640000e+1	4.210000e-21
 6.660000e+1	4.190000e-21
 6.680000e+1	4.170000e-21
 6.700000e+1	4.150000e-21
 6.720000e+1	4.130000e-21
 6.740000e+1	4.110000e-21
 6.760000e+1	4.090000e-21
 6.780000e+1	4.070000e-21
 6.800000e+1	4.050000e-21
 6.820000e+1	4.030000e-21
 6.840000e+1	4.010000e-21
 6.860000e+1	3.990000e-21
 6.880000e+1	3.970000e-21
 6.900000e+1	3.950000e-21
 6.920000e+1	3.930000e-21
 6.940000e+1	3.910000e-21
 6.960000e+1	3.890000e-21
 6.980000e+1	3.870000e-21
 7.000000e+1	3.850000e-21
 7.020000e+1	3.834000e-21
 7.040000e+1	3.818000e-21
 7.060000e+1	3.800000e-21
 7.080000e+1	3.780000e-21
 7.100000e+1	3.760000e-21
 7.120000e+1	3.748000e-21
 7.140000e+1	3.736000e-21
 7.160000e+1	3.720000e-21
 7.180000e+1	3.700000e-21
 7.200000e+1	3.680000e-21
 7.220000e+1	3.668000e-21
 7.240000e+1	3.656000e-21
 7.260000e+1	3.640000e-21
 7.280000e+1	3.620000e-21
 7.300000e+1	3.600000e-21
 7.320000e+1	3.584000e-21
 7.340000e+1	3.568000e-21
 7.360000e+1	3.554000e-21
 7.380000e+1	3.542000e-21
 7.400000e+1	3.530000e-21
 7.420000e+1	3.514000e-21
 7.440000e+1	3.498000e-21
 7.460000e+1	3.482000e-21
 7.480000e+1	3.466000e-21
 7.500000e+1	3.450000e-21
 7.520000e+1	3.434000e-21
 7.540000e+1	3.418000e-21
 7.560000e+1	3.402000e-21
 7.580000e+1	3.386000e-21
 7.600000e+1	3.370000e-21
 7.620000e+1	3.358000e-21
 7.640000e+1	3.346000e-21
 7.660000e+1	3.332000e-21
 7.680000e+1	3.316000e-21
 7.700000e+1	3.300000e-21
 7.720000e+1	3.284000e-21
 7.740000e+1	3.268000e-21
 7.760000e+1	3.256000e-21
 7.780000e+1	3.248000e-21
 7.800000e+1	3.240000e-21
 7.820000e+1	3.224000e-21
 7.840000e+1	3.208000e-21
 7.860000e+1	3.192000e-21
 7.880000e+1	3.176000e-21
 7.900000e+1	3.160000e-21
 7.920000e+1	3.152000e-21
 7.940000e+1	3.144000e-21
 7.960000e+1	3.132000e-21
 7.980000e+1	3.116000e-21
 8.000000e+1	3.100000e-21
 8.020000e+1	3.084000e-21
 8.040000e+1	3.068000e-21
 8.060000e+1	3.056000e-21
 8.080000e+1	3.048000e-21
 8.100000e+1	3.040000e-21
 8.120000e+1	3.024000e-21
 8.140000e+1	3.008000e-21
 8.160000e+1	2.994000e-21
 8.180000e+1	2.982000e-21
 8.200000e+1	2.970000e-21
 8.220000e+1	2.958000e-21
 8.240000e+1	2.946000e-21
 8.260000e+1	2.934000e-21
 8.280000e+1	2.922000e-21
 8.300000e+1	2.910000e-21
 8.320000e+1	2.894000e-21
 8.340000e+1	2.878000e-21
 8.360000e+1	2.866000e-21
 8.380000e+1	2.858000e-21
 8.400000e+1	2.850000e-21
 8.420000e+1	2.838000e-21
 8.440000e+1	2.826000e-21
 8.460000e+1	2.814000e-21
 8.480000e+1	2.802000e-21
 8.500000e+1	2.790000e-21
 8.520000e+1	2.778000e-21
 8.540000e+1	2.766000e-21
 8.560000e+1	2.754000e-21
 8.580000e+1	2.742000e-21
 8.600000e+1	2.730000e-21
 8.620000e+1	2.718000e-21
 8.640000e+1	2.706000e-21
 8.660000e+1	2.694000e-21
 8.680000e+1	2.682000e-21
 8.700000e+1	2.670000e-21
 8.720000e+1	2.658000e-21
 8.740000e+1	2.646000e-21
 8.760000e+1	2.634000e-21
 8.780000e+1	2.622000e-21
 8.800000e+1	2.610000e-21
 8.820000e+1	2.598000e-21
 8.840000e+1	2.586000e-21
 8.860000e+1	2.574000e-21
 8.880000e+1	2.562000e-21
 8.900000e+1	2.550000e-21
 8.920000e+1	2.542000e-21
 8.940000e+1	2.534000e-21
 8.960000e+1	2.524000e-21
 8.980000e+1	2.512000e-21
 9.000000e+1	2.500000e-21
 9.020000e+1	2.488000e-21
 9.040000e+1	2.476000e-21
 9.060000e+1	2.466000e-21
 9.080000e+1	2.458000e-21
 9.100000e+1	2.450000e-21
 9.120000e+1	2.438000e-21
 9.140000e+1	2.426000e-21
 9.160000e+1	2.414000e-21
 9.180000e+1	2.402000e-21
 9.200000e+1	2.390000e-21
 9.220000e+1	2.378000e-21
 9.240000e+1	2.366000e-21
 9.260000e+1	2.356000e-21
 9.280000e+1	2.348000e-21
 9.300000e+1	2.340000e-21
 9.320000e+1	2.332000e-21
 9.340000e+1	2.324000e-21
 9.360000e+1	2.316000e-21
 9.380000e+1	2.308000e-21
 9.400000e+1	2.300000e-21
 9.420000e+1	2.288000e-21
 9.440000e+1	2.276000e-21
 9.460000e+1	2.268000e-21
 9.480000e+1	2.264000e-21
 9.500000e+1	2.260000e-21
 9.520000e+1	2.252000e-21
 9.540000e+1	2.244000e-21
 9.560000e+1	2.238000e-21
 9.580000e+1	2.234000e-21
 9.600000e+1	2.230000e-21
 9.620000e+1	2.222000e-21
 9.640000e+1	2.214000e-21
 9.660000e+1	2.206000e-21
 9.680000e+1	2.198000e-21
 9.700000e+1	2.190000e-21
 9.720000e+1	2.182000e-21
 9.740000e+1	2.174000e-21
 9.760000e+1	2.168000e-21
 9.780000e+1	2.164000e-21
 9.800000e+1	2.160000e-21
 9.820000e+1	2.152000e-21
 9.840000e+1	2.144000e-21
 9.860000e+1	2.138000e-21
 9.880000e+1	2.134000e-21
 9.900000e+1	2.130000e-21
 9.920000e+1	2.122000e-21
 9.940000e+1	2.114000e-21
 9.960000e+1	2.108000e-21
 9.980000e+1	2.104000e-21
 1.000000e+2	2.100000e-21
 1.500000e+2	1.040000e-21
 2.000000e+2	6.300000e-22
 5.000000e+2	1.400000e-22
 7.000000e+2	8.000000e-23
 1.000000e+3	4.500000e-23
-----------------------------

EXCITATION
He <-> He(2S3)
 1.982000e+1  3.000000e+0
SPECIES: e / He
PROCESS: E + He <-> E + He(2S3), Excitation
PARAM.:  E = 19.82 eV, g1/g0 = 3, complete set
DATABASE: IST-Lisbon
COMMENT: [e + He(1S1) -> e + He(2S3), Excitation] Kato and Janev 1992 Atomic and
COMMENT: Plasma−Material Interaction Data for Fusion (Supplement to the Journal of Nuclear
COMMENT: Fusion) 3 33 (multiplied by 0.31).
UPDATED: 2017-05-12 12:55:37
COLUMNS: Energy (eV) | Cross section (m2)
-----------------------------
 1.982000e+1	0.000000e+0
 1.984000e+1	2.387000e-23
 1.990000e+1	5.270000e-23
 2.010000e+1	1.550000e-22
 2.050000e+1	1.395000e-22
 2.100000e+1	1.178000e-22
 2.300000e+1	9.300000e-23
 2.500000e+1	7.750000e-23
 3.000000e+1	5.890000e-23
 4.000000e+1	3.627000e-23
 5.000000e+1	2.468000e-23
 6.000000e+1	1.708000e-23
 7.000000e+1	1.218000e-23
 8.000000e+1	8.928000e-24
 9.000000e+1	6.727000e-24
 1.000000e+2	5.177000e-24
 1.200000e+2	3.224000e-24
 1.500000e+2	1.795000e-24
 2.000000e+2	8.184000e-25
 3.000000e+2	2.644000e-25
 4.000000e+2	1.172000e-25
 5.000000e+2	6.200000e-26
 7.000000e+2	2.381000e-26
 1.000000e+3	8.649000e-27
-----------------------------
IONIZATION
He -> He+
 2.458730e+1
SPECIES: e / He
PROCESS: E + He -> E + E + He+, Ionization
PARAM.:  E = 24.5873 eV, complete set
DATABASE: IST-Lisbon
COMMENT: [e + He(1S1) -> e + e + He(+,1S2), Ionization] Rapp and Englander-Golden 1965 J. Chem.
COMMENT: Phys. 43 1464 Belmonte et al 2007 J. Phys. D: Appl. Phys. 40 7343.
UPDATED: 2017-05-12 12:55:37
COLUMNS: Energy (eV) | Cross section (m2)
-----------------------------
 2.458730e+1	0.000000e+0
 2.500000e+1	5.200000e-23
 2.550000e+1	1.140000e-22
 2.600000e+1	1.750000e-22
 2.650000e+1	2.360000e-22
 2.700000e+1	3.000000e-22
 2.750000e+1	3.630000e-22
 2.800000e+1	4.300000e-22
 2.850000e+1	4.900000e-22
 2.900000e+1	5.520000e-22
 2.950000e+1	6.200000e-22
 3.000000e+1	6.800000e-22
 3.050000e+1	7.450000e-22
 3.100000e+1	8.020000e-22
 3.150000e+1	8.640000e-22
 3.200000e+1	9.240000e-22
 3.250000e+1	9.850000e-22
 3.300000e+1	1.038000e-21
 3.350000e+1	1.091000e-21
 3.400000e+1	1.155000e-21
 3.450000e+1	1.205000e-21
 3.500000e+1	1.260000e-21
 3.550000e+1	1.310000e-21
 3.600000e+1	1.355000e-21
 3.650000e+1	1.405000e-21
 3.700000e+1	1.455000e-21
 3.750000e+1	1.500000e-21
 3.800000e+1	1.548000e-21
 3.850000e+1	1.590000e-21
 3.900000e+1	1.635000e-21
 3.950000e+1	1.675000e-21
 4.000000e+1	1.715000e-21
 4.050000e+1	1.755000e-21
 4.100000e+1	1.795000e-21
 4.150000e+1	1.835000e-21
 4.200000e+1	1.875000e-21
 4.250000e+1	1.915000e-21
 4.300000e+1	1.950000e-21
 4.350000e+1	1.985000e-21
 4.400000e+1	2.025000e-21
 4.450000e+1	2.065000e-21
 4.500000e+1	2.102000e-21
 4.550000e+1	2.140000e-21
 4.600000e+1	2.175000e-21
 4.650000e+1	2.210000e-21
 4.700000e+1	2.240000e-21
 4.750000e+1	2.270000e-21
 4.800000e+1	2.300000e-21
 4.850000e+1	2.330000e-21
 4.900000e+1	2.360000e-21
 4.950000e+1	2.390000e-21
 5.000000e+1	2.428000e-21
 5.050000e+1	2.455000e-21
 5.100000e+1	2.485000e-21
 5.150000e+1	2.515000e-21
 5.200000e+1	2.540000e-21
 5.250000e+1	2.567000e-21
 5.300000e+1	2.592000e-21
 5.350000e+1	2.620000e-21
 5.400000e+1	2.642000e-21
 5.450000e+1	2.668000e-21
 5.500000e+1	2.690000e-21
 5.550000e+1	2.712000e-21
 5.600000e+1	2.735000e-21
 5.650000e+1	2.757000e-21
 5.700000e+1	2.780000e-21
 5.750000e+1	2.800000e-21
 5.800000e+1	2.820000e-21
 5.850000e+1	2.840000e-21
 5.900000e+1	2.860000e-21
 5.950000e+1	2.879000e-21
 6.000000e+1	2.895000e-21
 6.050000e+1	2.915000e-21
 6.100000e+1	2.932000e-21
 6.150000e+1	2.950000e-21
 6.200000e+1	2.969000e-21
 6.250000e+1	2.985000e-21
 6.300000e+1	3.000000e-21
 6.350000e+1	3.020000e-21
 6.400000e+1	3.037000e-21
 6.450000e+1	3.052000e-21
 6.500000e+1	3.070000e-21
 6.550000e+1	3.087000e-21
 6.600000e+1	3.102000e-21
 6.650000e+1	3.120000e-21
 6.700000e+1	3.125000e-21
 6.750000e+1	3.150000e-21
 6.800000e+1	3.165000e-21
 6.850000e+1	3.180000e-21
 6.900000e+1	3.193000e-21
 6.950000e+1	3.209000e-21
 7.000000e+1	3.220000e-21
 7.050000e+1	3.233000e-21
 7.100000e+1	3.247000e-21
 7.150000e+1	3.260000e-21
 7.200000e+1	3.270000e-21
 7.250000e+1	3.282000e-21
 7.300000e+1	3.292000e-21
 7.350000e+1	3.306000e-21
 7.400000e+1	3.317000e-21
 7.450000e+1	3.328000e-21
 7.500000e+1	3.339000e-21
 7.550000e+1	3.350000e-21
 7.600000e+1	3.360000e-21
 7.650000e+1	3.370000e-21
 7.700000e+1	3.380000e-21
 7.750000e+1	3.390000e-21
 7.800000e+1	3.399000e-21
 7.850000e+1	3.409000e-21
 7.900000e+1	3.418000e-21
 7.950000e+1	3.427000e-21
 8.000000e+1	3.435000e-21
 8.050000e+1	3.444000e-21
 8.100000e+1	3.452000e-21
 8.150000e+1	3.461000e-21
 8.200000e+1	3.470000e-21
 8.250000e+1	3.479000e-21
 8.300000e+1	3.488000e-21
 8.350000e+1	3.495000e-21
 8.400000e+1	3.502000e-21
 8.450000e+1	3.510000e-21
 8.500000e+1	3.519000e-21
 8.550000e+1	3.525000e-21
 8.600000e+1	3.531000e-21
 8.650000e+1	3.540000e-21
 8.700000e+1	3.545000e-21
 8.750000e+1	3.550000e-21
 8.800000e+1	3.559000e-21
 8.850000e+1	3.562000e-21
 8.900000e+1	3.569000e-21
 8.950000e+1	3.572000e-21
 9.000000e+1	3.580000e-21
 9.050000e+1	3.584000e-21
 9.100000e+1	3.589000e-21
 9.150000e+1	3.592000e-21
 9.200000e+1	3.599000e-21
 9.250000e+1	3.601000e-21
 9.300000e+1	3.608000e-21
 9.350000e+1	3.611000e-21
 9.400000e+1	3.615000e-21
 9.450000e+1	3.620000e-21
 9.500000e+1	3.622000e-21
 9.550000e+1	3.628000e-21
 9.600000e+1	3.630000e-21
 9.650000e+1	3.632000e-21
 9.700000e+1	3.638000e-21
 9.750000e+1	3.640000e-21
 9.800000e+1	3.642000e-21
 9.850000e+1	3.648000e-21
 9.900000e+1	3.650000e-21
 9.950000e+1	3.652000e-21
 1.000000e+2	3.658000e-21
 1.200000e+2	3.680000e-21
 1.500000e+2	3.600000e-21
 2.000000e+2	3.400000e-21
 3.000000e+2	2.860000e-21
 4.000000e+2	2.420000e-21
 5.000000e+2	2.100000e-21
 7.000000e+2	1.660000e-21
 1.000000e+3	1.270000e-21
-----------------------------
********************************************************** N2 **********************************************************

EFFECTIVE
N2
 1.959210e-5
SPECIES: e / N2
PROCESS: E + N2 -> E + N2, Effective
PARAM.:  m/M = 0.0000195921, complete set
DATABASE: IST-Lisbon
COMMENT: [e + N2(X) -> e + N2(X), Effective] Pitchford L C and Phelps A V 1982 Bull. Am. Phys.
COMMENT: Soc. 27 109 Tachibana K and Phelps A V 1979 JCP 71 3544.
UPDATED: 2019-12-16 11:01:47
COLUMNS: Energy (eV) | Cross section (m2)
-----------------------------
 0.000000e+0	1.100000e-20
 1.000000e-3	1.360000e-20
 2.000000e-3	1.490000e-20
 3.000000e-3	1.620000e-20
 5.000000e-3	1.810000e-20
 7.000000e-3	2.000000e-20
 8.500000e-3	2.100000e-20
 1.000000e-2	2.190000e-20
 1.500000e-2	2.550000e-20
 2.000000e-2	2.850000e-20
 3.000000e-2	3.400000e-20
 4.000000e-2	3.850000e-20
 5.000000e-2	4.330000e-20
 7.000000e-2	5.100000e-20
 1.000000e-1	5.950000e-20
 2.000000e-1	7.900000e-20
 3.000000e-1	9.000000e-20
 4.000000e-1	9.680000e-20
 5.000000e-1	9.900000e-20
 6.000000e-1	9.950000e-20
 7.000000e-1	1.000000e-19
 8.000000e-1	1.000000e-19
 9.000000e-1	1.000000e-19
 1.000000e+0	1.000000e-19
 1.100000e+0	1.010000e-19
 1.200000e+0	1.040000e-19
 1.300000e+0	1.100000e-19
 1.400000e+0	1.150000e-19
 1.500000e+0	1.200000e-19
 1.600000e+0	1.270000e-19
 1.700000e+0	1.380000e-19
 1.800000e+0	1.530000e-19
 1.900000e+0	1.960000e-19
 2.000000e+0	2.350000e-19
 2.100000e+0	2.700000e-19
 2.200000e+0	2.850000e-19
 2.300000e+0	2.930000e-19
 2.400000e+0	2.980000e-19
 2.500000e+0	3.000000e-19
 2.600000e+0	3.000000e-19
 2.700000e+0	2.970000e-19
 2.800000e+0	2.800000e-19
 2.900000e+0	2.500000e-19
 3.000000e+0	2.170000e-19
 3.100000e+0	2.040000e-19
 3.200000e+0	1.850000e-19
 3.300000e+0	1.720000e-19
 3.400000e+0	1.630000e-19
 3.500000e+0	1.540000e-19
 3.600000e+0	1.470000e-19
 3.700000e+0	1.400000e-19
 3.800000e+0	1.350000e-19
 3.900000e+0	1.300000e-19
 4.000000e+0	1.260000e-19
 4.100000e+0	1.230000e-19
 4.200000e+0	1.200000e-19
 4.300000e+0	1.175000e-19
 4.400000e+0	1.150000e-19
 4.500000e+0	1.130000e-19
 4.600000e+0	1.120000e-19
 4.700000e+0	1.108000e-19
 4.800000e+0	1.097000e-19
 4.900000e+0	1.092000e-19
 5.000000e+0	1.090000e-19
 5.100000e+0	1.085000e-19
 5.200000e+0	1.082000e-19
 5.300000e+0	1.080000e-19
 5.400000e+0	1.074000e-19
 5.500000e+0	1.070000e-19
 5.600000e+0	1.068000e-19
 5.700000e+0	1.060000e-19
 5.800000e+0	1.052000e-19
 5.900000e+0	1.048000e-19
 6.000000e+0	1.040000e-19
 6.100000e+0	1.030000e-19
 6.200000e+0	1.025000e-19
 6.300000e+0	1.020000e-19
 6.400000e+0	1.018000e-19
 6.500000e+0	1.015000e-19
 6.600000e+0	1.012000e-19
 6.700000e+0	1.012000e-19
 6.800000e+0	1.012000e-19
 6.900000e+0	1.010000e-19
 7.000000e+0	1.010000e-19
 8.000000e+0	1.000000e-19
 1.000000e+1	1.040000e-19
 1.200000e+1	1.090000e-19
 1.500000e+1	1.100000e-19
 1.700000e+1	1.070000e-19
 2.000000e+1	1.020000e-19
 2.500000e+1	9.500000e-20
 3.000000e+1	9.000000e-20
 4.000000e+1	8.800000e-20
 5.000000e+1	8.600000e-20
 7.500000e+1	6.600000e-20
 1.000000e+2	5.800000e-20
 1.500000e+2	4.900000e-20
 2.000000e+2	4.200000e-20
 3.000000e+2	3.300000e-20
 5.000000e+2	2.440000e-20
 7.000000e+2	1.960000e-20
 1.000000e+3	1.550000e-20
 1.500000e+3	1.120000e-20
 2.000000e+3	8.100000e-21
 3.000000e+3	6.300000e-21
 5.000000e+3	4.000000e-21
 7.000000e+3	2.900000e-21
 1.000000e+4	2.100000e-21
-----------------------------
EXCITATION
N2 -> N2[A3Su+(v=0-4)]
 6.200000e+0
SPECIES: e / N2
PROCESS: E + N2 -> E + N2[A3Su+(v=0-4)], Excitation
PARAM.:  E = 6.2 eV, complete set
DATABASE: IST-Lisbon
COMMENT: [e + N2(X) -> e + N2(A3Su+,v=0-4), Excitation] Pitchford L C and Phelps A V 1982 Bull.
COMMENT: Am. Phys. Soc. 27 109.
UPDATED: 2017-09-03 11:09:25
COLUMNS: Energy (eV) | Cross section (m2)
-----------------------------
 6.200000e+0	0.000000e+0
 6.300000e+0	6.500000e-25
 6.400000e+0	6.500000e-25
 6.500000e+0	1.950000e-24
 6.600000e+0	3.900000e-24
 6.700000e+0	4.550000e-24
 6.800000e+0	5.200000e-24
 6.900000e+0	6.500000e-24
 7.000000e+0	7.800000e-24
 7.100000e+0	1.170000e-23
 7.200000e+0	1.300000e-23
 7.300000e+0	1.560000e-23
 7.400000e+0	1.885000e-23
 7.500000e+0	2.015000e-23
 7.600000e+0	2.275000e-23
 7.700000e+0	2.405000e-23
 7.800000e+0	2.535000e-23
 7.900000e+0	2.795000e-23
 8.000000e+0	3.185000e-23
 8.100000e+0	3.250000e-23
 8.200000e+0	3.575000e-23
 8.300000e+0	3.835000e-23
 8.400000e+0	3.900000e-23
 8.500000e+0	4.095000e-23
 8.600000e+0	4.420000e-23
 8.700000e+0	4.615000e-23
 8.800000e+0	4.940000e-23
 8.900000e+0	5.200000e-23
 9.000000e+0	5.525000e-23
 9.100000e+0	5.850000e-23
 9.200000e+0	6.175000e-23
 9.300000e+0	6.435000e-23
 9.400000e+0	6.565000e-23
 9.500000e+0	6.890000e-23
 9.600000e+0	7.150000e-23
 9.700000e+0	7.475000e-23
 9.800000e+0	7.670000e-23
 9.900000e+0	7.800000e-23
 1.000000e+1	8.125000e-23
 1.010000e+1	8.288000e-23
 1.020000e+1	8.450000e-23
 1.030000e+1	8.710000e-23
 1.040000e+1	8.970000e-23
 1.050000e+1	9.100000e-23
 1.060000e+1	9.230000e-23
 1.070000e+1	9.490000e-23
 1.080000e+1	9.750000e-23
 1.090000e+1	9.912000e-23
 1.100000e+1	1.008000e-22
 1.110000e+1	1.027000e-22
 1.120000e+1	1.047000e-22
 1.130000e+1	1.069000e-22
 1.140000e+1	1.092000e-22
 1.150000e+1	1.105000e-22
 1.160000e+1	1.118000e-22
 1.170000e+1	1.144000e-22
 1.180000e+1	1.170000e-22
 1.190000e+1	1.176000e-22
 1.200000e+1	1.183000e-22
 1.210000e+1	1.206000e-22
 1.220000e+1	1.228000e-22
 1.230000e+1	1.238000e-22
 1.240000e+1	1.248000e-22
 1.250000e+1	1.258000e-22
 1.260000e+1	1.268000e-22
 1.270000e+1	1.280000e-22
 1.280000e+1	1.294000e-22
 1.290000e+1	1.297000e-22
 1.300000e+1	1.300000e-22
 1.310000e+1	1.316000e-22
 1.320000e+1	1.332000e-22
 1.330000e+1	1.349000e-22
 1.340000e+1	1.365000e-22
 1.350000e+1	1.368000e-22
 1.360000e+1	1.372000e-22
 1.370000e+1	1.381000e-22
 1.380000e+1	1.391000e-22
 1.390000e+1	1.404000e-22
 1.400000e+1	1.417000e-22
 1.410000e+1	1.424000e-22
 1.420000e+1	1.430000e-22
 1.430000e+1	1.430000e-22
 1.440000e+1	1.430000e-22
 1.450000e+1	1.436000e-22
 1.460000e+1	1.443000e-22
 1.470000e+1	1.450000e-22
 1.480000e+1	1.456000e-22
 1.490000e+1	1.469000e-22
 1.500000e+1	1.482000e-22
 1.510000e+1	1.485000e-22
 1.520000e+1	1.488000e-22
 1.530000e+1	1.492000e-22
 1.540000e+1	1.495000e-22
 1.550000e+1	1.495000e-22
 1.560000e+1	1.495000e-22
 1.570000e+1	1.495000e-22
 1.580000e+1	1.495000e-22
 1.590000e+1	1.498000e-22
 1.600000e+1	1.502000e-22
 1.610000e+1	1.505000e-22
 1.620000e+1	1.508000e-22
 1.630000e+1	1.508000e-22
 1.640000e+1	1.508000e-22
 1.650000e+1	1.511000e-22
 1.660000e+1	1.514000e-22
 1.670000e+1	1.511000e-22
 1.680000e+1	1.508000e-22
 1.690000e+1	1.505000e-22
 1.700000e+1	1.502000e-22
 1.710000e+1	1.498000e-22
 1.720000e+1	1.495000e-22
 1.730000e+1	1.492000e-22
 1.740000e+1	1.488000e-22
 1.750000e+1	1.476000e-22
 1.760000e+1	1.462000e-22
 1.770000e+1	1.446000e-22
 1.780000e+1	1.430000e-22
 1.790000e+1	1.430000e-22
 1.800000e+1	1.430000e-22
 1.810000e+1	1.424000e-22
 1.820000e+1	1.417000e-22
 1.830000e+1	1.398000e-22
 1.840000e+1	1.378000e-22
 1.850000e+1	1.372000e-22
 1.860000e+1	1.365000e-22
 1.870000e+1	1.362000e-22
 1.880000e+1	1.358000e-22
 1.890000e+1	1.339000e-22
 1.900000e+1	1.320000e-22
 1.910000e+1	1.310000e-22
 1.920000e+1	1.300000e-22
 1.930000e+1	1.290000e-22
 1.940000e+1	1.280000e-22
 1.950000e+1	1.264000e-22
 1.960000e+1	1.248000e-22
 1.970000e+1	1.242000e-22
 1.980000e+1	1.235000e-22
 1.990000e+1	1.228000e-22
 2.000000e+1	1.222000e-22
 2.010000e+1	1.210000e-22
 2.020000e+1	1.199000e-22
 2.030000e+1	1.188000e-22
 2.040000e+1	1.176000e-22
 2.050000e+1	1.171000e-22
 2.060000e+1	1.167000e-22
 2.070000e+1	1.162000e-22
 2.080000e+1	1.157000e-22
 2.090000e+1	1.141000e-22
 2.100000e+1	1.124000e-22
 2.110000e+1	1.108000e-22
 2.120000e+1	1.092000e-22
 2.130000e+1	1.079000e-22
 2.140000e+1	1.066000e-22
 2.150000e+1	1.053000e-22
 2.160000e+1	1.040000e-22
 2.170000e+1	1.032000e-22
 2.180000e+1	1.024000e-22
 2.190000e+1	1.016000e-22
 2.200000e+1	1.008000e-22
 2.210000e+1	9.997000e-23
 2.220000e+1	9.912000e-23
 2.230000e+1	9.834000e-23
 2.240000e+1	9.750000e-23
 2.250000e+1	9.685000e-23
 2.260000e+1	9.620000e-23
 2.270000e+1	9.555000e-23
 2.280000e+1	9.490000e-23
 2.290000e+1	9.392000e-23
 2.300000e+1	9.295000e-23
 2.310000e+1	9.198000e-23
 2.320000e+1	9.100000e-23
 2.330000e+1	9.068000e-23
 2.340000e+1	9.035000e-23
 2.350000e+1	9.002000e-23
 2.360000e+1	8.970000e-23
 2.370000e+1	8.840000e-23
 2.380000e+1	8.710000e-23
 2.390000e+1	8.580000e-23
 2.400000e+1	8.450000e-23
 2.410000e+1	8.437000e-23
 2.420000e+1	8.418000e-23
 2.430000e+1	8.398000e-23
 2.440000e+1	8.385000e-23
 2.450000e+1	8.307000e-23
 2.460000e+1	8.222000e-23
 2.470000e+1	8.144000e-23
 2.480000e+1	8.060000e-23
 2.490000e+1	7.995000e-23
 2.500000e+1	7.930000e-23
 2.510000e+1	7.865000e-23
 2.520000e+1	7.800000e-23
 2.530000e+1	7.800000e-23
 2.540000e+1	7.800000e-23
 2.550000e+1	7.800000e-23
 2.560000e+1	7.800000e-23
 2.570000e+1	7.735000e-23
 2.580000e+1	7.670000e-23
 2.590000e+1	7.605000e-23
 2.600000e+1	7.540000e-23
 2.610000e+1	7.475000e-23
 2.620000e+1	7.410000e-23
 2.630000e+1	7.345000e-23
 2.640000e+1	7.280000e-23
 2.650000e+1	7.248000e-23
 2.660000e+1	7.215000e-23
 2.670000e+1	7.182000e-23
 2.680000e+1	7.150000e-23
 2.690000e+1	7.118000e-23
 2.700000e+1	7.085000e-23
 2.710000e+1	7.052000e-23
 2.720000e+1	7.020000e-23
 2.730000e+1	6.922000e-23
 2.740000e+1	6.825000e-23
 2.750000e+1	6.728000e-23
 2.760000e+1	6.630000e-23
 2.770000e+1	6.598000e-23
 2.780000e+1	6.565000e-23
 2.790000e+1	6.532000e-23
 2.800000e+1	6.500000e-23
 2.810000e+1	6.500000e-23
 2.820000e+1	6.500000e-23
 2.830000e+1	6.500000e-23
 2.840000e+1	6.500000e-23
 2.850000e+1	6.454000e-23
 2.860000e+1	6.402000e-23
 2.870000e+1	6.357000e-23
 2.880000e+1	6.305000e-23
 2.890000e+1	6.272000e-23
 2.900000e+1	6.240000e-23
 2.910000e+1	6.208000e-23
 2.920000e+1	6.175000e-23
 2.930000e+1	6.130000e-23
 2.940000e+1	6.078000e-23
 2.950000e+1	6.032000e-23
 2.960000e+1	5.980000e-23
 2.970000e+1	5.948000e-23
 2.980000e+1	5.915000e-23
 2.990000e+1	5.882000e-23
 3.000000e+1	5.850000e-23
 3.010000e+1	5.837000e-23
 3.020000e+1	5.818000e-23
 3.030000e+1	5.804000e-23
 3.040000e+1	5.785000e-23
 3.050000e+1	5.752000e-23
 3.060000e+1	5.720000e-23
 3.070000e+1	5.688000e-23
 3.080000e+1	5.655000e-23
 3.090000e+1	5.610000e-23
 3.100000e+1	5.558000e-23
 3.110000e+1	5.506000e-23
 3.120000e+1	5.460000e-23
 3.130000e+1	5.408000e-23
 3.140000e+1	5.362000e-23
 3.150000e+1	5.317000e-23
 3.160000e+1	5.265000e-23
 3.170000e+1	5.246000e-23
 3.180000e+1	5.233000e-23
 3.190000e+1	5.220000e-23
 3.200000e+1	5.200000e-23
 3.210000e+1	5.200000e-23
 3.220000e+1	5.200000e-23
 3.230000e+1	5.200000e-23
 3.240000e+1	5.200000e-23
 3.250000e+1	5.200000e-23
 3.260000e+1	5.200000e-23
 3.270000e+1	5.200000e-23
 3.280000e+1	5.200000e-23
 3.290000e+1	5.200000e-23
 3.300000e+1	5.200000e-23
 3.310000e+1	5.200000e-23
 3.320000e+1	5.200000e-23
 3.330000e+1	5.200000e-23
 3.340000e+1	5.200000e-23
 3.350000e+1	5.200000e-23
 3.360000e+1	5.200000e-23
 3.370000e+1	5.200000e-23
 3.380000e+1	5.200000e-23
 3.390000e+1	5.200000e-23
 3.400000e+1	5.200000e-23
 3.410000e+1	5.200000e-23
 3.420000e+1	5.200000e-23
 3.430000e+1	5.200000e-23
 3.440000e+1	5.200000e-23
 3.450000e+1	5.168000e-23
 3.460000e+1	5.135000e-23
 3.470000e+1	5.103000e-23
 3.480000e+1	5.070000e-23
 3.490000e+1	5.057000e-23
 3.500000e+1	5.038000e-23
 3.510000e+1	5.018000e-23
 3.520000e+1	5.005000e-23
 3.530000e+1	4.973000e-23
 3.540000e+1	4.940000e-23
 3.550000e+1	4.908000e-23
 3.560000e+1	4.875000e-23
 3.570000e+1	4.830000e-23
 3.580000e+1	4.778000e-23
 3.590000e+1	4.732000e-23
 3.600000e+1	4.680000e-23
 3.610000e+1	4.648000e-23
 3.620000e+1	4.615000e-23
 3.630000e+1	4.583000e-23
 3.640000e+1	4.550000e-23
 3.650000e+1	4.550000e-23
 3.660000e+1	4.550000e-23
 3.670000e+1	4.550000e-23
 3.680000e+1	4.550000e-23
 3.690000e+1	4.550000e-23
 3.700000e+1	4.550000e-23
 3.710000e+1	4.550000e-23
 3.720000e+1	4.550000e-23
 3.730000e+1	4.518000e-23
 3.740000e+1	4.485000e-23
 3.750000e+1	4.453000e-23
 3.760000e+1	4.420000e-23
 3.770000e+1	4.420000e-23
 3.780000e+1	4.420000e-23
 3.790000e+1	4.420000e-23
 3.800000e+1	4.420000e-23
 3.810000e+1	4.323000e-23
 3.820000e+1	4.225000e-23
 3.830000e+1	4.128000e-23
 3.840000e+1	4.030000e-23
 3.850000e+1	4.011000e-23
 3.860000e+1	3.998000e-23
 3.870000e+1	3.985000e-23
 3.880000e+1	3.965000e-23
 3.890000e+1	3.952000e-23
 3.900000e+1	3.933000e-23
 3.910000e+1	3.920000e-23
 3.920000e+1	3.900000e-23
 3.930000e+1	3.900000e-23
 3.940000e+1	3.900000e-23
 3.950000e+1	3.900000e-23
 3.960000e+1	3.900000e-23
 3.970000e+1	3.900000e-23
 3.980000e+1	3.900000e-23
 3.990000e+1	3.900000e-23
 4.000000e+1	3.900000e-23
 5.000000e+1	3.400000e-23
 5.039000e+1	3.273000e-23
 5.196000e+1	3.163000e-23
 5.359000e+1	3.049000e-23
 5.527000e+1	2.931000e-23
 5.701000e+1	2.809000e-23
 5.881000e+1	2.683000e-23
 6.068000e+1	2.552000e-23
 6.261000e+1	2.417000e-23
 6.461000e+1	2.277000e-23
 6.668000e+1	2.133000e-23
 6.882000e+1	1.982000e-23
 7.104000e+1	1.867000e-23
 7.333000e+1	1.793000e-23
 7.571000e+1	1.717000e-23
 7.817000e+1	1.639000e-23
 8.071000e+1	1.557000e-23
 8.335000e+1	1.473000e-23
 8.608000e+1	1.385000e-23
 8.890000e+1	1.295000e-23
 9.182000e+1	1.202000e-23
 9.485000e+1	1.105000e-23
 9.798000e+1	1.005000e-23
 2.030000e+2	2.970000e-24
 3.993000e+2	1.007000e-24
 9.390000e+2	3.263000e-25
 1.000000e+3	2.493634e-25
-----------------------------

EXCITATION
N2 -> N2(C3Pu)
 1.100000e+1
SPECIES: e / N2
PROCESS: E + N2 -> E + N2(C3Pu), Excitation
PARAM.:  E = 11 eV, complete set
DATABASE: IST-Lisbon
COMMENT: [e + N2(X) -> e + N2(C3Pu), Excitation] Pitchford L C and Phelps A V 1982 Bull. Am.
COMMENT: Phys. Soc. 27 109.
UPDATED: 2017-09-03 11:19:47
COLUMNS: Energy (eV) | Cross section (m2)
-----------------------------
 1.100000e+1	0.000000e+0
 1.110000e+1	4.000000e-23
 1.120000e+1	8.000000e-23
 1.130000e+1	1.200000e-22
 1.140000e+1	1.600000e-22
 1.150000e+1	2.200000e-22
 1.160000e+1	2.800000e-22
 1.170000e+1	3.600000e-22
 1.180000e+1	4.400000e-22
 1.190000e+1	5.400000e-22
 1.200000e+1	6.400000e-22
 1.210000e+1	7.200000e-22
 1.220000e+1	8.000000e-22
 1.230000e+1	9.400000e-22
 1.240000e+1	1.080000e-21
 1.250000e+1	1.260000e-21
 1.260000e+1	1.440000e-21
 1.270000e+1	1.670000e-21
 1.280000e+1	1.900000e-21
 1.290000e+1	2.400000e-21
 1.300000e+1	2.900000e-21
 1.310000e+1	3.150000e-21
 1.320000e+1	3.400000e-21
 1.330000e+1	3.800000e-21
 1.340000e+1	4.200000e-21
 1.350000e+1	4.900000e-21
 1.360000e+1	5.600000e-21
 1.370000e+1	5.900000e-21
 1.380000e+1	6.200000e-21
 1.390000e+1	6.350000e-21
 1.400000e+1	6.500000e-21
 1.410000e+1	6.455000e-21
 1.420000e+1	6.410000e-21
 1.430000e+1	6.370000e-21
 1.440000e+1	6.330000e-21
 1.450000e+1	6.215000e-21
 1.460000e+1	6.100000e-21
 1.470000e+1	5.930000e-21
 1.480000e+1	5.760000e-21
 1.490000e+1	5.630000e-21
 1.500000e+1	5.500000e-21
 1.510000e+1	5.350000e-21
 1.520000e+1	5.200000e-21
 1.530000e+1	5.080000e-21
 1.540000e+1	4.960000e-21
 1.550000e+1	4.830000e-21
 1.560000e+1	4.700000e-21
 1.570000e+1	4.600000e-21
 1.580000e+1	4.500000e-21
 1.590000e+1	4.400000e-21
 1.600000e+1	4.300000e-21
 1.610000e+1	4.200000e-21
 1.620000e+1	4.100000e-21
 1.630000e+1	4.025000e-21
 1.640000e+1	3.950000e-21
 1.650000e+1	3.875000e-21
 1.660000e+1	3.800000e-21
 1.670000e+1	3.720000e-21
 1.680000e+1	3.640000e-21
 1.690000e+1	3.570000e-21
 1.700000e+1	3.500000e-21
 1.710000e+1	3.440000e-21
 1.720000e+1	3.380000e-21
 1.730000e+1	3.325000e-21
 1.740000e+1	3.270000e-21
 1.750000e+1	3.235000e-21
 1.760000e+1	3.200000e-21
 1.770000e+1	3.150000e-21
 1.780000e+1	3.100000e-21
 1.790000e+1	3.065000e-21
 1.800000e+1	3.030000e-21
 1.810000e+1	2.995000e-21
 1.820000e+1	2.960000e-21
 1.830000e+1	2.925000e-21
 1.840000e+1	2.890000e-21
 1.850000e+1	2.865000e-21
 1.860000e+1	2.840000e-21
 1.870000e+1	2.800000e-21
 1.880000e+1	2.760000e-21
 1.890000e+1	2.737000e-21
 1.900000e+1	2.715000e-21
 1.910000e+1	2.693000e-21
 1.920000e+1	2.670000e-21
 1.930000e+1	2.645000e-21
 1.940000e+1	2.620000e-21
 1.950000e+1	2.590000e-21
 1.960000e+1	2.560000e-21
 1.970000e+1	2.535000e-21
 1.980000e+1	2.510000e-21
 1.990000e+1	2.493000e-21
 2.000000e+1	2.475000e-21
 2.010000e+1	2.454000e-21
 2.020000e+1	2.433000e-21
 2.030000e+1	2.411000e-21
 2.040000e+1	2.390000e-21
 2.050000e+1	2.370000e-21
 2.060000e+1	2.350000e-21
 2.070000e+1	2.330000e-21
 2.080000e+1	2.310000e-21
 2.090000e+1	2.292000e-21
 2.100000e+1	2.275000e-21
 2.110000e+1	2.257000e-21
 2.120000e+1	2.240000e-21
 2.130000e+1	2.220000e-21
 2.140000e+1	2.200000e-21
 2.150000e+1	2.180000e-21
 2.160000e+1	2.160000e-21
 2.170000e+1	2.145000e-21
 2.180000e+1	2.130000e-21
 2.190000e+1	2.115000e-21
 2.200000e+1	2.100000e-21
 2.210000e+1	2.085000e-21
 2.220000e+1	2.070000e-21
 2.230000e+1	2.055000e-21
 2.240000e+1	2.040000e-21
 2.250000e+1	2.020000e-21
 2.260000e+1	2.000000e-21
 2.270000e+1	1.980000e-21
 2.280000e+1	1.960000e-21
 2.290000e+1	1.945000e-21
 2.300000e+1	1.930000e-21
 2.310000e+1	1.915000e-21
 2.320000e+1	1.900000e-21
 2.330000e+1	1.885000e-21
 2.340000e+1	1.870000e-21
 2.350000e+1	1.855000e-21
 2.360000e+1	1.840000e-21
 2.370000e+1	1.825000e-21
 2.380000e+1	1.810000e-21
 2.390000e+1	1.795000e-21
 2.400000e+1	1.780000e-21
 2.410000e+1	1.765000e-21
 2.420000e+1	1.750000e-21
 2.430000e+1	1.735000e-21
 2.440000e+1	1.720000e-21
 2.450000e+1	1.705000e-21
 2.460000e+1	1.690000e-21
 2.470000e+1	1.675000e-21
 2.480000e+1	1.660000e-21
 2.490000e+1	1.645000e-21
 2.500000e+1	1.630000e-21
 2.510000e+1	1.615000e-21
 2.520000e+1	1.600000e-21
 2.530000e+1	1.588000e-21
 2.540000e+1	1.575000e-21
 2.550000e+1	1.562000e-21
 2.560000e+1	1.550000e-21
 2.570000e+1	1.538000e-21
 2.580000e+1	1.525000e-21
 2.590000e+1	1.512000e-21
 2.600000e+1	1.500000e-21
 2.610000e+1	1.487000e-21
 2.620000e+1	1.475000e-21
 2.630000e+1	1.463000e-21
 2.640000e+1	1.450000e-21
 2.650000e+1	1.443000e-21
 2.660000e+1	1.435000e-21
 2.670000e+1	1.428000e-21
 2.680000e+1	1.420000e-21
 2.690000e+1	1.410000e-21
 2.700000e+1	1.400000e-21
 2.710000e+1	1.390000e-21
 2.720000e+1	1.380000e-21
 2.730000e+1	1.370000e-21
 2.740000e+1	1.360000e-21
 2.750000e+1	1.350000e-21
 2.760000e+1	1.340000e-21
 2.770000e+1	1.330000e-21
 2.780000e+1	1.320000e-21
 2.790000e+1	1.310000e-21
 2.800000e+1	1.300000e-21
 2.810000e+1	1.290000e-21
 2.820000e+1	1.280000e-21
 2.830000e+1	1.270000e-21
 2.840000e+1	1.260000e-21
 2.850000e+1	1.247000e-21
 2.860000e+1	1.235000e-21
 2.870000e+1	1.223000e-21
 2.880000e+1	1.210000e-21
 2.890000e+1	1.202000e-21
 2.900000e+1	1.195000e-21
 2.910000e+1	1.187000e-21
 2.920000e+1	1.180000e-21
 2.930000e+1	1.170000e-21
 2.940000e+1	1.160000e-21
 2.950000e+1	1.150000e-21
 2.960000e+1	1.140000e-21
 2.970000e+1	1.130000e-21
 2.980000e+1	1.120000e-21
 2.990000e+1	1.110000e-21
 3.000000e+1	1.100000e-21
 3.010000e+1	1.095000e-21
 3.020000e+1	1.090000e-21
 3.030000e+1	1.085000e-21
 3.040000e+1	1.080000e-21
 3.050000e+1	1.070000e-21
 3.060000e+1	1.060000e-21
 3.070000e+1	1.050000e-21
 3.080000e+1	1.040000e-21
 3.090000e+1	1.035000e-21
 3.100000e+1	1.030000e-21
 3.110000e+1	1.025000e-21
 3.120000e+1	1.020000e-21
 3.130000e+1	1.015000e-21
 3.140000e+1	1.010000e-21
 3.150000e+1	1.005000e-21
 3.160000e+1	1.000000e-21
 3.170000e+1	9.925000e-22
 3.180000e+1	9.850000e-22
 3.190000e+1	9.775000e-22
 3.200000e+1	9.700000e-22
 3.210000e+1	9.650000e-22
 3.220000e+1	9.600000e-22
 3.230000e+1	9.550000e-22
 3.240000e+1	9.500000e-22
 3.250000e+1	9.450000e-22
 3.260000e+1	9.400000e-22
 3.270000e+1	9.350000e-22
 3.280000e+1	9.300000e-22
 3.290000e+1	9.250000e-22
 3.300000e+1	9.200000e-22
 3.310000e+1	9.150000e-22
 3.320000e+1	9.100000e-22
 3.330000e+1	9.025000e-22
 3.340000e+1	8.950000e-22
 3.350000e+1	8.875000e-22
 3.360000e+1	8.800000e-22
 3.370000e+1	8.750000e-22
 3.380000e+1	8.700000e-22
 3.390000e+1	8.650000e-22
 3.400000e+1	8.600000e-22
 3.410000e+1	8.550000e-22
 3.420000e+1	8.500000e-22
 3.430000e+1	8.450000e-22
 3.440000e+1	8.400000e-22
 3.450000e+1	8.350000e-22
 3.460000e+1	8.300000e-22
 3.470000e+1	8.250000e-22
 3.480000e+1	8.200000e-22
 3.490000e+1	8.175000e-22
 3.500000e+1	8.150000e-22
 3.510000e+1	8.125000e-22
 3.520000e+1	8.100000e-22
 3.530000e+1	8.075000e-22
 3.540000e+1	8.050000e-22
 3.550000e+1	8.025000e-22
 3.560000e+1	8.000000e-22
 3.570000e+1	7.900000e-22
 3.580000e+1	7.800000e-22
 3.590000e+1	7.700000e-22
 3.600000e+1	7.600000e-22
 3.610000e+1	7.550000e-22
 3.620000e+1	7.500000e-22
 3.630000e+1	7.450000e-22
 3.640000e+1	7.400000e-22
 3.650000e+1	7.350000e-22
 3.660000e+1	7.300000e-22
 3.670000e+1	7.250000e-22
 3.680000e+1	7.200000e-22
 3.690000e+1	7.175000e-22
 3.700000e+1	7.150000e-22
 3.710000e+1	7.125000e-22
 3.720000e+1	7.100000e-22
 3.730000e+1	7.075000e-22
 3.740000e+1	7.050000e-22
 3.750000e+1	7.025000e-22
 3.760000e+1	7.000000e-22
 3.770000e+1	6.950000e-22
 3.780000e+1	6.900000e-22
 3.790000e+1	6.850000e-22
 3.800000e+1	6.800000e-22
 3.810000e+1	6.775000e-22
 3.820000e+1	6.750000e-22
 3.830000e+1	6.725000e-22
 3.840000e+1	6.700000e-22
 3.850000e+1	6.650000e-22
 3.860000e+1	6.600000e-22
 3.870000e+1	6.550000e-22
 3.880000e+1	6.500000e-22
 3.890000e+1	6.475000e-22
 3.900000e+1	6.450000e-22
 3.910000e+1	6.425000e-22
 3.920000e+1	6.400000e-22
 3.930000e+1	6.400000e-22
 3.940000e+1	6.400000e-22
 3.950000e+1	6.400000e-22
 3.960000e+1	6.400000e-22
 3.970000e+1	6.350000e-22
 3.980000e+1	6.300000e-22
 3.990000e+1	6.250000e-22
 4.000000e+1	6.200000e-22
 5.000000e+1	3.900000e-22
 7.000000e+1	1.500000e-22
 9.931000e+1	5.913000e-23
 2.007000e+2	1.895000e-23
 4.037000e+2	5.978000e-24
 9.762000e+2	2.639000e-24
 1.000000e+3	2.500191e-24
-----------------------------

IONIZATION
N2 -> N2+(X)
 1.560000e+1
SPECIES: e / N2
PROCESS: E + N2 -> E + E + N2+(X), Ionization
PARAM.:  E = 15.6 eV, complete set
DATABASE: IST-Lisbon
COMMENT: [e + N2(X) -> e + e + N2(+,X), Ionization] The cross section for the ionization to
COMMENT: N2(+,X) was obtained from the total ionization cross section of Rapp D and
COMMENT: Englander-Golden P 1965 J. Chem. Phys. 43 1464, and the partial ionization cross section
COMMENT: to N2(+,B) of Isola L M, Gómez B J and Guerra V 2010 J. Phys. D: Appl. Phys. 43 015202.
UPDATED: 2018-11-27 12:51:46
COLUMNS: Energy (eV) | Cross section (m2)
-----------------------------
 1.560000e+1	0.000000e+0
 1.570000e+1	7.500000e-23
 1.580000e+1	1.500000e-22
 1.590000e+1	1.950000e-22
 1.600000e+1	2.400000e-22
 1.610000e+1	2.950000e-22
 1.620000e+1	3.500000e-22
 1.630000e+1	3.850000e-22
 1.640000e+1	4.200000e-22
 1.650000e+1	4.700000e-22
 1.660000e+1	5.200000e-22
 1.670000e+1	5.700000e-22
 1.680000e+1	6.200000e-22
 1.690000e+1	6.700000e-22
 1.700000e+1	7.200000e-22
 1.710000e+1	7.700000e-22
 1.720000e+1	8.200000e-22
 1.730000e+1	8.700000e-22
 1.740000e+1	9.200000e-22
 1.750000e+1	9.850000e-22
 1.760000e+1	1.050000e-21
 1.770000e+1	1.100000e-21
 1.780000e+1	1.150000e-21
 1.790000e+1	1.220000e-21
 1.800000e+1	1.290000e-21
 1.810000e+1	1.345000e-21
 1.820000e+1	1.400000e-21
 1.830000e+1	1.460000e-21
 1.840000e+1	1.520000e-21
 1.850000e+1	1.580000e-21
 1.860000e+1	1.640000e-21
 1.870000e+1	1.715000e-21
 1.880000e+1	1.790000e-21
 1.890000e+1	1.876772e-21
 1.900000e+1	1.963544e-21
 1.910000e+1	1.990384e-21
 1.920000e+1	2.017224e-21
 1.930000e+1	2.084132e-21
 1.940000e+1	2.151040e-21
 1.950000e+1	2.202948e-21
 1.960000e+1	2.254856e-21
 1.970000e+1	2.331866e-21
 1.980000e+1	2.408876e-21
 1.990000e+1	2.500886e-21
 2.000000e+1	2.592896e-21
 2.010000e+1	2.637246e-21
 2.020000e+1	2.680597e-21
 2.030000e+1	2.724947e-21
 2.040000e+1	2.768298e-21
 2.050000e+1	2.834648e-21
 2.060000e+1	2.900998e-21
 2.070000e+1	2.967349e-21
 2.080000e+1	3.033699e-21
 2.090000e+1	3.100050e-21
 2.100000e+1	3.166400e-21
 2.110000e+1	3.232832e-21
 2.120000e+1	3.299264e-21
 2.130000e+1	3.365696e-21
 2.140000e+1	3.432128e-21
 2.150000e+1	3.498560e-21
 2.160000e+1	3.564992e-21
 2.170000e+1	3.656424e-21
 2.180000e+1	3.747856e-21
 2.190000e+1	3.839288e-21
 2.200000e+1	3.930720e-21
 2.210000e+1	3.972152e-21
 2.220000e+1	4.013584e-21
 2.230000e+1	4.055016e-21
 2.240000e+1	4.096448e-21
 2.250000e+1	4.162880e-21
 2.260000e+1	4.229312e-21
 2.270000e+1	4.295744e-21
 2.280000e+1	4.362176e-21
 2.290000e+1	4.453608e-21
 2.300000e+1	4.545040e-21
 2.310000e+1	4.636336e-21
 2.320000e+1	4.727632e-21
 2.330000e+1	4.768928e-21
 2.340000e+1	4.810224e-21
 2.350000e+1	4.851520e-21
 2.360000e+1	4.892816e-21
 2.370000e+1	4.984112e-21
 2.380000e+1	5.075408e-21
 2.390000e+1	5.166704e-21
 2.400000e+1	5.258000e-21
 2.410000e+1	5.324296e-21
 2.420000e+1	5.390592e-21
 2.430000e+1	5.456888e-21
 2.440000e+1	5.523184e-21
 2.450000e+1	5.589480e-21
 2.460000e+1	5.655776e-21
 2.470000e+1	5.722072e-21
 2.480000e+1	5.788368e-21
 2.490000e+1	5.829664e-21
 2.500000e+1	5.870960e-21
 2.510000e+1	5.912120e-21
 2.520000e+1	5.953280e-21
 2.530000e+1	6.019440e-21
 2.540000e+1	6.085600e-21
 2.550000e+1	6.151760e-21
 2.560000e+1	6.217920e-21
 2.570000e+1	6.284080e-21
 2.580000e+1	6.350240e-21
 2.590000e+1	6.416400e-21
 2.600000e+1	6.482560e-21
 2.610000e+1	6.548856e-21
 2.620000e+1	6.615152e-21
 2.630000e+1	6.681448e-21
 2.640000e+1	6.747744e-21
 2.650000e+1	6.814040e-21
 2.660000e+1	6.880336e-21
 2.670000e+1	6.946632e-21
 2.680000e+1	7.012928e-21
 2.690000e+1	7.104224e-21
 2.700000e+1	7.195520e-21
 2.710000e+1	7.286499e-21
 2.720000e+1	7.377477e-21
 2.730000e+1	7.443456e-21
 2.740000e+1	7.509435e-21
 2.750000e+1	7.575413e-21
 2.760000e+1	7.641392e-21
 2.770000e+1	7.707371e-21
 2.780000e+1	7.773349e-21
 2.790000e+1	7.839328e-21
 2.800000e+1	7.905307e-21
 2.810000e+1	7.971285e-21
 2.820000e+1	8.037264e-21
 2.830000e+1	8.103243e-21
 2.840000e+1	8.169221e-21
 2.850000e+1	8.235200e-21
 2.860000e+1	8.301179e-21
 2.870000e+1	8.367157e-21
 2.880000e+1	8.433136e-21
 2.890000e+1	8.499115e-21
 2.900000e+1	8.565093e-21
 2.910000e+1	8.631072e-21
 2.920000e+1	8.697051e-21
 2.930000e+1	8.763029e-21
 2.940000e+1	8.829008e-21
 2.950000e+1	8.894987e-21
 2.960000e+1	8.960965e-21
 2.970000e+1	9.026944e-21
 2.980000e+1	9.092923e-21
 2.990000e+1	9.163901e-21
 3.000000e+1	9.224880e-21
 3.010000e+1	9.286910e-21
 3.020000e+1	9.358941e-21
 3.030000e+1	9.430971e-21
 3.040000e+1	9.493002e-21
 3.050000e+1	9.565032e-21
 3.060000e+1	9.627062e-21
 3.070000e+1	9.689093e-21
 3.080000e+1	9.761123e-21
 3.090000e+1	9.803154e-21
 3.100000e+1	9.845184e-21
 3.110000e+1	9.887214e-21
 3.120000e+1	9.929245e-21
 3.130000e+1	1.000128e-20
 3.140000e+1	1.006331e-20
 3.150000e+1	1.012534e-20
 3.160000e+1	1.019737e-20
 3.170000e+1	1.023940e-20
 3.180000e+1	1.028143e-20
 3.190000e+1	1.032346e-20
 3.200000e+1	1.036549e-20
 3.210000e+1	1.043752e-20
 3.220000e+1	1.049955e-20
 3.230000e+1	1.056158e-20
 3.240000e+1	1.063361e-20
 3.250000e+1	1.067564e-20
 3.260000e+1	1.071767e-20
 3.270000e+1	1.075970e-20
 3.280000e+1	1.080173e-20
 3.290000e+1	1.084376e-20
 3.300000e+1	1.088579e-20
 3.310000e+1	1.092782e-20
 3.320000e+1	1.096985e-20
 3.330000e+1	1.101188e-20
 3.340000e+1	1.105391e-20
 3.350000e+1	1.109594e-20
 3.360000e+1	1.113797e-20
 3.370000e+1	1.118000e-20
 3.380000e+1	1.122204e-20
 3.390000e+1	1.126407e-20
 3.400000e+1	1.130610e-20
 3.410000e+1	1.136813e-20
 3.420000e+1	1.144016e-20
 3.430000e+1	1.150219e-20
 3.440000e+1	1.157422e-20
 3.450000e+1	1.161625e-20
 3.460000e+1	1.165828e-20
 3.470000e+1	1.170031e-20
 3.480000e+1	1.174234e-20
 3.490000e+1	1.180437e-20
 3.500000e+1	1.187640e-20
 3.510000e+1	1.194096e-20
 3.520000e+1	1.201552e-20
 3.530000e+1	1.206008e-20
 3.540000e+1	1.210464e-20
 3.550000e+1	1.214920e-20
 3.560000e+1	1.219376e-20
 3.570000e+1	1.223832e-20
 3.580000e+1	1.228288e-20
 3.590000e+1	1.232744e-20
 3.600000e+1	1.237200e-20
 3.610000e+1	1.241656e-20
 3.620000e+1	1.246112e-20
 3.630000e+1	1.250568e-20
 3.640000e+1	1.255024e-20
 3.650000e+1	1.259480e-20
 3.660000e+1	1.263936e-20
 3.670000e+1	1.268392e-20
 3.680000e+1	1.272848e-20
 3.690000e+1	1.277304e-20
 3.700000e+1	1.281760e-20
 3.710000e+1	1.286216e-20
 3.720000e+1	1.290672e-20
 3.730000e+1	1.295128e-20
 3.740000e+1	1.299584e-20
 3.750000e+1	1.304040e-20
 3.760000e+1	1.308496e-20
 3.770000e+1	1.312952e-20
 3.780000e+1	1.317408e-20
 3.790000e+1	1.321864e-20
 3.800000e+1	1.326320e-20
 3.810000e+1	1.330776e-20
 3.820000e+1	1.335232e-20
 3.830000e+1	1.339688e-20
 3.840000e+1	1.344144e-20
 3.850000e+1	1.348600e-20
 3.860000e+1	1.353056e-20
 3.870000e+1	1.357512e-20
 3.880000e+1	1.361968e-20
 3.890000e+1	1.366424e-20
 3.900000e+1	1.370880e-20
 3.910000e+1	1.375336e-20
 3.920000e+1	1.379792e-20
 3.930000e+1	1.382248e-20
 3.940000e+1	1.383704e-20
 3.950000e+1	1.385160e-20
 3.960000e+1	1.387616e-20
 3.970000e+1	1.392072e-20
 3.980000e+1	1.396528e-20
 3.990000e+1	1.400984e-20
 4.000000e+1	1.405440e-20
 4.500000e+1	1.461040e-20
 6.000000e+1	1.800400e-20
 7.500000e+1	1.983160e-20
 1.000000e+2	2.107360e-20
 1.500000e+2	2.043920e-20
 2.000000e+2	1.895280e-20
 3.000000e+2	1.597840e-20
 5.000000e+2	1.214856e-20
 7.000000e+2	9.712880e-21
 1.000000e+3	7.708720e-21
-----------------------------

********************************************************** O2 **********************************************************

EFFECTIVE
O2
 1.714300e-5
SPECIES: e / O2
PROCESS: E + O2 -> E + O2, Effective
PARAM.:  m/M = 0.000017143, complete set
DATABASE: IST-Lisbon
COMMENT: [e + O2(X) -> e + O2(X), Effective] Phelps A V 1985 Technical Report 28 JILA
COMMENT: Information Center Report, University of Colorado, Boulder, Colorado, USA.
UPDATED: 2018-03-26 19:57:15
COLUMNS: Energy (eV) | Cross section (m2)
-----------------------------
 0.000000e+0	3.500000e-21
 1.000000e-3	5.500000e-21
 2.000000e-3	4.100000e-21
 3.000000e-3	4.000000e-21
 5.000000e-3	5.000000e-21
 7.000000e-3	5.800000e-21
 8.500000e-3	6.400000e-21
 1.000000e-2	7.000000e-21
 1.500000e-2	8.700000e-21
 2.000000e-2	9.900000e-21
 3.000000e-2	1.240000e-20
 4.000000e-2	1.440000e-20
 5.000000e-2	1.600000e-20
 7.000000e-2	2.100000e-20
 1.000000e-1	2.500000e-20
 2.000000e-1	3.600000e-20
 3.000000e-1	4.500000e-20
 4.000000e-1	5.200000e-20
 5.000000e-1	5.700000e-20
 6.000000e-1	5.900000e-20
 7.000000e-1	6.100000e-20
 8.000000e-1	6.450000e-20
 9.000000e-1	6.750000e-20
 1.000000e+0	7.200000e-20
 1.100000e+0	7.550000e-20
 1.200000e+0	7.900000e-20
 1.300000e+0	7.900000e-20
 1.400000e+0	7.750000e-20
 1.500000e+0	7.600000e-20
 1.600000e+0	7.450000e-20
 1.700000e+0	7.300000e-20
 1.800000e+0	7.100000e-20
 1.900000e+0	6.900000e-20
 2.000000e+0	6.750000e-20
 2.100000e+0	6.600000e-20
 2.200000e+0	6.500000e-20
 2.300000e+0	6.400000e-20
 2.400000e+0	6.300000e-20
 2.500000e+0	6.100000e-20
 2.600000e+0	6.000000e-20
 2.700000e+0	5.900000e-20
 2.800000e+0	5.800000e-20
 2.900000e+0	5.750000e-20
 3.000000e+0	5.700000e-20
 3.100000e+0	5.650000e-20
 3.200000e+0	5.600000e-20
 3.300000e+0	5.500000e-20
 3.400000e+0	5.480000e-20
 3.500000e+0	5.470000e-20
 3.600000e+0	5.460000e-20
 3.700000e+0	5.450000e-20
 3.800000e+0	5.470000e-20
 3.900000e+0	5.480000e-20
 4.000000e+0	5.500000e-20
 4.100000e+0	5.500000e-20
 4.200000e+0	5.550000e-20
 4.300000e+0	5.550000e-20
 4.400000e+0	5.550000e-20
 4.500000e+0	5.550000e-20
 4.600000e+0	5.560000e-20
 4.700000e+0	5.570000e-20
 4.800000e+0	5.580000e-20
 4.900000e+0	5.590000e-20
 5.000000e+0	5.600000e-20
 5.100000e+0	5.650000e-20
 5.200000e+0	5.670000e-20
 5.300000e+0	5.700000e-20
 5.400000e+0	5.750000e-20
 5.500000e+0	5.800000e-20
 5.600000e+0	5.820000e-20
 5.700000e+0	5.850000e-20
 5.800000e+0	5.870000e-20
 5.900000e+0	5.900000e-20
 6.000000e+0	6.000000e-20
 6.100000e+0	6.100000e-20
 6.200000e+0	6.150000e-20
 6.300000e+0	6.200000e-20
 6.400000e+0	6.250000e-20
 6.500000e+0	6.300000e-20
 6.600000e+0	6.350000e-20
 6.700000e+0	6.400000e-20
 6.800000e+0	6.450000e-20
 6.900000e+0	6.500000e-20
 7.000000e+0	6.600000e-20
 7.100000e+0	6.650000e-20
 7.200000e+0	6.700000e-20
 7.300000e+0	6.750000e-20
 7.400000e+0	6.800000e-20
 7.500000e+0	6.850000e-20
 7.600000e+0	6.900000e-20
 7.700000e+0	6.950000e-20
 7.800000e+0	6.970000e-20
 7.900000e+0	7.000000e-20
 8.000000e+0	7.100000e-20
 8.100000e+0	7.150000e-20
 8.200000e+0	7.170000e-20
 8.300000e+0	7.200000e-20
 8.400000e+0	7.300000e-20
 8.500000e+0	7.400000e-20
 8.600000e+0	7.500000e-20
 8.700000e+0	7.550000e-20
 8.800000e+0	7.600000e-20
 8.900000e+0	7.650000e-20
 9.000000e+0	7.700000e-20
 9.100000e+0	7.720000e-20
 9.200000e+0	7.750000e-20
 9.300000e+0	7.800000e-20
 9.400000e+0	7.850000e-20
 9.500000e+0	7.900000e-20
 9.600000e+0	7.950000e-20
 9.700000e+0	7.970000e-20
 9.800000e+0	7.990000e-20
 9.900000e+0	8.000000e-20
 1.000000e+1	8.000000e-20
 1.010000e+1	8.050000e-20
 1.020000e+1	8.100000e-20
 1.030000e+1	8.150000e-20
 1.040000e+1	8.200000e-20
 1.050000e+1	8.250000e-20
 1.060000e+1	8.260000e-20
 1.070000e+1	8.270000e-20
 1.080000e+1	8.280000e-20
 1.090000e+1	8.290000e-20
 1.100000e+1	8.300000e-20
 1.110000e+1	8.330000e-20
 1.120000e+1	8.360000e-20
 1.130000e+1	8.390000e-20
 1.140000e+1	8.420000e-20
 1.150000e+1	8.450000e-20
 1.160000e+1	8.460000e-20
 1.170000e+1	8.470000e-20
 1.180000e+1	8.480000e-20
 1.190000e+1	8.490000e-20
 1.200000e+1	8.500000e-20
 1.210000e+1	8.540000e-20
 1.220000e+1	8.580000e-20
 1.230000e+1	8.620000e-20
 1.240000e+1	8.660000e-20
 1.250000e+1	8.700000e-20
 1.260000e+1	8.710000e-20
 1.270000e+1	8.720000e-20
 1.280000e+1	8.730000e-20
 1.290000e+1	8.740000e-20
 1.300000e+1	8.750000e-20
 1.310000e+1	8.750000e-20
 1.320000e+1	8.750000e-20
 1.330000e+1	8.760000e-20
 1.340000e+1	8.760000e-20
 1.350000e+1	8.760000e-20
 1.360000e+1	8.760000e-20
 1.370000e+1	8.760000e-20
 1.380000e+1	8.770000e-20
 1.390000e+1	8.770000e-20
 1.400000e+1	8.770000e-20
 1.410000e+1	8.770000e-20
 1.420000e+1	8.770000e-20
 1.430000e+1	8.780000e-20
 1.440000e+1	8.780000e-20
 1.450000e+1	8.780000e-20
 1.460000e+1	8.780000e-20
 1.470000e+1	8.790000e-20
 1.480000e+1	8.790000e-20
 1.490000e+1	8.800000e-20
 1.500000e+1	8.800000e-20
 1.510000e+1	8.800000e-20
 1.520000e+1	8.800000e-20
 1.530000e+1	8.800000e-20
 1.540000e+1	8.800000e-20
 1.550000e+1	8.800000e-20
 1.560000e+1	8.800000e-20
 1.570000e+1	8.790000e-20
 1.580000e+1	8.790000e-20
 1.590000e+1	8.780000e-20
 1.600000e+1	8.780000e-20
 1.610000e+1	8.770000e-20
 1.620000e+1	8.770000e-20
 1.630000e+1	8.760000e-20
 1.640000e+1	8.760000e-20
 1.650000e+1	8.750000e-20
 1.660000e+1	8.740000e-20
 1.670000e+1	8.730000e-20
 1.680000e+1	8.720000e-20
 1.690000e+1	8.710000e-20
 1.700000e+1	8.700000e-20
 1.710000e+1	8.690000e-20
 1.720000e+1	8.680000e-20
 1.730000e+1	8.670000e-20
 1.740000e+1	8.660000e-20
 1.750000e+1	8.650000e-20
 1.760000e+1	8.640000e-20
 1.770000e+1	8.630000e-20
 1.780000e+1	8.620000e-20
 1.790000e+1	8.610000e-20
 1.800000e+1	8.600000e-20
 1.810000e+1	8.600000e-20
 1.820000e+1	8.600000e-20
 1.830000e+1	8.600000e-20
 1.840000e+1	8.600000e-20
 1.850000e+1	8.600000e-20
 1.860000e+1	8.590000e-20
 1.870000e+1	8.580000e-20
 1.880000e+1	8.570000e-20
 1.890000e+1	8.560000e-20
 1.900000e+1	8.550000e-20
 1.910000e+1	8.560000e-20
 1.920000e+1	8.570000e-20
 1.930000e+1	8.580000e-20
 1.940000e+1	8.590000e-20
 1.950000e+1	8.600000e-20
 1.960000e+1	8.600000e-20
 1.970000e+1	8.600000e-20
 1.980000e+1	8.600000e-20
 1.990000e+1	8.600000e-20
 2.000000e+1	8.600000e-20
 2.010000e+1	8.580000e-20
 2.020000e+1	8.560000e-20
 2.030000e+1	8.540000e-20
 2.040000e+1	8.520000e-20
 2.050000e+1	8.500000e-20
 2.060000e+1	8.490000e-20
 2.070000e+1	8.480000e-20
 2.080000e+1	8.470000e-20
 2.090000e+1	8.460000e-20
 2.100000e+1	8.450000e-20
 2.110000e+1	8.440000e-20
 2.120000e+1	8.430000e-20
 2.130000e+1	8.420000e-20
 2.140000e+1	8.410000e-20
 2.150000e+1	8.400000e-20
 2.160000e+1	8.390000e-20
 2.170000e+1	8.380000e-20
 2.180000e+1	8.370000e-20
 2.190000e+1	8.360000e-20
 2.200000e+1	8.350000e-20
 2.210000e+1	8.340000e-20
 2.220000e+1	8.330000e-20
 2.230000e+1	8.320000e-20
 2.240000e+1	8.310000e-20
 2.250000e+1	8.300000e-20
 2.260000e+1	8.300000e-20
 2.270000e+1	8.290000e-20
 2.280000e+1	8.290000e-20
 2.290000e+1	8.280000e-20
 2.300000e+1	8.280000e-20
 2.310000e+1	8.280000e-20
 2.320000e+1	8.280000e-20
 2.330000e+1	8.270000e-20
 2.340000e+1	8.270000e-20
 2.350000e+1	8.270000e-20
 2.360000e+1	8.260000e-20
 2.370000e+1	8.250000e-20
 2.380000e+1	8.250000e-20
 2.390000e+1	8.240000e-20
 2.400000e+1	8.230000e-20
 2.410000e+1	8.230000e-20
 2.420000e+1	8.220000e-20
 2.430000e+1	8.220000e-20
 2.440000e+1	8.210000e-20
 2.450000e+1	8.210000e-20
 2.460000e+1	8.210000e-20
 2.470000e+1	8.210000e-20
 2.480000e+1	8.200000e-20
 2.490000e+1	8.200000e-20
 2.500000e+1	8.200000e-20
 2.510000e+1	8.190000e-20
 2.520000e+1	8.180000e-20
 2.530000e+1	8.170000e-20
 2.540000e+1	8.160000e-20
 2.550000e+1	8.150000e-20
 2.560000e+1	8.150000e-20
 2.570000e+1	8.140000e-20
 2.580000e+1	8.140000e-20
 2.590000e+1	8.130000e-20
 2.600000e+1	8.130000e-20
 2.610000e+1	8.130000e-20
 2.620000e+1	8.120000e-20
 2.630000e+1	8.120000e-20
 2.640000e+1	8.110000e-20
 2.650000e+1	8.110000e-20
 2.660000e+1	8.110000e-20
 2.670000e+1	8.100000e-20
 2.680000e+1	8.100000e-20
 2.690000e+1	8.090000e-20
 2.700000e+1	8.090000e-20
 2.710000e+1	8.090000e-20
 2.720000e+1	8.080000e-20
 2.730000e+1	8.080000e-20
 2.740000e+1	8.070000e-20
 2.750000e+1	8.070000e-20
 2.760000e+1	8.070000e-20
 2.770000e+1	8.070000e-20
 2.780000e+1	8.060000e-20
 2.790000e+1	8.060000e-20
 2.800000e+1	8.060000e-20
 2.810000e+1	8.060000e-20
 2.820000e+1	8.060000e-20
 2.830000e+1	8.050000e-20
 2.840000e+1	8.050000e-20
 2.850000e+1	8.050000e-20
 2.860000e+1	8.050000e-20
 2.870000e+1	8.040000e-20
 2.880000e+1	8.040000e-20
 2.890000e+1	8.030000e-20
 2.900000e+1	8.030000e-20
 2.910000e+1	8.030000e-20
 2.920000e+1	8.020000e-20
 2.930000e+1	8.020000e-20
 2.940000e+1	8.010000e-20
 2.950000e+1	8.010000e-20
 2.960000e+1	8.010000e-20
 2.970000e+1	8.010000e-20
 2.980000e+1	8.000000e-20
 2.990000e+1	8.000000e-20
 3.000000e+1	8.000000e-20
 3.010000e+1	7.990000e-20
 3.020000e+1	7.980000e-20
 3.030000e+1	7.970000e-20
 3.040000e+1	7.960000e-20
 3.050000e+1	7.950000e-20
 3.060000e+1	7.950000e-20
 3.070000e+1	7.940000e-20
 3.080000e+1	7.940000e-20
 3.090000e+1	7.930000e-20
 3.100000e+1	7.930000e-20
 3.110000e+1	7.930000e-20
 3.120000e+1	7.920000e-20
 3.130000e+1	7.920000e-20
 3.140000e+1	7.910000e-20
 3.150000e+1	7.910000e-20
 3.160000e+1	7.910000e-20
 3.170000e+1	7.900000e-20
 3.180000e+1	7.900000e-20
 3.190000e+1	7.890000e-20
 3.200000e+1	7.890000e-20
 3.210000e+1	7.890000e-20
 3.220000e+1	7.880000e-20
 3.230000e+1	7.880000e-20
 3.240000e+1	7.870000e-20
 3.250000e+1	7.870000e-20
 3.260000e+1	7.870000e-20
 3.270000e+1	7.860000e-20
 3.280000e+1	7.860000e-20
 3.290000e+1	7.850000e-20
 3.300000e+1	7.850000e-20
 3.310000e+1	7.850000e-20
 3.320000e+1	7.840000e-20
 3.330000e+1	7.840000e-20
 3.340000e+1	7.830000e-20
 3.350000e+1	7.830000e-20
 3.360000e+1	7.830000e-20
 3.370000e+1	7.820000e-20
 3.380000e+1	7.820000e-20
 3.390000e+1	7.810000e-20
 3.400000e+1	7.810000e-20
 3.410000e+1	7.810000e-20
 3.420000e+1	7.800000e-20
 3.430000e+1	7.800000e-20
 3.440000e+1	7.790000e-20
 3.450000e+1	7.790000e-20
 3.460000e+1	7.790000e-20
 3.470000e+1	7.780000e-20
 3.480000e+1	7.780000e-20
 3.490000e+1	7.770000e-20
 3.500000e+1	7.770000e-20
 3.510000e+1	7.770000e-20
 3.520000e+1	7.760000e-20
 3.530000e+1	7.760000e-20
 3.540000e+1	7.750000e-20
 3.550000e+1	7.750000e-20
 3.560000e+1	7.750000e-20
 3.570000e+1	7.740000e-20
 3.580000e+1	7.740000e-20
 3.590000e+1	7.730000e-20
 3.600000e+1	7.730000e-20
 3.610000e+1	7.730000e-20
 3.620000e+1	7.720000e-20
 3.630000e+1	7.720000e-20
 3.640000e+1	7.710000e-20
 3.650000e+1	7.710000e-20
 3.660000e+1	7.710000e-20
 3.670000e+1	7.700000e-20
 3.680000e+1	7.700000e-20
 3.690000e+1	7.690000e-20
 3.700000e+1	7.690000e-20
 3.710000e+1	7.690000e-20
 3.720000e+1	7.690000e-20
 3.730000e+1	7.680000e-20
 3.740000e+1	7.680000e-20
 3.750000e+1	7.680000e-20
 3.760000e+1	7.680000e-20
 3.770000e+1	7.680000e-20
 3.780000e+1	7.670000e-20
 3.790000e+1	7.670000e-20
 3.800000e+1	7.670000e-20
 3.810000e+1	7.670000e-20
 3.820000e+1	7.670000e-20
 3.830000e+1	7.660000e-20
 3.840000e+1	7.660000e-20
 3.850000e+1	7.660000e-20
 3.860000e+1	7.660000e-20
 3.870000e+1	7.660000e-20
 3.880000e+1	7.650000e-20
 3.890000e+1	7.650000e-20
 3.900000e+1	7.650000e-20
 3.910000e+1	7.650000e-20
 3.920000e+1	7.650000e-20
 3.930000e+1	7.650000e-20
 3.940000e+1	7.650000e-20
 3.950000e+1	7.650000e-20
 3.960000e+1	7.650000e-20
 3.970000e+1	7.650000e-20
 3.980000e+1	7.650000e-20
 3.990000e+1	7.650000e-20
 4.000000e+1	7.650000e-20
 5.000000e+1	7.700000e-20
 7.500000e+1	6.800000e-20
 1.000000e+2	6.500000e-20
 1.500000e+2	6.700000e-20
 2.000000e+2	6.000000e-20
 3.000000e+2	4.900000e-20
 5.000000e+2	3.600000e-20
 7.000000e+2	2.900000e-20
 1.000000e+3	2.120000e-20
 1.500000e+3	1.480000e-20
 2.000000e+3	1.140000e-20
 3.000000e+3	7.900000e-21
 5.000000e+3	5.100000e-21
 7.000000e+3	3.800000e-21
 1.000000e+4	2.800000e-21
-----------------------------

EXCITATION
O2 -> O(3P)+O(3P)
 6.000000e+0
SPECIES: e / O2
PROCESS: E + O2 -> E + O(3P)+O(3P), Excitation
PARAM.:  E = 6 eV, complete set
DATABASE: IST-Lisbon
COMMENT: [e + O2(X) -> e + O(3P)+O(3P), Excitation] A3Su+,C3Du,c1Su- yielding 2O and continuum
COMMENT: Herzberg bands Phelps A V 1985 Technical Report 28 JILA Information Center Report,
COMMENT: University of Colorado, Boulder, Colorado, USA extended up to 1keV following Biagi v8.9.
UPDATED: 2017-12-31 17:57:43
COLUMNS: Energy (eV) | Cross section (m2)
-----------------------------
 6.000000e+0	0.000000e+0
 6.100000e+0	4.300000e-23
 6.200000e+0	8.500000e-23
 6.300000e+0	1.930000e-22
 6.400000e+0	3.000000e-22
 6.500000e+0	5.250000e-22
 6.600000e+0	7.500000e-22
 6.700000e+0	9.750000e-22
 6.800000e+0	1.200000e-21
 6.900000e+0	1.350000e-21
 7.000000e+0	1.500000e-21
 7.100000e+0	1.675000e-21
 7.200000e+0	1.850000e-21
 7.300000e+0	1.975000e-21
 7.400000e+0	2.100000e-21
 7.500000e+0	2.150000e-21
 7.600000e+0	2.200000e-21
 7.700000e+0	2.250000e-21
 7.800000e+0	2.300000e-21
 7.900000e+0	2.325000e-21
 8.000000e+0	2.350000e-21
 8.100000e+0	2.352000e-21
 8.200000e+0	2.354000e-21
 8.300000e+0	2.356000e-21
 8.400000e+0	2.358000e-21
 8.500000e+0	2.354000e-21
 8.600000e+0	2.350000e-21
 8.700000e+0	2.338000e-21
 8.800000e+0	2.325000e-21
 8.900000e+0	2.313000e-21
 9.000000e+0	2.300000e-21
 9.100000e+0	2.275000e-21
 9.200000e+0	2.250000e-21
 9.300000e+0	2.225000e-21
 9.400000e+0	2.200000e-21
 9.500000e+0	2.185000e-21
 9.600000e+0	2.170000e-21
 9.700000e+0	2.145000e-21
 9.800000e+0	2.120000e-21
 9.900000e+0	2.110000e-21
 1.000000e+1	2.100000e-21
 1.010000e+1	2.075000e-21
 1.020000e+1	2.050000e-21
 1.030000e+1	2.025000e-21
 1.040000e+1	2.000000e-21
 1.050000e+1	1.998000e-21
 1.060000e+1	1.995000e-21
 1.070000e+1	1.993000e-21
 1.080000e+1	1.990000e-21
 1.090000e+1	1.938000e-21
 1.100000e+1	1.886000e-21
 1.110000e+1	1.885000e-21
 1.120000e+1	1.883000e-21
 1.130000e+1	1.881000e-21
 1.140000e+1	1.880000e-21
 1.150000e+1	1.829000e-21
 1.160000e+1	1.778000e-21
 1.170000e+1	1.777000e-21
 1.180000e+1	1.775000e-21
 1.190000e+1	1.713000e-21
 1.200000e+1	1.650000e-21
 1.210000e+1	1.635000e-21
 1.220000e+1	1.620000e-21
 1.230000e+1	1.600000e-21
 1.240000e+1	1.580000e-21
 1.250000e+1	1.555000e-21
 1.260000e+1	1.530000e-21
 1.270000e+1	1.500000e-21
 1.280000e+1	1.470000e-21
 1.290000e+1	1.460000e-21
 1.300000e+1	1.450000e-21
 1.310000e+1	1.425000e-21
 1.320000e+1	1.400000e-21
 1.330000e+1	1.388000e-21
 1.340000e+1	1.375000e-21
 1.350000e+1	1.338000e-21
 1.360000e+1	1.300000e-21
 1.370000e+1	1.285000e-21
 1.380000e+1	1.270000e-21
 1.390000e+1	1.260000e-21
 1.400000e+1	1.250000e-21
 1.410000e+1	1.225000e-21
 1.420000e+1	1.200000e-21
 1.430000e+1	1.185000e-21
 1.440000e+1	1.170000e-21
 1.450000e+1	1.135000e-21
 1.460000e+1	1.100000e-21
 1.470000e+1	1.090000e-21
 1.480000e+1	1.080000e-21
 1.490000e+1	1.065000e-21
 1.500000e+1	1.050000e-21
 1.510000e+1	1.025000e-21
 1.520000e+1	1.000000e-21
 1.530000e+1	9.750000e-22
 1.540000e+1	9.500000e-22
 1.550000e+1	9.150000e-22
 1.560000e+1	8.800000e-22
 1.570000e+1	8.550000e-22
 1.580000e+1	8.300000e-22
 1.590000e+1	8.150000e-22
 1.600000e+1	8.000000e-22
 1.610000e+1	7.900000e-22
 1.620000e+1	7.800000e-22
 1.630000e+1	7.650000e-22
 1.640000e+1	7.500000e-22
 1.650000e+1	7.230000e-22
 1.660000e+1	6.950000e-22
 1.670000e+1	6.880000e-22
 1.680000e+1	6.800000e-22
 1.690000e+1	6.650000e-22
 1.700000e+1	6.500000e-22
 1.710000e+1	6.400000e-22
 1.720000e+1	6.300000e-22
 1.730000e+1	6.200000e-22
 1.740000e+1	6.100000e-22
 1.750000e+1	6.030000e-22
 1.760000e+1	5.950000e-22
 1.770000e+1	5.930000e-22
 1.780000e+1	5.900000e-22
 1.790000e+1	5.800000e-22
 1.800000e+1	5.700000e-22
 1.810000e+1	5.650000e-22
 1.820000e+1	5.600000e-22
 1.830000e+1	5.550000e-22
 1.840000e+1	5.500000e-22
 1.850000e+1	5.430000e-22
 1.860000e+1	5.350000e-22
 1.870000e+1	5.280000e-22
 1.880000e+1	5.200000e-22
 1.890000e+1	5.150000e-22
 1.900000e+1	5.100000e-22
 1.910000e+1	5.050000e-22
 1.920000e+1	5.000000e-22
 1.930000e+1	4.980000e-22
 1.940000e+1	4.950000e-22
 1.950000e+1	4.930000e-22
 1.960000e+1	4.900000e-22
 1.970000e+1	4.880000e-22
 1.980000e+1	4.850000e-22
 1.990000e+1	4.800000e-22
 2.000000e+1	4.750000e-22
 2.010000e+1	4.720000e-22
 2.020000e+1	4.690000e-22
 2.030000e+1	4.660000e-22
 2.040000e+1	4.630000e-22
 2.050000e+1	4.600000e-22
 2.060000e+1	4.580000e-22
 2.070000e+1	4.560000e-22
 2.080000e+1	4.540000e-22
 2.090000e+1	4.520000e-22
 2.100000e+1	4.500000e-22
 2.110000e+1	4.470000e-22
 2.120000e+1	4.440000e-22
 2.130000e+1	4.410000e-22
 2.140000e+1	4.380000e-22
 2.150000e+1	4.350000e-22
 2.160000e+1	4.320000e-22
 2.170000e+1	4.300000e-22
 2.180000e+1	4.270000e-22
 2.190000e+1	4.250000e-22
 2.200000e+1	4.220000e-22
 2.210000e+1	4.200000e-22
 2.220000e+1	4.180000e-22
 2.230000e+1	4.160000e-22
 2.240000e+1	4.140000e-22
 2.250000e+1	4.120000e-22
 2.260000e+1	4.100000e-22
 2.270000e+1	4.080000e-22
 2.280000e+1	4.070000e-22
 2.290000e+1	4.050000e-22
 2.300000e+1	4.030000e-22
 2.310000e+1	4.010000e-22
 2.320000e+1	4.000000e-22
 2.330000e+1	3.980000e-22
 2.340000e+1	3.970000e-22
 2.350000e+1	3.950000e-22
 2.360000e+1	3.930000e-22
 2.370000e+1	3.910000e-22
 2.380000e+1	3.890000e-22
 2.390000e+1	3.870000e-22
 2.400000e+1	3.850000e-22
 2.410000e+1	3.830000e-22
 2.420000e+1	3.810000e-22
 2.430000e+1	3.790000e-22
 2.440000e+1	3.770000e-22
 2.450000e+1	3.750000e-22
 2.460000e+1	3.730000e-22
 2.470000e+1	3.710000e-22
 2.480000e+1	3.690000e-22
 2.490000e+1	3.670000e-22
 2.500000e+1	3.650000e-22
 2.510000e+1	3.640000e-22
 2.520000e+1	3.630000e-22
 2.530000e+1	3.620000e-22
 2.540000e+1	3.610000e-22
 2.550000e+1	3.600000e-22
 2.560000e+1	3.580000e-22
 2.570000e+1	3.560000e-22
 2.580000e+1	3.540000e-22
 2.590000e+1	3.520000e-22
 2.600000e+1	3.500000e-22
 2.610000e+1	3.490000e-22
 2.620000e+1	3.480000e-22
 2.630000e+1	3.470000e-22
 2.640000e+1	3.460000e-22
 2.650000e+1	3.450000e-22
 2.660000e+1	3.440000e-22
 2.670000e+1	3.420000e-22
 2.680000e+1	3.410000e-22
 2.690000e+1	3.390000e-22
 2.700000e+1	3.380000e-22
 2.710000e+1	3.360000e-22
 2.720000e+1	3.350000e-22
 2.730000e+1	3.330000e-22
 2.740000e+1	3.320000e-22
 2.750000e+1	3.300000e-22
 2.760000e+1	3.290000e-22
 2.770000e+1	3.290000e-22
 2.780000e+1	3.280000e-22
 2.790000e+1	3.280000e-22
 2.800000e+1	3.270000e-22
 2.810000e+1	3.260000e-22
 2.820000e+1	3.240000e-22
 2.830000e+1	3.230000e-22
 2.840000e+1	3.210000e-22
 2.850000e+1	3.200000e-22
 2.860000e+1	3.190000e-22
 2.870000e+1	3.180000e-22
 2.880000e+1	3.170000e-22
 2.890000e+1	3.160000e-22
 2.900000e+1	3.150000e-22
 2.910000e+1	3.140000e-22
 2.920000e+1	3.120000e-22
 2.930000e+1	3.110000e-22
 2.940000e+1	3.090000e-22
 2.950000e+1	3.080000e-22
 2.960000e+1	3.070000e-22
 2.970000e+1	3.060000e-22
 2.980000e+1	3.040000e-22
 2.990000e+1	3.030000e-22
 3.000000e+1	3.020000e-22
 3.010000e+1	3.010000e-22
 3.020000e+1	3.000000e-22
 3.030000e+1	2.990000e-22
 3.040000e+1	2.980000e-22
 3.050000e+1	2.970000e-22
 3.060000e+1	2.960000e-22
 3.070000e+1	2.940000e-22
 3.080000e+1	2.930000e-22
 3.090000e+1	2.910000e-22
 3.100000e+1	2.900000e-22
 3.110000e+1	2.890000e-22
 3.120000e+1	2.890000e-22
 3.130000e+1	2.880000e-22
 3.140000e+1	2.880000e-22
 3.150000e+1	2.870000e-22
 3.160000e+1	2.860000e-22
 3.170000e+1	2.850000e-22
 3.180000e+1	2.840000e-22
 3.190000e+1	2.830000e-22
 3.200000e+1	2.820000e-22
 3.210000e+1	2.810000e-22
 3.220000e+1	2.800000e-22
 3.230000e+1	2.780000e-22
 3.240000e+1	2.770000e-22
 3.250000e+1	2.760000e-22
 3.260000e+1	2.750000e-22
 3.270000e+1	2.740000e-22
 3.280000e+1	2.740000e-22
 3.290000e+1	2.730000e-22
 3.300000e+1	2.720000e-22
 3.310000e+1	2.710000e-22
 3.320000e+1	2.700000e-22
 3.330000e+1	2.700000e-22
 3.340000e+1	2.690000e-22
 3.350000e+1	2.680000e-22
 3.360000e+1	2.670000e-22
 3.370000e+1	2.670000e-22
 3.380000e+1	2.660000e-22
 3.390000e+1	2.660000e-22
 3.400000e+1	2.650000e-22
 3.410000e+1	2.640000e-22
 3.420000e+1	2.630000e-22
 3.430000e+1	2.620000e-22
 3.440000e+1	2.610000e-22
 3.450000e+1	2.600000e-22
 3.460000e+1	2.590000e-22
 3.470000e+1	2.580000e-22
 3.480000e+1	2.570000e-22
 3.490000e+1	2.560000e-22
 3.500000e+1	2.550000e-22
 3.510000e+1	2.540000e-22
 3.520000e+1	2.530000e-22
 3.530000e+1	2.530000e-22
 3.540000e+1	2.520000e-22
 3.550000e+1	2.510000e-22
 3.560000e+1	2.500000e-22
 3.570000e+1	2.500000e-22
 3.580000e+1	2.490000e-22
 3.590000e+1	2.490000e-22
 3.600000e+1	2.480000e-22
 3.610000e+1	2.470000e-22
 3.620000e+1	2.460000e-22
 3.630000e+1	2.450000e-22
 3.640000e+1	2.440000e-22
 3.650000e+1	2.430000e-22
 3.660000e+1	2.420000e-22
 3.670000e+1	2.420000e-22
 3.680000e+1	2.410000e-22
 3.690000e+1	2.410000e-22
 3.700000e+1	2.400000e-22
 3.710000e+1	2.400000e-22
 3.720000e+1	2.390000e-22
 3.730000e+1	2.390000e-22
 3.740000e+1	2.380000e-22
 3.750000e+1	2.380000e-22
 3.760000e+1	2.370000e-22
 3.770000e+1	2.370000e-22
 3.780000e+1	2.360000e-22
 3.790000e+1	2.360000e-22
 3.800000e+1	2.350000e-22
 3.810000e+1	2.340000e-22
 3.820000e+1	2.330000e-22
 3.830000e+1	2.320000e-22
 3.840000e+1	2.310000e-22
 3.850000e+1	2.300000e-22
 3.860000e+1	2.290000e-22
 3.870000e+1	2.280000e-22
 3.880000e+1	2.270000e-22
 3.890000e+1	2.260000e-22
 3.900000e+1	2.250000e-22
 3.910000e+1	2.250000e-22
 3.920000e+1	2.240000e-22
 3.930000e+1	2.240000e-22
 3.940000e+1	2.230000e-22
 3.950000e+1	2.230000e-22
 3.960000e+1	2.220000e-22
 3.970000e+1	2.220000e-22
 3.980000e+1	2.210000e-22
 3.990000e+1	2.210000e-22
 4.000000e+1	2.200000e-22
 1.000000e+2	9.000000e-23
 2.000000e+2	5.000000e-23
 5.000000e+2	2.200000e-23
 1.000000e+3	1.200000e-23
-----------------------------

EXCITATION
O2 -> O(3P)+O(1D)
 8.400000e+0
SPECIES: e / O2
PROCESS: E + O2 -> E + O(3P)+O(1D), Excitation
PARAM.:  E = 8.4 eV, complete set
DATABASE: IST-Lisbon
COMMENT: [e + O2(X) -> e + O(3P)+O(1D), Excitation] B3Su- yielding O+O(1D) and continuum
COMMENT: Schumann-Runge bands Phelps A V 1985 Technical Report 28 JILA Information Center Report,
COMMENT: University of Colorado, Boulder, Colorado, USA adjusted.
UPDATED: 2017-12-31 18:01:39
COLUMNS: Energy (eV) | Cross section (m2)
-----------------------------
 8.400000e+0	0.000000e+0
 8.500000e+0	5.530000e-22
 8.600000e+0	1.105000e-21
 8.700000e+0	2.177000e-21
 8.800000e+0	3.250000e-21
 8.900000e+0	4.250000e-21
 9.000000e+0	5.250000e-21
 9.100000e+0	6.825000e-21
 9.200000e+0	8.400000e-21
 9.300000e+0	9.200000e-21
 9.400000e+0	1.000000e-20
 9.500000e+0	1.005000e-20
 9.600000e+0	1.010000e-20
 9.700000e+0	1.012500e-20
 9.800000e+0	1.015000e-20
 9.900000e+0	1.018700e-20
 1.000000e+1	1.022500e-20
 1.010000e+1	1.025700e-20
 1.020000e+1	1.029000e-20
 1.030000e+1	1.032000e-20
 1.040000e+1	1.035000e-20
 1.050000e+1	1.038500e-20
 1.060000e+1	1.042000e-20
 1.070000e+1	1.046300e-20
 1.080000e+1	1.050500e-20
 1.090000e+1	1.052200e-20
 1.100000e+1	1.054000e-20
 1.110000e+1	1.055800e-20
 1.120000e+1	1.057500e-20
 1.130000e+1	1.059300e-20
 1.140000e+1	1.061000e-20
 1.150000e+1	1.063300e-20
 1.160000e+1	1.065500e-20
 1.170000e+1	1.067700e-20
 1.180000e+1	1.070000e-20
 1.190000e+1	1.071500e-20
 1.200000e+1	1.073000e-20
 1.210000e+1	1.075300e-20
 1.220000e+1	1.077500e-20
 1.230000e+1	1.080000e-20
 1.240000e+1	1.082500e-20
 1.250000e+1	1.087000e-20
 1.260000e+1	1.091500e-20
 1.270000e+1	1.094000e-20
 1.280000e+1	1.096500e-20
 1.290000e+1	1.098500e-20
 1.300000e+1	1.100500e-20
 1.310000e+1	1.103500e-20
 1.320000e+1	1.106500e-20
 1.330000e+1	1.108200e-20
 1.340000e+1	1.110000e-20
 1.350000e+1	1.111800e-20
 1.360000e+1	1.113500e-20
 1.370000e+1	1.115500e-20
 1.380000e+1	1.117500e-20
 1.390000e+1	1.119300e-20
 1.400000e+1	1.121000e-20
 1.410000e+1	1.122500e-20
 1.420000e+1	1.124000e-20
 1.430000e+1	1.125500e-20
 1.440000e+1	1.127000e-20
 1.450000e+1	1.129000e-20
 1.460000e+1	1.131000e-20
 1.470000e+1	1.132000e-20
 1.480000e+1	1.133000e-20
 1.490000e+1	1.133800e-20
 1.500000e+1	1.134500e-20
 1.510000e+1	1.135500e-20
 1.520000e+1	1.136500e-20
 1.530000e+1	1.137400e-20
 1.540000e+1	1.138300e-20
 1.550000e+1	1.138900e-20
 1.560000e+1	1.139400e-20
 1.570000e+1	1.140000e-20
 1.580000e+1	1.140500e-20
 1.590000e+1	1.141600e-20
 1.600000e+1	1.142600e-20
 1.610000e+1	1.143700e-20
 1.620000e+1	1.144700e-20
 1.630000e+1	1.145200e-20
 1.640000e+1	1.145800e-20
 1.650000e+1	1.146300e-20
 1.660000e+1	1.146900e-20
 1.670000e+1	1.147300e-20
 1.680000e+1	1.147800e-20
 1.690000e+1	1.148200e-20
 1.700000e+1	1.148600e-20
 1.710000e+1	1.148900e-20
 1.720000e+1	1.149200e-20
 1.730000e+1	1.149500e-20
 1.740000e+1	1.149800e-20
 1.750000e+1	1.150100e-20
 1.760000e+1	1.150400e-20
 1.770000e+1	1.150700e-20
 1.780000e+1	1.151000e-20
 1.790000e+1	1.151100e-20
 1.800000e+1	1.151300e-20
 1.810000e+1	1.151500e-20
 1.820000e+1	1.151600e-20
 1.830000e+1	1.151700e-20
 1.840000e+1	1.151800e-20
 1.850000e+1	1.151900e-20
 1.860000e+1	1.152000e-20
 1.870000e+1	1.152100e-20
 1.880000e+1	1.152200e-20
 1.890000e+1	1.152200e-20
 1.900000e+1	1.152300e-20
 1.910000e+1	1.152400e-20
 1.920000e+1	1.152500e-20
 1.930000e+1	1.152600e-20
 1.940000e+1	1.152600e-20
 1.950000e+1	1.152700e-20
 1.960000e+1	1.152800e-20
 1.970000e+1	1.152800e-20
 1.980000e+1	1.152900e-20
 1.990000e+1	1.153000e-20
 2.000000e+1	1.153100e-20
 2.010000e+1	1.153400e-20
 2.020000e+1	1.153700e-20
 2.030000e+1	1.153900e-20
 2.040000e+1	1.154200e-20
 2.050000e+1	1.154500e-20
 2.060000e+1	1.155200e-20
 2.070000e+1	1.155900e-20
 2.080000e+1	1.156600e-20
 2.090000e+1	1.157300e-20
 2.100000e+1	1.158000e-20
 2.110000e+1	1.158400e-20
 2.120000e+1	1.158800e-20
 2.130000e+1	1.159200e-20
 2.140000e+1	1.159600e-20
 2.150000e+1	1.160000e-20
 2.160000e+1	1.160600e-20
 2.170000e+1	1.161200e-20
 2.180000e+1	1.161800e-20
 2.190000e+1	1.162400e-20
 2.200000e+1	1.163000e-20
 2.210000e+1	1.163600e-20
 2.220000e+1	1.164200e-20
 2.230000e+1	1.164800e-20
 2.240000e+1	1.165400e-20
 2.250000e+1	1.166000e-20
 2.260000e+1	1.166800e-20
 2.270000e+1	1.167600e-20
 2.280000e+1	1.168400e-20
 2.290000e+1	1.169200e-20
 2.300000e+1	1.170000e-20
 2.310000e+1	1.171000e-20
 2.320000e+1	1.172000e-20
 2.330000e+1	1.173000e-20
 2.340000e+1	1.174000e-20
 2.350000e+1	1.175000e-20
 2.360000e+1	1.176000e-20
 2.370000e+1	1.177000e-20
 2.380000e+1	1.178000e-20
 2.390000e+1	1.179000e-20
 2.400000e+1	1.180000e-20
 2.410000e+1	1.181000e-20
 2.420000e+1	1.182000e-20
 2.430000e+1	1.183000e-20
 2.440000e+1	1.184000e-20
 2.450000e+1	1.185000e-20
 2.460000e+1	1.186000e-20
 2.470000e+1	1.187000e-20
 2.480000e+1	1.188000e-20
 2.490000e+1	1.189000e-20
 2.500000e+1	1.190000e-20
 2.510000e+1	1.191300e-20
 2.520000e+1	1.192600e-20
 2.530000e+1	1.193900e-20
 2.540000e+1	1.195200e-20
 2.550000e+1	1.196500e-20
 2.560000e+1	1.197200e-20
 2.570000e+1	1.197900e-20
 2.580000e+1	1.198600e-20
 2.590000e+1	1.199300e-20
 2.600000e+1	1.200000e-20
 2.610000e+1	1.200000e-20
 2.620000e+1	1.200100e-20
 2.630000e+1	1.200100e-20
 2.640000e+1	1.200200e-20
 2.650000e+1	1.200200e-20
 2.660000e+1	1.200200e-20
 2.670000e+1	1.200200e-20
 2.680000e+1	1.200300e-20
 2.690000e+1	1.200300e-20
 2.700000e+1	1.200300e-20
 2.710000e+1	1.200300e-20
 2.720000e+1	1.200300e-20
 2.730000e+1	1.200200e-20
 2.740000e+1	1.200200e-20
 2.750000e+1	1.200200e-20
 2.760000e+1	1.200200e-20
 2.770000e+1	1.200200e-20
 2.780000e+1	1.200200e-20
 2.790000e+1	1.200200e-20
 2.800000e+1	1.200200e-20
 2.810000e+1	1.200200e-20
 2.820000e+1	1.200200e-20
 2.830000e+1	1.200100e-20
 2.840000e+1	1.200100e-20
 2.850000e+1	1.200100e-20
 2.860000e+1	1.200100e-20
 2.870000e+1	1.200100e-20
 2.880000e+1	1.200100e-20
 2.890000e+1	1.200100e-20
 2.900000e+1	1.200100e-20
 2.910000e+1	1.200100e-20
 2.920000e+1	1.200100e-20
 2.930000e+1	1.200000e-20
 2.940000e+1	1.200000e-20
 2.950000e+1	1.200000e-20
 2.960000e+1	1.200000e-20
 2.970000e+1	1.200000e-20
 2.980000e+1	1.200000e-20
 2.990000e+1	1.200000e-20
 3.000000e+1	1.200000e-20
 3.010000e+1	1.199900e-20
 3.020000e+1	1.199800e-20
 3.030000e+1	1.199700e-20
 3.040000e+1	1.199600e-20
 3.050000e+1	1.199500e-20
 3.060000e+1	1.199500e-20
 3.070000e+1	1.199400e-20
 3.080000e+1	1.199400e-20
 3.090000e+1	1.199300e-20
 3.100000e+1	1.199300e-20
 3.110000e+1	1.199300e-20
 3.120000e+1	1.199200e-20
 3.130000e+1	1.199200e-20
 3.140000e+1	1.199100e-20
 3.150000e+1	1.199100e-20
 3.160000e+1	1.199100e-20
 3.170000e+1	1.199100e-20
 3.180000e+1	1.199000e-20
 3.190000e+1	1.199000e-20
 3.200000e+1	1.199000e-20
 3.210000e+1	1.197000e-20
 3.220000e+1	1.194900e-20
 3.230000e+1	1.192900e-20
 3.240000e+1	1.190800e-20
 3.250000e+1	1.188800e-20
 3.260000e+1	1.188700e-20
 3.270000e+1	1.188700e-20
 3.280000e+1	1.188600e-20
 3.290000e+1	1.188600e-20
 3.300000e+1	1.188500e-20
 3.310000e+1	1.188500e-20
 3.320000e+1	1.188400e-20
 3.330000e+1	1.188400e-20
 3.340000e+1	1.188300e-20
 3.350000e+1	1.188300e-20
 3.360000e+1	1.188200e-20
 3.370000e+1	1.188200e-20
 3.380000e+1	1.188100e-20
 3.390000e+1	1.188100e-20
 3.400000e+1	1.188000e-20
 3.410000e+1	1.188000e-20
 3.420000e+1	1.187900e-20
 3.430000e+1	1.187900e-20
 3.440000e+1	1.187800e-20
 3.450000e+1	1.187800e-20
 3.460000e+1	1.187800e-20
 3.470000e+1	1.187800e-20
 3.480000e+1	1.187700e-20
 3.490000e+1	1.187700e-20
 3.500000e+1	1.187700e-20
 3.510000e+1	1.187700e-20
 3.520000e+1	1.187700e-20
 3.530000e+1	1.187600e-20
 3.540000e+1	1.187600e-20
 3.550000e+1	1.187600e-20
 3.560000e+1	1.187600e-20
 3.570000e+1	1.187600e-20
 3.580000e+1	1.187500e-20
 3.590000e+1	1.187500e-20
 3.600000e+1	1.187500e-20
 3.610000e+1	1.187500e-20
 3.620000e+1	1.187500e-20
 3.630000e+1	1.187400e-20
 3.640000e+1	1.187400e-20
 3.650000e+1	1.187400e-20
 3.660000e+1	1.187400e-20
 3.670000e+1	1.187400e-20
 3.680000e+1	1.187300e-20
 3.690000e+1	1.187300e-20
 3.700000e+1	1.187300e-20
 3.710000e+1	1.187300e-20
 3.720000e+1	1.187300e-20
 3.730000e+1	1.187200e-20
 3.740000e+1	1.187200e-20
 3.750000e+1	1.187200e-20
 3.760000e+1	1.187200e-20
 3.770000e+1	1.187200e-20
 3.780000e+1	1.187200e-20
 3.790000e+1	1.187200e-20
 3.800000e+1	1.187200e-20
 3.810000e+1	1.187200e-20
 3.820000e+1	1.187200e-20
 3.830000e+1	1.187100e-20
 3.840000e+1	1.187100e-20
 3.850000e+1	1.187100e-20
 3.860000e+1	1.187100e-20
 3.870000e+1	1.187100e-20
 3.880000e+1	1.187100e-20
 3.890000e+1	1.187100e-20
 3.900000e+1	1.187100e-20
 3.910000e+1	1.187100e-20
 3.920000e+1	1.187100e-20
 3.930000e+1	1.187000e-20
 3.940000e+1	1.187000e-20
 3.950000e+1	1.187000e-20
 3.960000e+1	1.187000e-20
 3.970000e+1	1.187000e-20
 3.980000e+1	1.186900e-20
 3.990000e+1	1.186900e-20
 4.000000e+1	1.186900e-20
 5.000000e+1	1.100000e-20
 1.000000e+2	8.600000e-21
 2.000000e+2	6.200000e-21
 5.000000e+2	3.000000e-21
 1.000000e+3	5.800000e-22
-----------------------------

ATTACHMENT
O2
SPECIES: e / O2
PROCESS: E + O2, Attachment
PARAM.:  E = 0 eV, complete set
DATABASE: Phelps
COMMENT: 3-body attachment : 3 body attachment cross section are normalized to gas density in units
COMMENT: of cm-3. That is , the rate for 3 body attachment should be multiplied by gas density in
COMMENT: units of cm-3 before use.
UPDATED: 2010-06-04 10:35:09
COLUMNS: Energy (eV) | Cross section (m2)
-----------------------------
 0.000000e+0	0.000000e+0
 5.800000e-2	0.000000e+0
 7.300000e-2	5.607950e-41
 8.300000e-2	1.802560e-40
 8.900000e-2	4.205960e-41
 9.500000e-2	8.411930e-41
 1.030000e-1	1.802560e-40
 1.090000e-1	0.000000e+0
 1.500000e-1	0.000000e+0
 1.700000e-1	0.000000e+0
 2.000000e-1	0.000000e+0
 2.100000e-1	3.565060e-41
 2.300000e-1	0.000000e+0
 3.200000e-1	0.000000e+0
 3.300000e-1	2.303270e-41
 3.500000e-1	0.000000e+0
 4.400000e-1	0.000000e+0
 4.500000e-1	1.452060e-41
 4.700000e-1	0.000000e+0
 5.600000e-1	0.000000e+0
 5.700000e-1	1.101560e-41
 5.900000e-1	0.000000e+0
 6.800000e-1	0.000000e+0
 6.900000e-1	8.011360e-42
 7.100000e-1	0.000000e+0
 7.900000e-1	0.000000e+0
 8.000000e-1	7.009940e-42
 8.200000e-1	0.000000e+0
 9.000000e-1	0.000000e+0
 9.100000e-1	5.507810e-42
 9.300000e-1	0.000000e+0
 1.020000e+0	0.000000e+0
 1.030000e+0	4.205960e-42
 1.050000e+0	0.000000e+0
 1.500000e+0	0.000000e+0
 1.000000e+4	0.000000e+0
-----------------------------

EXCITATION
O2 -> O2(a1)
 9.770000e-1
SPECIES: e / O2
PROCESS: E + O2 -> E + O2(a1), Excitation
PARAM.:  E = 0.977 eV, complete set
DATABASE: Phelps
COMMENT: O2 singlet delta metastable level FROM LINDER-SCHMIDT AND TRAJMAR ET AL.
UPDATED: 2010-03-13 12:00:05
COLUMNS: Energy (eV) | Cross section (m2)
-----------------------------
 9.770000e-1	0.000000e+0
 1.500000e+0	5.800000e-23
 2.000000e+0	1.530000e-22
 3.000000e+0	3.800000e-22
 3.500000e+0	4.900000e-22
 4.000000e+0	5.700000e-22
 5.000000e+0	7.400000e-22
 5.620000e+0	8.250000e-22
 5.910000e+0	8.620000e-22
 6.190000e+0	8.880000e-22
 6.530000e+0	9.080000e-22
 6.990000e+0	9.140000e-22
 7.610000e+0	8.910000e-22
 7.890000e+0	8.630000e-22
 8.960000e+0	7.680000e-22
 1.004000e+1	6.790000e-22
 1.300000e+1	5.270000e-22
 1.510000e+1	4.550000e-22
 1.750000e+1	3.870000e-22
 2.050000e+1	3.240000e-22
 2.490000e+1	2.560000e-22
 3.090000e+1	1.960000e-22
 4.100000e+1	1.370000e-22
 4.500000e+1	1.200000e-22
 1.000000e+4	0.000000e+0
-----------------------------

IONIZATION
O2 -> O2^+
 1.206000e+1
SPECIES: e / O2
PROCESS: E + O2 -> E + E + O2+, Ionization
PARAM.:  E = 12.06 eV, complete set
DATABASE: Phelps
COMMENT: Total ionization.
UPDATED: 2010-03-13 12:04:17
COLUMNS: Energy (eV) | Cross section (m2)
-----------------------------
 1.206000e+1	0.000000e+0
 1.300000e+1	2.300000e-22
 1.800000e+1	2.000000e-21
 2.800000e+1	7.400000e-21
 3.800000e+1	1.320000e-20
 4.800000e+1	1.800000e-20
 5.800000e+1	2.100000e-20
 6.800000e+1	2.330000e-20
 7.800000e+1	2.500000e-20
 8.800000e+1	2.600000e-20
 1.000000e+2	2.700000e-20
 1.500000e+2	2.700000e-20
 2.000000e+2	2.500000e-20
 3.000000e+2	2.170000e-20
 5.000000e+2	1.660000e-20
 7.000000e+2	1.350000e-20
 1.000000e+3	1.040000e-20
 1.500000e+3	7.600000e-21
 2.000000e+3	6.000000e-21
 3.000000e+3	4.200000e-21
 5.000000e+3	2.700000e-21
 7.000000e+3	2.000000e-21
 1.000000e+4	1.400000e-21
-----------------------------

xxxxxxxxxxxxxxxxxxxxxxxxxxxxxxxxxxxxxxxxxxxxxxxxxxxxxxxxxxxxxxxxxxxxxxxxxxxxxxxxxxxxxxxxxxxxxxxxxxxxxxxxxxxxxxxxxxxxxxxx