/*--------------------------------*- C++ -*----------------------------------*\
  =========                 |
  \\      /  F ield         | OpenFOAM: The Open Source CFD Toolbox
   \\    /   O peration     | Website:  https://openfoam.org
    \\  /    A nd           | Version:  7
     \\/     M anipulation  |
\*---------------------------------------------------------------------------*/
FoamFile
{
    version     2.0;
    format      ascii;
    class       labelList;
    location    "constant/dielectric/polyMesh";
    object      cellRegionAddressing;
}
// * * * * * * * * * * * * * * * * * * * * * * * * * * * * * * * * * * * * * //


8382
(
33238
33239
33240
33241
33242
33243
33244
33245
33246
33247
33248
33249
33250
33251
33252
33253
33254
33255
33256
33257
33258
33259
33260
33261
33262
33263
33264
33265
33266
33267
33268
33269
33270
33271
33272
33273
33274
33275
33276
33277
33278
33279
33280
33281
33282
33283
33284
33285
33286
33287
33288
33289
33290
33291
33292
33293
33294
33295
33296
33297
33298
33299
33300
33301
33302
33303
33304
33305
33306
33307
33308
33309
33310
33311
33312
33313
33314
33315
33316
33317
33318
33319
33320
33321
33322
33323
33324
33325
33326
33327
33483
33484
33485
33486
33487
33488
33489
33490
33491
33492
33493
33494
33495
33496
33497
33498
33499
33500
33501
33502
33503
33504
33505
33506
33507
33508
33509
33510
33511
33512
33513
33669
33670
33671
33672
33673
33674
33675
33676
33677
33678
33679
33680
33681
33682
33683
33684
33685
33686
33687
33688
33689
33690
33691
33692
33693
33694
33695
33696
33697
33698
33699
34150
34151
34152
34153
34154
34155
34156
34157
34158
34159
34160
34161
34162
34163
34164
34165
34166
34167
34168
34169
34170
34171
34172
34173
34174
34175
34176
34177
34178
34179
34180
34181
34182
34183
34184
34185
34186
34187
34188
34189
34190
34191
34192
34193
34194
34195
34196
34197
34198
34199
34200
34201
34202
34203
34204
34205
34206
34207
34208
34209
34210
34211
34212
34213
34214
34215
34216
34217
34218
34219
34220
34221
34222
34223
34224
34225
34226
34227
34228
34229
34230
34231
34232
34233
34234
34235
34236
34237
34238
34239
41527
41528
41529
41530
41531
41532
41533
41534
41535
41536
41537
41538
41539
41540
41541
41542
41543
41544
41545
41546
41547
41548
41549
41550
41551
41552
41553
41554
41555
41556
41557
41558
41559
41560
41561
41562
41563
41564
41565
41566
41567
41568
41569
41570
41571
41572
41573
41729
41730
41731
41732
41733
41734
41735
41736
41737
41738
41739
41740
41741
41742
41743
41744
41745
41746
41747
41748
41749
41750
41751
41752
41753
41754
41755
41756
41757
41758
41759
41915
41916
41917
41918
41919
41920
41921
41922
41923
41924
41925
41926
41927
41928
41929
41930
41931
41932
41933
41934
41935
41936
41937
41938
41939
41940
41941
41942
41943
41944
41945
42181
42182
42183
42184
42185
42186
42187
42188
42189
42190
42191
42192
42193
42194
42195
42196
42197
42198
42199
42200
42201
42202
42203
42204
42205
42206
42207
42208
42209
42210
42211
42212
42213
42214
42215
42216
42217
42218
42219
42220
42221
42222
42223
42224
42225
42226
42227
49468
49469
49470
49471
49472
49473
49474
49475
49476
49477
49478
49479
49480
49481
49482
49483
49515
49516
49517
49518
49519
49520
49521
49522
49523
49524
49525
49526
49527
49528
49529
49530
49531
49532
49533
49534
49535
49536
49537
49538
49539
49540
49541
49542
49543
49544
49545
49546
49547
49548
49549
49550
49551
49552
49553
49554
49555
49556
49557
49558
49559
49560
49561
49717
49718
49719
49720
49721
49722
49723
49724
49725
49726
49727
49728
49729
49730
49731
49732
49733
49734
49735
49736
49737
49738
49739
49740
49741
49742
49743
49744
49745
49746
49747
49903
49904
49905
49906
49907
49908
49909
49910
49911
49912
49913
49914
49915
49916
49917
49918
49919
49920
49921
49922
49923
49924
49925
49926
49927
49928
49929
49930
49931
49932
49933
50154
50155
50156
50157
50158
50159
50160
50161
50162
50163
50164
50165
50166
50167
50168
50169
50170
50171
50172
50173
50174
50175
50176
50177
50178
50179
50180
50181
50182
50183
50184
50185
50186
50187
50188
50189
50190
50191
50192
50193
50194
50195
50196
50197
50198
50199
50200
50201
50202
50203
50204
50205
50206
50207
50208
50209
50210
50211
50212
50213
50214
50215
57456
57457
57458
57459
57460
57461
57462
57463
57464
57465
57466
57467
57468
57469
57470
57503
57504
57505
57506
57507
57508
57509
57510
57511
57512
57513
57514
57515
57516
57517
57518
57519
57520
57521
57522
57523
57524
57525
57526
57527
57528
57529
57530
57531
57532
57533
57534
57535
57536
57537
57538
57539
57540
57541
57542
57543
57544
57545
57546
57547
57548
57549
57705
57706
57707
57708
57709
57710
57711
57712
57713
57714
57715
57716
57717
57718
57719
57720
57721
57722
57723
57724
57725
57726
57727
57728
57729
57730
57731
57732
57733
57734
57735
57891
57892
57893
57894
57895
57896
57897
57898
57899
57900
57901
57902
57903
57904
57905
57906
57907
57908
57909
57910
57911
57912
57913
57914
57915
57916
57917
57918
57919
57920
57921
58141
58142
58143
58144
58145
58146
58147
58148
58149
58150
58151
58152
58153
58154
58155
58156
58157
58158
58159
58160
58161
58162
58163
58164
58165
58166
58167
58168
58169
58170
58171
58172
58173
58174
58175
58176
58177
58178
58179
58180
58181
58182
58183
58184
58185
58186
58187
58188
58189
58190
58191
58192
58193
58194
58195
58196
58197
58198
58199
58200
58201
58202
58203
62860
62861
62862
62863
62864
62865
62866
62867
62868
62869
62870
62871
62872
62873
62874
62875
62876
62877
62878
62879
62880
62881
62882
62883
62884
62885
62886
62887
62888
62889
62890
63046
63047
63048
63049
63050
63051
63052
63053
63054
63055
63056
63057
63058
63059
63060
63061
63062
63063
63064
63065
63066
63067
63068
63069
63070
63071
63072
63073
63074
63075
63076
63232
63233
63234
63235
63236
63237
63238
63239
63240
63241
63242
63243
63244
63245
63246
63247
63248
63249
63250
63251
63252
63253
63254
63255
63256
63257
63258
63259
63260
63261
63262
63423
63424
63425
63426
63427
63428
63429
63430
63431
63432
63433
63434
63435
63436
63437
63438
63439
63440
63441
63442
63443
63444
63445
63446
63447
63448
63449
63450
63451
63452
63453
63454
68116
68117
68118
68119
68120
68121
68122
68123
68124
68125
68126
68127
68128
68129
68130
68131
68132
68133
68134
68135
68136
68137
68138
68139
68140
68141
68142
68143
68144
68145
68146
68147
68303
68304
68305
68306
68307
68308
68309
68310
68311
68312
68313
68314
68315
68316
68317
68318
68319
68320
68321
68322
68323
68324
68325
68326
68327
68328
68329
68330
68331
68332
68333
68489
68490
68491
68492
68493
68494
68495
68496
68497
68498
68499
68500
68501
68502
68503
68504
68505
68506
68507
68508
68509
68510
68511
68512
68513
68514
68515
68516
68517
68518
68519
68675
68676
68677
68678
68679
68680
68681
68682
68683
68684
68685
68686
68687
68688
68689
68690
68691
68692
68693
68694
68695
68696
68697
68698
68699
68700
68701
68702
68703
68704
68705
73362
73363
73364
73365
73366
73367
73368
73369
73370
73371
73372
73373
73374
73375
73376
73377
73378
73379
73380
73381
73382
73383
73384
73385
73386
73387
73388
73389
73390
73391
73392
73548
73549
73550
73551
73552
73553
73554
73555
73556
73557
73558
73559
73560
73561
73562
73563
73564
73565
73566
73567
73568
73569
73570
73571
73572
73573
73574
73575
73576
73577
73578
73734
73735
73736
73737
73738
73739
73740
73741
73742
73743
73744
73745
73746
73747
73748
73749
73750
73751
73752
73753
73754
73755
73756
73757
73758
73759
73760
73761
73762
73763
73764
73925
73926
73927
73928
73929
73930
73931
73932
73933
73934
73935
73936
73937
73938
73939
73940
73941
73942
73943
73944
73945
73946
73947
73948
73949
73950
73951
73952
73953
73954
73955
73956
78618
78619
78620
78621
78622
78623
78624
78625
78626
78627
78628
78629
78630
78631
78632
78633
78634
78635
78636
78637
78638
78639
78640
78641
78642
78643
78644
78645
78646
78647
78648
78649
78805
78806
78807
78808
78809
78810
78811
78812
78813
78814
78815
78816
78817
78818
78819
78820
78821
78822
78823
78824
78825
78826
78827
78828
78829
78830
78831
78832
78833
78834
78835
78991
78992
78993
78994
78995
78996
78997
78998
78999
79000
79001
79002
79003
79004
79005
79006
79007
79008
79009
79010
79011
79012
79013
79014
79015
79016
79017
79018
79019
79020
79021
79177
79178
79179
79180
79181
79182
79183
79184
79185
79186
79187
79188
79189
79190
79191
79192
79193
79194
79195
79196
79197
79198
79199
79200
79201
79202
79203
79204
79205
79206
79207
83864
83865
83866
83867
83868
83869
83870
83871
83872
83873
83874
83875
83876
83877
83878
83879
83880
83881
83882
83883
83884
83885
83886
83887
83888
83889
83890
83891
83892
83893
83894
84050
84051
84052
84053
84054
84055
84056
84057
84058
84059
84060
84061
84062
84063
84064
84065
84066
84067
84068
84069
84070
84071
84072
84073
84074
84075
84076
84077
84078
84079
84080
84236
84237
84238
84239
84240
84241
84242
84243
84244
84245
84246
84247
84248
84249
84250
84251
84252
84253
84254
84255
84256
84257
84258
84259
84260
84261
84262
84263
84264
84265
84266
84427
84428
84429
84430
84431
84432
84433
84434
84435
84436
84437
84438
84439
84440
84441
84442
84443
84444
84445
84446
84447
84448
84449
84450
84451
84452
84453
84454
84455
84456
84457
84458
89120
89121
89122
89123
89124
89125
89126
89127
89128
89129
89130
89131
89132
89133
89134
89135
89136
89137
89138
89139
89140
89141
89142
89143
89144
89145
89146
89147
89148
89149
89150
89151
89307
89308
89309
89310
89311
89312
89313
89314
89315
89316
89317
89318
89319
89320
89321
89322
89323
89324
89325
89326
89327
89328
89329
89330
89331
89332
89333
89334
89335
89336
89337
89493
89494
89495
89496
89497
89498
89499
89500
89501
89502
89503
89504
89505
89506
89507
89508
89509
89510
89511
89512
89513
89514
89515
89516
89517
89518
89519
89520
89521
89522
89523
89679
89680
89681
89682
89683
89684
89685
89686
89687
89688
89689
89690
89691
89692
89693
89694
89695
89696
89697
89698
89699
89700
89701
89702
89703
89704
89705
89706
89707
89708
89709
94335
94336
94337
94338
94339
94340
94341
94342
94343
94344
94345
94346
94347
94348
94349
94350
94351
94352
94353
94354
94355
94356
94357
94358
94359
94360
94361
94362
94363
94364
94365
94366
94367
94368
94369
94370
94371
94372
94373
94374
94375
94376
94377
94378
94379
94380
94381
94382
94383
94384
94385
94386
94387
94388
94389
94390
94391
94392
94393
94394
94395
94396
94521
94522
94523
94524
94525
94526
94527
94528
94529
94530
94531
94532
94533
94534
94535
94536
94537
94538
94539
94540
94541
94542
94543
94544
94545
94546
94547
94548
94549
94550
94551
94552
94553
94554
94555
94556
94557
94558
94559
94560
94561
94562
94563
94564
94565
94566
94567
94568
94569
94570
94571
94572
94573
94574
94575
94576
94577
94578
94579
94580
94581
94582
94707
94708
94709
94710
94711
94712
94713
94714
94715
94716
94717
94718
94719
94720
94721
94722
94723
94724
94725
94726
94727
94728
94729
94730
94731
94732
94733
94734
94735
94736
94737
94738
94739
94740
94741
94742
94743
94744
94745
94746
94747
94748
94749
94750
94751
94752
94753
94754
94755
94756
94757
94758
94759
94760
94761
94762
94763
94764
94765
94766
94767
94768
94897
94898
94899
94900
94901
94902
94903
94904
94905
94906
94907
94908
94909
94910
94911
94912
94913
94914
94915
94916
94917
94918
94919
94920
94921
94922
94923
94924
94925
94926
94927
94928
94929
94930
94931
94932
94933
94934
94935
94936
94937
94938
94939
94940
94941
94942
94943
94944
94945
94946
94947
94948
94949
94950
94951
94952
94953
94954
94955
94956
94957
94958
94959
94960
99590
99591
99592
99593
99594
99595
99596
99597
99598
99599
99600
99601
99602
99603
99604
99605
99606
99607
99608
99609
99610
99611
99612
99613
99614
99615
99616
99617
99618
99619
99620
99621
99622
99623
99624
99625
99626
99627
99628
99629
99630
99631
99632
99633
99634
99635
99636
99637
99638
99639
99640
99641
99642
99643
99644
99645
99646
99647
99648
99649
99650
99651
99652
99653
99778
99779
99780
99781
99782
99783
99784
99785
99786
99787
99788
99789
99790
99791
99792
99793
99794
99795
99796
99797
99798
99799
99800
99801
99802
99803
99804
99805
99806
99807
99808
99809
99810
99811
99812
99813
99814
99815
99816
99817
99818
99819
99820
99821
99822
99823
99824
99825
99826
99827
99828
99829
99830
99831
99832
99833
99834
99835
99836
99837
99838
99839
99964
99965
99966
99967
99968
99969
99970
99971
99972
99973
99974
99975
99976
99977
99978
99979
99980
99981
99982
99983
99984
99985
99986
99987
99988
99989
99990
99991
99992
99993
99994
99995
99996
99997
99998
99999
100000
100001
100002
100003
100004
100005
100006
100007
100008
100009
100010
100011
100012
100013
100014
100015
100016
100017
100018
100019
100020
100021
100022
100023
100024
100025
100150
100151
100152
100153
100154
100155
100156
100157
100158
100159
100160
100161
100162
100163
100164
100165
100166
100167
100168
100169
100170
100171
100172
100173
100174
100175
100176
100177
100178
100179
100180
100181
100182
100183
100184
100185
100186
100187
100188
100189
100190
100191
100192
100193
100194
100195
100196
100197
100198
100199
100200
100201
100202
100203
100204
100205
100206
100207
100208
100209
100210
100211
104868
104869
104870
104871
104872
104873
104874
104875
104876
104877
104878
104879
104880
104881
104882
104883
104884
104885
104886
104887
104888
104889
104890
104891
104892
104893
104894
104895
104896
104897
104898
105054
105055
105056
105057
105058
105059
105060
105061
105062
105063
105064
105065
105066
105067
105068
105069
105070
105071
105072
105073
105074
105075
105076
105077
105078
105079
105080
105081
105082
105083
105084
105240
105241
105242
105243
105244
105245
105246
105247
105248
105249
105250
105251
105252
105253
105254
105255
105256
105257
105258
105259
105260
105261
105262
105263
105264
105265
105266
105267
105268
105269
105270
105431
105432
105433
105434
105435
105436
105437
105438
105439
105440
105441
105442
105443
105444
105445
105446
105447
105448
105449
105450
105451
105452
105453
105454
105455
105456
105457
105458
105459
105460
105461
105462
110124
110125
110126
110127
110128
110129
110130
110131
110132
110133
110134
110135
110136
110137
110138
110139
110140
110141
110142
110143
110144
110145
110146
110147
110148
110149
110150
110151
110152
110153
110154
110155
110311
110312
110313
110314
110315
110316
110317
110318
110319
110320
110321
110322
110323
110324
110325
110326
110327
110328
110329
110330
110331
110332
110333
110334
110335
110336
110337
110338
110339
110340
110341
110497
110498
110499
110500
110501
110502
110503
110504
110505
110506
110507
110508
110509
110510
110511
110512
110513
110514
110515
110516
110517
110518
110519
110520
110521
110522
110523
110524
110525
110526
110527
110683
110684
110685
110686
110687
110688
110689
110690
110691
110692
110693
110694
110695
110696
110697
110698
110699
110700
110701
110702
110703
110704
110705
110706
110707
110708
110709
110710
110711
110712
110713
115339
115340
115341
115342
115343
115344
115345
115346
115347
115348
115349
115350
115351
115352
115353
115354
115355
115356
115357
115358
115359
115360
115361
115362
115363
115364
115365
115366
115367
115368
115369
115370
115371
115372
115373
115374
115375
115376
115377
115378
115379
115380
115381
115382
115383
115384
115385
115386
115387
115388
115389
115390
115391
115392
115393
115394
115395
115396
115397
115398
115399
115400
115525
115526
115527
115528
115529
115530
115531
115532
115533
115534
115535
115536
115537
115538
115539
115540
115541
115542
115543
115544
115545
115546
115547
115548
115549
115550
115551
115552
115553
115554
115555
115556
115557
115558
115559
115560
115561
115562
115563
115564
115565
115566
115567
115568
115569
115570
115571
115572
115573
115574
115575
115576
115577
115578
115579
115580
115581
115582
115583
115584
115585
115586
115711
115712
115713
115714
115715
115716
115717
115718
115719
115720
115721
115722
115723
115724
115725
115726
115727
115728
115729
115730
115731
115732
115733
115734
115735
115736
115737
115738
115739
115740
115741
115742
115743
115744
115745
115746
115747
115748
115749
115750
115751
115752
115753
115754
115755
115756
115757
115758
115759
115760
115761
115762
115763
115764
115765
115766
115767
115768
115769
115770
115771
115772
115901
115902
115903
115904
115905
115906
115907
115908
115909
115910
115911
115912
115913
115914
115915
115916
115917
115918
115919
115920
115921
115922
115923
115924
115925
115926
115927
115928
115929
115930
115931
115932
115933
115934
115935
115936
115937
115938
115939
115940
115941
115942
115943
115944
115945
115946
115947
115948
115949
115950
115951
115952
115953
115954
115955
115956
115957
115958
115959
115960
115961
115962
115963
115964
120594
120595
120596
120597
120598
120599
120600
120601
120602
120603
120604
120605
120606
120607
120608
120609
120610
120611
120612
120613
120614
120615
120616
120617
120618
120619
120620
120621
120622
120623
120624
120625
120626
120627
120628
120629
120630
120631
120632
120633
120634
120635
120636
120637
120638
120639
120640
120641
120642
120643
120644
120645
120646
120647
120648
120649
120650
120651
120652
120653
120654
120655
120656
120657
120782
120783
120784
120785
120786
120787
120788
120789
120790
120791
120792
120793
120794
120795
120796
120797
120798
120799
120800
120801
120802
120803
120804
120805
120806
120807
120808
120809
120810
120811
120812
120813
120814
120815
120816
120817
120818
120819
120820
120821
120822
120823
120824
120825
120826
120827
120828
120829
120830
120831
120832
120833
120834
120835
120836
120837
120838
120839
120840
120841
120842
120843
120968
120969
120970
120971
120972
120973
120974
120975
120976
120977
120978
120979
120980
120981
120982
120983
120984
120985
120986
120987
120988
120989
120990
120991
120992
120993
120994
120995
120996
120997
120998
120999
121000
121001
121002
121003
121004
121005
121006
121007
121008
121009
121010
121011
121012
121013
121014
121015
121016
121017
121018
121019
121020
121021
121022
121023
121024
121025
121026
121027
121028
121029
121154
121155
121156
121157
121158
121159
121160
121161
121162
121163
121164
121165
121166
121167
121168
121169
121170
121171
121172
121173
121174
121175
121176
121177
121178
121179
121180
121181
121182
121183
121184
121185
121186
121187
121188
121189
121190
121191
121192
121193
121194
121195
121196
121197
121198
121199
121200
121201
121202
121203
121204
121205
121206
121207
121208
121209
121210
121211
121212
121213
121214
121215
123306
123307
123308
123309
123310
123311
123312
123313
123314
123315
123316
123317
123318
123319
123320
123476
123477
123478
123479
123480
123481
123482
123483
123484
123485
123486
123487
123488
123489
123490
123491
123492
123493
123494
123495
123496
123497
123498
123499
123500
123501
123502
123503
123504
123505
123506
123662
123663
123664
123665
123666
123667
123668
123669
123670
123671
123672
123673
123674
123675
123676
123677
123678
123679
123680
123681
123682
123683
123684
123685
123686
123687
123688
123689
123690
123691
123692
123773
123774
123775
123776
123777
123778
123779
123780
123781
123782
123783
123784
123785
123786
123787
123788
125907
125908
125909
125910
125911
125912
125913
125914
125915
125916
125917
125918
125919
125920
125921
125922
126078
126079
126080
126081
126082
126083
126084
126085
126086
126087
126088
126089
126090
126091
126092
126093
126094
126095
126096
126097
126098
126099
126100
126101
126102
126103
126104
126105
126106
126107
126108
126264
126265
126266
126267
126268
126269
126270
126271
126272
126273
126274
126275
126276
126277
126278
126279
126280
126281
126282
126283
126284
126285
126286
126287
126288
126289
126290
126291
126292
126293
126294
126375
126376
126377
126378
126379
126380
126381
126382
126383
126384
126385
126386
126387
126388
126389
126390
128574
128575
128576
128577
128578
128579
128580
128581
128582
128583
128584
128585
128586
128587
128588
128744
128745
128746
128747
128748
128749
128750
128751
128752
128753
128754
128755
128756
128757
128758
128759
128760
128761
128762
128763
128764
128765
128766
128767
128768
128769
128770
128771
128772
128773
128774
128930
128931
128932
128933
128934
128935
128936
128937
128938
128939
128940
128941
128942
128943
128944
128945
128946
128947
128948
128949
128950
128951
128952
128953
128954
128955
128956
128957
128958
128959
128960
129041
129042
129043
129044
129045
129046
129047
129048
129049
129050
129051
129052
129053
129054
129055
129056
131269
131270
131271
131272
131273
131274
131275
131276
131277
131278
131279
131280
131281
131282
131283
131284
131440
131441
131442
131443
131444
131445
131446
131447
131448
131449
131450
131451
131452
131453
131454
131455
131456
131457
131458
131459
131460
131461
131462
131463
131464
131465
131466
131467
131468
131469
131470
131626
131627
131628
131629
131630
131631
131632
131633
131634
131635
131636
131637
131638
131639
131640
131641
131642
131643
131644
131645
131646
131647
131648
131649
131650
131651
131652
131653
131654
131655
131656
131737
131738
131739
131740
131741
131742
131743
131744
131745
131746
131747
131748
131749
131750
131751
131752
133871
133872
133873
133874
133875
133876
133877
133878
133879
133880
133881
133882
133883
133884
133885
133886
134042
134043
134044
134045
134046
134047
134048
134049
134050
134051
134052
134053
134054
134055
134056
134057
134058
134059
134060
134061
134062
134063
134064
134065
134066
134067
134068
134069
134070
134071
134072
134228
134229
134230
134231
134232
134233
134234
134235
134236
134237
134238
134239
134240
134241
134242
134243
134244
134245
134246
134247
134248
134249
134250
134251
134252
134253
134254
134255
134256
134257
134258
134339
134340
134341
134342
134343
134344
134345
134346
134347
134348
134349
134350
134351
134352
134353
134354
136450
136451
136452
136453
136454
136455
136456
136457
136458
136459
136460
136461
136462
136463
136464
136465
136621
136622
136623
136624
136625
136626
136627
136628
136629
136630
136631
136632
136633
136634
136635
136636
136637
136638
136639
136640
136641
136642
136643
136644
136645
136646
136647
136648
136649
136650
136651
136807
136808
136809
136810
136811
136812
136813
136814
136815
136816
136817
136818
136819
136820
136821
136822
136823
136824
136825
136826
136827
136828
136829
136830
136831
136832
136833
136834
136835
136836
136837
136913
136914
136915
136916
136917
136918
136919
136920
136921
136922
136923
136924
136925
136926
136927
139140
139141
139142
139143
139144
139145
139146
139147
139148
139149
139150
139151
139152
139153
139154
139155
139311
139312
139313
139314
139315
139316
139317
139318
139319
139320
139321
139322
139323
139324
139325
139326
139327
139328
139329
139330
139331
139332
139333
139334
139335
139336
139337
139338
139339
139340
139341
139497
139498
139499
139500
139501
139502
139503
139504
139505
139506
139507
139508
139509
139510
139511
139512
139513
139514
139515
139516
139517
139518
139519
139520
139521
139522
139523
139524
139525
139526
139527
139608
139609
139610
139611
139612
139613
139614
139615
139616
139617
139618
139619
139620
139621
139622
139623
141812
141813
141814
141815
141816
141817
141818
141819
141820
141821
141822
141823
141824
141825
141826
141827
141983
141984
141985
141986
141987
141988
141989
141990
141991
141992
141993
141994
141995
141996
141997
141998
141999
142000
142001
142002
142003
142004
142005
142006
142007
142008
142009
142010
142011
142012
142013
142169
142170
142171
142172
142173
142174
142175
142176
142177
142178
142179
142180
142181
142182
142183
142184
142185
142186
142187
142188
142189
142190
142191
142192
142193
142194
142195
142196
142197
142198
142199
142275
142276
142277
142278
142279
142280
142281
142282
142283
142284
142285
142286
142287
142288
142289
143746
143747
143748
143749
143750
143751
143752
143753
143754
143755
143756
143757
143758
143759
143760
143827
143828
143829
143830
143831
143832
143833
143834
143835
143836
143837
143838
143839
143840
143841
143842
143843
143844
143845
143846
143847
143922
143923
143924
143925
143926
143927
143928
143929
143930
143931
143932
143933
143934
143935
143936
143937
143938
143939
143940
143941
143996
143997
143998
143999
144000
144001
144002
144003
144004
144005
144006
144007
144008
144009
144010
144011
145453
145454
145455
145456
145457
145458
145459
145460
145461
145462
145463
145464
145465
145466
145467
145468
145550
145551
145552
145553
145554
145555
145556
145557
145558
145559
145560
145561
145562
145563
145564
145565
145566
145567
145568
145569
145570
145640
145641
145642
145643
145644
145645
145646
145647
145648
145649
145650
145651
145652
145653
145654
145655
145656
145657
145658
145659
145660
145716
145717
145718
145719
145720
145721
145722
145723
145724
145725
145726
145727
145728
145729
145730
145731
147219
147220
147221
147222
147223
147224
147225
147226
147227
147228
147229
147230
147231
147232
147233
147234
147235
147236
147237
147238
147239
147240
147241
147242
147243
147244
147245
147246
147247
147248
147327
147328
147329
147330
147331
147332
147333
147334
147335
147336
147337
147338
147339
147340
147341
147342
147343
147344
147345
147346
147347
147348
147349
147350
147351
147352
147353
147354
147355
147356
147357
147358
147359
147360
147361
147362
147363
147364
147365
147366
147367
147368
147369
147370
147371
147372
147373
147374
147375
147376
147377
147378
147379
147380
147381
147382
147383
147384
147456
147457
147458
147459
147460
147461
147462
147463
147464
147465
147466
147467
147468
147469
147470
147471
147472
147473
147474
147475
147476
147477
147478
147479
147480
147481
147482
147483
147484
147485
147486
147487
147488
147489
147490
147491
147492
147493
147494
147495
147496
147497
147498
147499
147500
147501
147502
147503
147504
147542
147543
147544
147545
147546
147547
147548
147549
147550
147551
147552
147553
147554
147555
147556
147557
147558
147559
147560
147561
147562
147563
147564
147565
147566
147567
147568
147569
147570
147571
147572
147573
149060
149061
149062
149063
149064
149065
149066
149067
149068
149069
149070
149071
149072
149073
149074
149075
149076
149077
149078
149079
149080
149081
149082
149083
149084
149085
149086
149087
149088
149089
149090
149091
149168
149169
149170
149171
149172
149173
149174
149175
149176
149177
149178
149179
149180
149181
149182
149183
149184
149185
149186
149187
149188
149189
149190
149191
149192
149193
149194
149195
149196
149197
149198
149199
149200
149201
149202
149203
149204
149205
149206
149207
149208
149209
149210
149211
149212
149213
149214
149215
149216
149217
149218
149219
149220
149221
149222
149223
149224
149225
149296
149297
149298
149299
149300
149301
149302
149303
149304
149305
149306
149307
149308
149309
149310
149311
149312
149313
149314
149315
149316
149317
149318
149319
149320
149321
149322
149323
149324
149325
149326
149327
149328
149329
149330
149331
149332
149333
149334
149335
149336
149337
149338
149339
149340
149341
149342
149343
149344
149345
149346
149347
149389
149390
149391
149392
149393
149394
149395
149396
149397
149398
149399
149400
149401
149402
149403
149404
149405
149406
149407
149408
149409
149410
149411
149412
149413
149414
149415
149416
149417
149418
149419
149420
151253
151254
151255
151256
151257
151258
151259
151260
151261
151262
151263
151264
151265
151266
151267
151268
151357
151358
151359
151360
151361
151362
151363
151364
151365
151366
151367
151368
151369
151370
151371
151372
151373
151374
151375
151376
151377
151485
151486
151487
151488
151489
151490
151491
151492
151493
151494
151495
151496
151497
151498
151499
151500
151501
151502
151503
151504
151585
151586
151587
151588
151589
151590
151591
151592
151593
151594
151595
151596
151597
151598
151599
151600
153372
153373
153374
153375
153376
153377
153378
153379
153380
153381
153382
153383
153384
153385
153386
153387
153499
153500
153501
153502
153503
153504
153505
153506
153507
153508
153509
153510
153511
153512
153513
153514
153515
153516
153517
153518
153519
153629
153630
153631
153632
153633
153634
153635
153636
153637
153638
153639
153640
153641
153642
153643
153644
153645
153646
153647
153648
153649
153725
153726
153727
153728
153729
153730
153731
153732
153733
153734
153735
153736
153737
153738
153739
155654
155655
155656
155657
155658
155659
155660
155661
155662
155663
155664
155665
155666
155667
155668
155669
155670
155671
155672
155673
155674
155675
155676
155677
155678
155679
155680
155681
155682
155683
155684
155685
155788
155789
155790
155791
155792
155793
155794
155795
155796
155797
155798
155799
155800
155801
155802
155803
155804
155805
155806
155807
155808
155809
155810
155811
155812
155813
155814
155815
155816
155817
155818
155819
155820
155821
155822
155823
155824
155825
155826
155827
155828
155829
155830
155831
155832
155833
155834
155835
155836
155837
155838
155839
155840
155841
155842
155843
155844
155845
155953
155954
155955
155956
155957
155958
155959
155960
155961
155962
155963
155964
155965
155966
155967
155968
155969
155970
155971
155972
155973
155974
155975
155976
155977
155978
155979
155980
155981
155982
155983
155984
155985
155986
155987
155988
155989
155990
155991
155992
155993
155994
155995
155996
155997
155998
155999
156000
156001
156066
156067
156068
156069
156070
156071
156072
156073
156074
156075
156076
156077
156078
156079
156080
156081
156082
156083
156084
156085
156086
156087
156088
156089
156090
156091
156092
156093
156094
156095
156096
156097
157979
157980
157981
157982
157983
157984
157985
157986
157987
157988
157989
157990
157991
157992
157993
157994
157995
157996
157997
157998
157999
158000
158001
158002
158003
158004
158005
158006
158007
158008
158009
158010
158119
158120
158121
158122
158123
158124
158125
158126
158127
158128
158129
158130
158131
158132
158133
158134
158135
158136
158137
158138
158139
158140
158141
158142
158143
158144
158145
158146
158147
158148
158149
158150
158151
158152
158153
158154
158155
158156
158157
158158
158159
158160
158161
158162
158163
158164
158165
158166
158167
158168
158169
158170
158171
158172
158173
158174
158175
158176
158282
158283
158284
158285
158286
158287
158288
158289
158290
158291
158292
158293
158294
158295
158296
158297
158298
158299
158300
158301
158302
158303
158304
158305
158306
158307
158308
158309
158310
158311
158312
158313
158314
158315
158316
158317
158318
158319
158320
158321
158322
158323
158324
158325
158326
158327
158328
158329
158330
158331
158332
158333
158394
158395
158396
158397
158398
158399
158400
158401
158402
158403
158404
158405
158406
158407
158408
158409
158410
158411
158412
158413
158414
158415
158416
158417
158418
158419
158420
158421
158422
158423
159240
159241
159242
159243
159244
159245
159246
159247
159248
159249
159331
159332
159333
159334
159335
159336
159337
159338
159339
159340
159341
160213
160214
160215
160216
160217
160218
160219
160220
160221
160222
160309
160310
160311
160312
160313
160314
160315
160316
160317
160318
160978
160979
160980
160981
161035
161036
161037
161038
161039
161040
161041
161042
161043
161044
161045
161046
161047
161739
161740
161741
161742
161797
161798
161799
161800
161801
161802
161803
161804
161805
161806
162277
162278
162279
162280
162281
162282
162283
162284
162285
162286
162335
162336
162337
162338
162339
162340
162341
162342
162343
162344
162345
162807
162808
162809
162810
162811
162812
162813
162814
162815
162816
162863
162864
162865
162866
162867
162868
162869
162870
162871
162872
163083
163084
163085
163086
163104
163105
163106
163107
163108
163109
163110
163111
163112
163113
163114
163115
163116
163331
163332
163333
163334
163354
163355
163356
163357
163358
163359
163360
163361
163362
163363
165454
165455
165456
165457
165458
165459
165460
165461
165462
165463
165464
165465
165466
165467
165468
165624
165625
165626
165627
165628
165629
165630
165631
165632
165633
165634
165635
165636
165637
165638
165639
165640
165641
165642
165643
165644
165645
165646
165647
165648
165649
165650
165651
165652
165653
165654
165810
165811
165812
165813
165814
165815
165816
165817
165818
165819
165820
165821
165822
165823
165824
165825
165826
165827
165828
165829
165830
165831
165832
165833
165834
165835
165836
165837
165838
165839
165840
165921
165922
165923
165924
165925
165926
165927
165928
165929
165930
165931
165932
165933
165934
165935
165936
168055
168056
168057
168058
168059
168060
168061
168062
168063
168064
168065
168066
168067
168068
168069
168070
168226
168227
168228
168229
168230
168231
168232
168233
168234
168235
168236
168237
168238
168239
168240
168241
168242
168243
168244
168245
168246
168247
168248
168249
168250
168251
168252
168253
168254
168255
168256
168412
168413
168414
168415
168416
168417
168418
168419
168420
168421
168422
168423
168424
168425
168426
168427
168428
168429
168430
168431
168432
168433
168434
168435
168436
168437
168438
168439
168440
168441
168442
168523
168524
168525
168526
168527
168528
168529
168530
168531
168532
168533
168534
168535
168536
168537
168538
170722
170723
170724
170725
170726
170727
170728
170729
170730
170731
170732
170733
170734
170735
170736
170892
170893
170894
170895
170896
170897
170898
170899
170900
170901
170902
170903
170904
170905
170906
170907
170908
170909
170910
170911
170912
170913
170914
170915
170916
170917
170918
170919
170920
170921
170922
171078
171079
171080
171081
171082
171083
171084
171085
171086
171087
171088
171089
171090
171091
171092
171093
171094
171095
171096
171097
171098
171099
171100
171101
171102
171103
171104
171105
171106
171107
171108
171189
171190
171191
171192
171193
171194
171195
171196
171197
171198
171199
171200
171201
171202
171203
171204
173417
173418
173419
173420
173421
173422
173423
173424
173425
173426
173427
173428
173429
173430
173431
173432
173588
173589
173590
173591
173592
173593
173594
173595
173596
173597
173598
173599
173600
173601
173602
173603
173604
173605
173606
173607
173608
173609
173610
173611
173612
173613
173614
173615
173616
173617
173618
173774
173775
173776
173777
173778
173779
173780
173781
173782
173783
173784
173785
173786
173787
173788
173789
173790
173791
173792
173793
173794
173795
173796
173797
173798
173799
173800
173801
173802
173803
173804
173885
173886
173887
173888
173889
173890
173891
173892
173893
173894
173895
173896
173897
173898
173899
173900
176019
176020
176021
176022
176023
176024
176025
176026
176027
176028
176029
176030
176031
176032
176033
176034
176190
176191
176192
176193
176194
176195
176196
176197
176198
176199
176200
176201
176202
176203
176204
176205
176206
176207
176208
176209
176210
176211
176212
176213
176214
176215
176216
176217
176218
176219
176220
176376
176377
176378
176379
176380
176381
176382
176383
176384
176385
176386
176387
176388
176389
176390
176391
176392
176393
176394
176395
176396
176397
176398
176399
176400
176401
176402
176403
176404
176405
176406
176487
176488
176489
176490
176491
176492
176493
176494
176495
176496
176497
176498
176499
176500
176501
176502
178598
178599
178600
178601
178602
178603
178604
178605
178606
178607
178608
178609
178610
178611
178612
178613
178769
178770
178771
178772
178773
178774
178775
178776
178777
178778
178779
178780
178781
178782
178783
178784
178785
178786
178787
178788
178789
178790
178791
178792
178793
178794
178795
178796
178797
178798
178799
178955
178956
178957
178958
178959
178960
178961
178962
178963
178964
178965
178966
178967
178968
178969
178970
178971
178972
178973
178974
178975
178976
178977
178978
178979
178980
178981
178982
178983
178984
178985
179061
179062
179063
179064
179065
179066
179067
179068
179069
179070
179071
179072
179073
179074
179075
181288
181289
181290
181291
181292
181293
181294
181295
181296
181297
181298
181299
181300
181301
181302
181303
181459
181460
181461
181462
181463
181464
181465
181466
181467
181468
181469
181470
181471
181472
181473
181474
181475
181476
181477
181478
181479
181480
181481
181482
181483
181484
181485
181486
181487
181488
181489
181645
181646
181647
181648
181649
181650
181651
181652
181653
181654
181655
181656
181657
181658
181659
181660
181661
181662
181663
181664
181665
181666
181667
181668
181669
181670
181671
181672
181673
181674
181675
181756
181757
181758
181759
181760
181761
181762
181763
181764
181765
181766
181767
181768
181769
181770
181771
183960
183961
183962
183963
183964
183965
183966
183967
183968
183969
183970
183971
183972
183973
183974
183975
184131
184132
184133
184134
184135
184136
184137
184138
184139
184140
184141
184142
184143
184144
184145
184146
184147
184148
184149
184150
184151
184152
184153
184154
184155
184156
184157
184158
184159
184160
184161
184317
184318
184319
184320
184321
184322
184323
184324
184325
184326
184327
184328
184329
184330
184331
184332
184333
184334
184335
184336
184337
184338
184339
184340
184341
184342
184343
184344
184345
184346
184347
184423
184424
184425
184426
184427
184428
184429
184430
184431
184432
184433
184434
184435
184436
184437
186621
186622
186623
186624
186625
186626
186627
186628
186629
186630
186631
186632
186633
186634
186635
186791
186792
186793
186794
186795
186796
186797
186798
186799
186800
186801
186802
186803
186804
186805
186806
186807
186808
186809
186810
186811
186812
186813
186814
186815
186816
186817
186818
186819
186820
186821
186977
186978
186979
186980
186981
186982
186983
186984
186985
186986
186987
186988
186989
186990
186991
186992
186993
186994
186995
186996
186997
186998
186999
187000
187001
187002
187003
187004
187005
187006
187007
187088
187089
187090
187091
187092
187093
187094
187095
187096
187097
187098
187099
187100
187101
187102
187103
189316
189317
189318
189319
189320
189321
189322
189323
189324
189325
189326
189327
189328
189329
189330
189331
189487
189488
189489
189490
189491
189492
189493
189494
189495
189496
189497
189498
189499
189500
189501
189502
189503
189504
189505
189506
189507
189508
189509
189510
189511
189512
189513
189514
189515
189516
189517
189673
189674
189675
189676
189677
189678
189679
189680
189681
189682
189683
189684
189685
189686
189687
189688
189689
189690
189691
189692
189693
189694
189695
189696
189697
189698
189699
189700
189701
189702
189703
189784
189785
189786
189787
189788
189789
189790
189791
189792
189793
189794
189795
189796
189797
189798
189799
191875
191876
191877
191878
191879
191880
191881
191882
191883
191884
191885
191886
191887
191888
191889
191890
191891
191892
191893
191894
191895
191896
191897
191898
191899
191900
191901
191902
191903
191904
192029
192030
192031
192032
192033
192034
192035
192036
192037
192038
192039
192040
192041
192042
192043
192044
192045
192046
192047
192048
192049
192050
192051
192052
192053
192054
192055
192056
192057
192058
192059
192060
192061
192062
192063
192064
192065
192066
192067
192068
192069
192070
192071
192072
192073
192074
192075
192076
192077
192078
192079
192080
192081
192082
192083
192084
192085
192086
192087
192088
192089
192090
192215
192216
192217
192218
192219
192220
192221
192222
192223
192224
192225
192226
192227
192228
192229
192230
192231
192232
192233
192234
192235
192236
192237
192238
192239
192240
192241
192242
192243
192244
192245
192246
192247
192248
192249
192250
192251
192252
192253
192254
192255
192256
192257
192258
192259
192260
192261
192262
192263
192264
192265
192266
192267
192268
192269
192270
192271
192272
192273
192274
192275
192276
192341
192342
192343
192344
192345
192346
192347
192348
192349
192350
192351
192352
192353
192354
192355
192356
192357
192358
192359
192360
192361
192362
192363
192364
192365
192366
192367
192368
192369
192370
192371
192372
194475
194476
194477
194478
194479
194480
194481
194482
194483
194484
194485
194486
194487
194488
194489
194490
194491
194492
194493
194494
194495
194496
194497
194498
194499
194500
194501
194502
194503
194504
194505
194506
194631
194632
194633
194634
194635
194636
194637
194638
194639
194640
194641
194642
194643
194644
194645
194646
194647
194648
194649
194650
194651
194652
194653
194654
194655
194656
194657
194658
194659
194660
194661
194662
194663
194664
194665
194666
194667
194668
194669
194670
194671
194672
194673
194674
194675
194676
194677
194678
194679
194680
194681
194682
194683
194684
194685
194686
194687
194688
194689
194690
194691
194692
194817
194818
194819
194820
194821
194822
194823
194824
194825
194826
194827
194828
194829
194830
194831
194832
194833
194834
194835
194836
194837
194838
194839
194840
194841
194842
194843
194844
194845
194846
194847
194848
194849
194850
194851
194852
194853
194854
194855
194856
194857
194858
194859
194860
194861
194862
194863
194864
194865
194866
194867
194868
194869
194870
194871
194872
194873
194874
194875
194876
194877
194878
194943
194944
194945
194946
194947
194948
194949
194950
194951
194952
194953
194954
194955
194956
194957
194958
194959
194960
194961
194962
194963
194964
194965
194966
194967
194968
194969
194970
194971
194972
194973
194974
197187
197188
197189
197190
197191
197192
197193
197194
197195
197196
197197
197198
197199
197200
197201
197202
197358
197359
197360
197361
197362
197363
197364
197365
197366
197367
197368
197369
197370
197371
197372
197373
197374
197375
197376
197377
197378
197379
197380
197381
197382
197383
197384
197385
197386
197387
197388
197544
197545
197546
197547
197548
197549
197550
197551
197552
197553
197554
197555
197556
197557
197558
197559
197560
197561
197562
197563
197564
197565
197566
197567
197568
197569
197570
197571
197572
197573
197574
197655
197656
197657
197658
197659
197660
197661
197662
197663
197664
197665
197666
197667
197668
197669
197670
199859
199860
199861
199862
199863
199864
199865
199866
199867
199868
199869
199870
199871
199872
199873
199874
200030
200031
200032
200033
200034
200035
200036
200037
200038
200039
200040
200041
200042
200043
200044
200045
200046
200047
200048
200049
200050
200051
200052
200053
200054
200055
200056
200057
200058
200059
200060
200216
200217
200218
200219
200220
200221
200222
200223
200224
200225
200226
200227
200228
200229
200230
200231
200232
200233
200234
200235
200236
200237
200238
200239
200240
200241
200242
200243
200244
200245
200246
200322
200323
200324
200325
200326
200327
200328
200329
200330
200331
200332
200333
200334
200335
200336
202439
202440
202441
202442
202443
202444
202445
202446
202447
202448
202449
202450
202451
202452
202453
202454
202455
202456
202457
202458
202459
202460
202461
202462
202463
202464
202465
202466
202467
202468
202469
202470
202595
202596
202597
202598
202599
202600
202601
202602
202603
202604
202605
202606
202607
202608
202609
202610
202611
202612
202613
202614
202615
202616
202617
202618
202619
202620
202621
202622
202623
202624
202625
202626
202627
202628
202629
202630
202631
202632
202633
202634
202635
202636
202637
202638
202639
202640
202641
202642
202643
202644
202645
202646
202647
202648
202649
202650
202651
202652
202653
202654
202655
202656
202781
202782
202783
202784
202785
202786
202787
202788
202789
202790
202791
202792
202793
202794
202795
202796
202797
202798
202799
202800
202801
202802
202803
202804
202805
202806
202807
202808
202809
202810
202811
202812
202813
202814
202815
202816
202817
202818
202819
202820
202821
202822
202823
202824
202825
202826
202827
202828
202829
202830
202831
202832
202833
202834
202835
202836
202837
202838
202839
202840
202841
202842
202907
202908
202909
202910
202911
202912
202913
202914
202915
202916
202917
202918
202919
202920
202921
202922
202923
202924
202925
202926
202927
202928
202929
202930
202931
202932
202933
202934
202935
202936
202937
202938
205018
205019
205020
205021
205022
205023
205024
205025
205026
205027
205028
205029
205030
205031
205032
205033
205034
205035
205036
205037
205038
205039
205040
205041
205042
205043
205044
205045
205046
205047
205048
205049
205174
205175
205176
205177
205178
205179
205180
205181
205182
205183
205184
205185
205186
205187
205188
205189
205190
205191
205192
205193
205194
205195
205196
205197
205198
205199
205200
205201
205202
205203
205204
205205
205206
205207
205208
205209
205210
205211
205212
205213
205214
205215
205216
205217
205218
205219
205220
205221
205222
205223
205224
205225
205226
205227
205228
205229
205230
205231
205232
205233
205234
205235
205360
205361
205362
205363
205364
205365
205366
205367
205368
205369
205370
205371
205372
205373
205374
205375
205376
205377
205378
205379
205380
205381
205382
205383
205384
205385
205386
205387
205388
205389
205390
205391
205392
205393
205394
205395
205396
205397
205398
205399
205400
205401
205402
205403
205404
205405
205406
205407
205408
205409
205410
205411
205412
205413
205414
205415
205416
205417
205418
205419
205420
205421
205482
205483
205484
205485
205486
205487
205488
205489
205490
205491
205492
205493
205494
205495
205496
205497
205498
205499
205500
205501
205502
205503
205504
205505
205506
205507
205508
205509
205510
205511
207243
207244
207245
207246
207247
207248
207249
207250
207251
207252
207253
207254
207255
207256
207257
207370
207371
207372
207373
207374
207375
207376
207377
207378
207379
207380
207381
207382
207383
207384
207385
207386
207387
207388
207389
207390
207391
207392
207393
207394
207395
207396
207500
207501
207502
207503
207504
207505
207506
207507
207508
207509
207510
207511
207512
207513
207514
207515
207516
207517
207518
207519
207520
207521
207522
207523
207524
207525
207526
207527
207590
207591
207592
207593
207594
207595
207596
207597
207598
207599
207600
207601
207602
207603
207604
207605
209343
209344
209345
209346
209347
209348
209349
209350
209351
209352
209353
209354
209355
209356
209357
209358
209474
209475
209476
209477
209478
209479
209480
209481
209482
209483
209484
209485
209486
209487
209488
209489
209490
209491
209492
209493
209494
209495
209496
209497
209498
209499
209500
209602
209603
209604
209605
209606
209607
209608
209609
209610
209611
209612
209613
209614
209615
209616
209617
209618
209619
209620
209621
209622
209623
209624
209625
209626
209627
209628
209629
209694
209695
209696
209697
209698
209699
209700
209701
209702
209703
209704
209705
209706
209707
209708
209709
211566
211567
211568
211569
211570
211571
211572
211573
211574
211575
211576
211577
211578
211579
211580
211715
211716
211717
211718
211719
211720
211721
211722
211723
211724
211725
211726
211727
211728
211729
211730
211731
211732
211733
211734
211735
211736
211737
211738
211739
211740
211741
211742
211743
211744
211873
211874
211875
211876
211877
211878
211879
211880
211881
211882
211883
211884
211885
211886
211887
211888
211889
211890
211891
211892
211893
211894
211895
211896
211897
211898
211963
211964
211965
211966
211967
211968
211969
211970
211971
211972
211973
211974
211975
211976
211977
211978
213880
213881
213882
213883
213884
213885
213886
213887
213888
213889
213890
213891
213892
213893
213894
213895
214025
214026
214027
214028
214029
214030
214031
214032
214033
214034
214035
214036
214037
214038
214039
214040
214041
214042
214043
214044
214045
214046
214047
214048
214049
214050
214051
214052
214183
214184
214185
214186
214187
214188
214189
214190
214191
214192
214193
214194
214195
214196
214197
214198
214199
214200
214201
214202
214203
214204
214205
214206
214207
214208
214209
214210
214211
214212
214213
214280
214281
214282
214283
214284
214285
214286
214287
214288
214289
214290
214291
214292
214293
214294
214295
216035
216036
216037
216038
216039
216040
216041
216042
216043
216044
216045
216046
216047
216048
216049
216050
216159
216160
216161
216162
216163
216164
216165
216166
216167
216168
216169
216170
216171
216172
216173
216174
216175
216176
216177
216178
216179
216180
216181
216182
216183
216184
216185
216287
216288
216289
216290
216291
216292
216293
216294
216295
216296
216297
216298
216299
216300
216301
216302
216303
216304
216305
216306
216307
216308
216309
216310
216311
216312
216313
216314
216379
216380
216381
216382
216383
216384
216385
216386
216387
216388
216389
216390
216391
216392
216393
216394
218118
218119
218120
218121
218122
218123
218124
218125
218126
218127
218128
218129
218130
218131
218132
218133
218250
218251
218252
218253
218254
218255
218256
218257
218258
218259
218260
218261
218262
218263
218264
218265
218266
218267
218268
218269
218270
218271
218272
218273
218274
218275
218276
218383
218384
218385
218386
218387
218388
218389
218390
218391
218392
218393
218394
218395
218396
218397
218398
218399
218400
218401
218402
218403
218404
218405
218406
218407
218408
218409
218410
218469
218470
218471
218472
218473
218474
218475
218476
218477
218478
218479
218480
218481
218482
218483
220374
220375
220376
220377
220378
220379
220380
220381
220382
220383
220384
220385
220386
220387
220388
220389
220517
220518
220519
220520
220521
220522
220523
220524
220525
220526
220527
220528
220529
220530
220531
220532
220533
220534
220535
220536
220537
220538
220539
220540
220541
220542
220543
220544
220545
220546
220678
220679
220680
220681
220682
220683
220684
220685
220686
220687
220688
220689
220690
220691
220692
220693
220694
220695
220696
220697
220698
220699
220700
220701
220702
220703
220770
220771
220772
220773
220774
220775
220776
220777
220778
220779
220780
220781
220782
220783
220784
220785
222650
222651
222652
222653
222654
222655
222656
222657
222658
222659
222660
222661
222662
222663
222664
222665
222800
222801
222802
222803
222804
222805
222806
222807
222808
222809
222810
222811
222812
222813
222814
222815
222816
222817
222818
222819
222820
222821
222822
222823
222824
222825
222826
222827
222957
222958
222959
222960
222961
222962
222963
222964
222965
222966
222967
222968
222969
222970
222971
222972
222973
222974
222975
222976
222977
222978
222979
222980
222981
222982
222983
222984
222985
222986
222987
223048
223049
223050
223051
223052
223053
223054
223055
223056
223057
223058
223059
223060
223061
223062
224517
224518
224519
224520
224521
224522
224523
224524
224525
224526
224527
224528
224529
224530
224531
224598
224599
224600
224601
224602
224603
224604
224605
224606
224607
224608
224609
224610
224611
224612
224613
224614
224615
224616
224617
224618
224693
224694
224695
224696
224697
224698
224699
224700
224701
224702
224703
224704
224705
224706
224707
224708
224709
224710
224711
224712
224767
224768
224769
224770
224771
224772
224773
224774
224775
224776
224777
224778
224779
224780
224781
224782
226223
226224
226225
226226
226227
226228
226229
226230
226231
226232
226233
226234
226235
226236
226237
226238
226320
226321
226322
226323
226324
226325
226326
226327
226328
226329
226330
226331
226332
226333
226334
226335
226336
226337
226338
226339
226340
226410
226411
226412
226413
226414
226415
226416
226417
226418
226419
226420
226421
226422
226423
226424
226425
226426
226427
226428
226429
226430
226486
226487
226488
226489
226490
226491
226492
226493
226494
226495
226496
226497
226498
226499
226500
226501
227976
227977
227978
227979
227980
227981
227982
227983
227984
227985
227986
227987
227988
227989
227990
227991
227992
227993
227994
227995
227996
227997
227998
227999
228000
228001
228002
228003
228004
228005
228083
228084
228085
228086
228087
228088
228089
228090
228091
228092
228093
228094
228095
228096
228097
228098
228099
228100
228101
228102
228103
228104
228105
228106
228107
228108
228109
228110
228111
228112
228113
228114
228115
228116
228117
228118
228119
228120
228121
228122
228123
228124
228125
228126
228127
228128
228129
228130
228131
228132
228133
228134
228135
228136
228137
228138
228139
228211
228212
228213
228214
228215
228216
228217
228218
228219
228220
228221
228222
228223
228224
228225
228226
228227
228228
228229
228230
228231
228232
228233
228234
228235
228236
228237
228238
228239
228240
228241
228242
228243
228244
228245
228246
228247
228248
228249
228250
228251
228252
228253
228254
228255
228256
228257
228295
228296
228297
228298
228299
228300
228301
228302
228303
228304
228305
228306
228307
228308
228309
228310
228311
228312
228313
228314
228315
228316
228317
228318
228319
228320
228321
228322
228323
228324
228325
228326
229808
229809
229810
229811
229812
229813
229814
229815
229816
229817
229818
229819
229820
229821
229822
229823
229824
229825
229826
229827
229828
229829
229830
229831
229832
229833
229834
229835
229836
229837
229838
229839
229916
229917
229918
229919
229920
229921
229922
229923
229924
229925
229926
229927
229928
229929
229930
229931
229932
229933
229934
229935
229936
229937
229938
229939
229940
229941
229942
229943
229944
229945
229946
229947
229948
229949
229950
229951
229952
229953
229954
229955
229956
229957
229958
229959
229960
229961
229962
229963
229964
229965
229966
229967
229968
229969
229970
230041
230042
230043
230044
230045
230046
230047
230048
230049
230050
230051
230052
230053
230054
230055
230056
230057
230058
230059
230060
230061
230062
230063
230064
230065
230066
230067
230068
230069
230070
230071
230072
230073
230074
230075
230076
230077
230078
230079
230080
230081
230082
230083
230084
230085
230086
230087
230088
230089
230090
230091
230092
230134
230135
230136
230137
230138
230139
230140
230141
230142
230143
230144
230145
230146
230147
230148
230149
230150
230151
230152
230153
230154
230155
230156
230157
230158
230159
230160
230161
230162
230163
230164
230165
231485
231486
231487
231488
231489
231490
231491
231492
231493
231494
231495
231496
231497
231498
231499
231500
231566
231567
231568
231569
231570
231571
231572
231573
231574
231575
231576
231577
231578
231579
231580
231581
231582
231583
231661
231662
231663
231664
231665
231666
231667
231668
231669
231670
231671
231672
231673
231674
231675
231676
231741
231742
231743
231744
231745
231746
231747
231748
231749
231750
231751
231752
231753
231754
231755
231756
233054
233055
233056
233057
233058
233059
233060
233061
233062
233063
233064
233065
233066
233067
233068
233147
233148
233149
233150
233151
233152
233153
233154
233155
233156
233157
233158
233159
233160
233161
233162
233163
233164
233247
233248
233249
233250
233251
233252
233253
233254
233255
233256
233257
233258
233259
233260
233261
233262
233263
233264
233265
233266
233325
233326
233327
233328
233329
233330
233331
233332
233333
233334
233335
233336
233337
233338
233339
234778
234779
234780
234781
234782
234783
234784
234785
234786
234787
234788
234789
234790
234791
234792
234793
234794
234795
234796
234797
234798
234799
234800
234801
234802
234803
234804
234805
234806
234807
234808
234809
234892
234893
234894
234895
234896
234897
234898
234899
234900
234901
234902
234903
234904
234905
234906
234907
234908
234909
234910
234911
234912
234913
234914
234915
234916
234917
234918
234919
234920
234921
234922
234923
234924
234925
234926
234927
234928
234929
234930
234931
234932
234933
234934
234935
234936
234937
234938
234939
234940
234941
234942
234943
234944
234945
234946
234947
234948
235037
235038
235039
235040
235041
235042
235043
235044
235045
235046
235047
235048
235049
235050
235051
235052
235053
235054
235055
235056
235057
235058
235059
235060
235061
235062
235063
235064
235065
235066
235067
235068
235069
235070
235071
235072
235073
235074
235075
235076
235077
235078
235079
235080
235081
235082
235083
235134
235135
235136
235137
235138
235139
235140
235141
235142
235143
235144
235145
235146
235147
235148
235149
235150
235151
235152
235153
235154
235155
235156
235157
235158
235159
235160
235161
235162
235163
235164
235165
236591
236592
236593
236594
236595
236596
236597
236598
236599
236600
236601
236602
236603
236604
236605
236606
236607
236608
236609
236610
236611
236612
236613
236614
236615
236616
236617
236618
236619
236620
236621
236622
236716
236717
236718
236719
236720
236721
236722
236723
236724
236725
236726
236727
236728
236729
236730
236731
236732
236733
236734
236735
236736
236737
236738
236739
236740
236741
236742
236743
236744
236745
236746
236747
236748
236749
236750
236751
236752
236753
236754
236755
236756
236757
236758
236759
236760
236761
236762
236763
236764
236765
236766
236767
236768
236769
236770
236855
236856
236857
236858
236859
236860
236861
236862
236863
236864
236865
236866
236867
236868
236869
236870
236871
236872
236873
236874
236875
236876
236877
236878
236879
236880
236881
236882
236883
236884
236885
236886
236887
236888
236889
236890
236891
236892
236893
236894
236895
236896
236897
236898
236899
236900
236901
236902
236903
236904
236905
236906
236952
236953
236954
236955
236956
236957
236958
236959
236960
236961
236962
236963
236964
236965
236966
236967
236968
236969
236970
236971
236972
236973
236974
236975
236976
236977
236978
236979
236980
236981
237228
237631
237632
237633
237634
237687
237688
237689
238129
238130
238131
238132
238187
238188
238189
238554
238582
238583
238584
238585
238586
238940
238941
238942
239408
239409
239410
239411
239466
239467
239468
239896
239897
239898
239899
239949
239950
239951
240319
240344
240345
240346
240347
240348
240708
240709
240710
240769
240770
240771
240777
240778
240779
241316
241317
241318
241349
241350
241351
241352
241843
241877
241878
241879
241907
242421
242441
242442
242928
242929
242930
243765
243766
243767
243768
243769
243770
243771
243772
243773
243774
243846
243847
243848
243849
243850
243851
243852
243853
243854
243855
243856
244697
244698
244699
244700
244701
244702
244703
244704
244705
244706
244778
244779
244780
244781
244782
244783
244784
244785
244786
244787
245403
245404
245405
245406
245445
245446
245447
245448
245449
245450
245451
245452
245453
245454
245455
245456
245457
246099
246100
246101
246102
246144
246145
246146
246147
246148
246149
246150
246151
246152
246153
246595
246596
246597
246598
246599
246600
246601
246602
246603
246604
246650
246651
246652
246653
246654
246655
246656
246657
246658
246659
246660
247109
247110
247111
247112
247113
247114
247115
247116
247117
247118
247160
247161
247162
247163
247164
247165
247166
247167
247168
247379
247380
247381
247382
247400
247401
247402
247403
247404
247405
247406
247407
247408
247409
247410
247411
247412
247627
247628
247629
247630
247650
247651
247652
247653
247654
247655
247656
247657
247658
247659
)


// ************************************************************************* //
