/*--------------------------------*- C++ -*----------------------------------*\
  =========                 |
  \\      /  F ield         | OpenFOAM: The Open Source CFD Toolbox
   \\    /   O peration     | Website:  https://openfoam.org
    \\  /    A nd           | Version:  7
     \\/     M anipulation  |
\*---------------------------------------------------------------------------*/
FoamFile
{
    version     2.0;
    format      ascii;
    class       labelList;
    note        "nPoints:18834  nCells:8382  nFaces:34562  nInternalFaces:15748";
    location    "constant/dielectric/polyMesh";
    object      neighbour;
}
// * * * * * * * * * * * * * * * * * * * * * * * * * * * * * * * * * * * * * //


15748
(
1
2
3
4
5
6
7
8
9
10
11
12
13
14
15
16
17
18
19
20
21
22
23
24
25
26
27
28
29
30
31
32
33
34
35
36
37
38
39
40
41
42
43
414
242
398
414
242
243
399
415
243
244
400
416
244
245
401
417
245
246
402
418
246
247
403
419
247
248
404
420
248
249
405
421
249
250
406
422
250
251
407
423
251
252
408
424
252
253
409
425
253
254
410
426
254
255
411
427
255
256
412
428
256
257
413
429
1397
772
897
1272
1522
773
898
1273
1523
774
899
1274
1524
775
900
1275
1525
776
901
1276
1526
777
902
1277
1527
778
903
1278
1528
779
904
1279
1529
780
905
1280
1530
781
906
1281
1531
782
907
1282
1532
783
908
1283
1533
784
909
1284
1534
785
910
1285
1535
786
911
1286
1536
787
912
1287
1537
5016
2772
3240
4642
5577
2773
3241
4643
5578
2774
3242
4644
5579
2775
3243
4645
5580
2776
3244
4646
5581
2777
3245
4647
5582
2778
3246
4648
5583
2779
3247
4649
5584
2780
3248
4650
5585
2781
3249
4651
5586
2782
3250
4652
5587
2783
3251
4653
5588
2784
3252
4654
5589
2785
3253
4655
5590
2786
3254
4656
5591
2787
3255
4657
5607
2788
3256
4658
5608
2789
3257
4659
5609
2790
3258
4660
5610
2791
3259
4661
5611
2792
3260
4662
5612
2793
3261
4663
5613
2794
3262
4664
5614
2795
3263
4665
5615
2796
3264
4666
5616
2797
3265
4667
5617
2798
3266
4668
5618
2799
3267
4669
5619
2800
3268
4670
5620
2801
3269
4671
5621
2802
3270
4672
5622
2803
3271
4673
5623
2804
3272
4674
5624
2805
3273
4675
5625
2806
3274
4676
5626
2807
3275
4677
5627
2808
3276
4678
5628
2809
3277
4679
5629
2810
3278
4680
5630
2811
3279
4681
5631
2812
3280
4682
5632
2813
3281
4683
5633
2814
3282
4684
5634
2815
3283
4685
5635
2816
3284
4686
5636
2817
3285
4687
5637
2818
3286
4688
5669
2819
3287
4689
5670
2820
3288
4690
5671
2821
3289
4691
5672
2822
3290
4692
5673
2823
3291
4693
5674
2824
3292
4694
5675
2825
3293
4695
5676
2826
3294
4696
5677
2827
3295
4697
5678
2828
3296
4698
5679
2829
3297
4699
5680
2830
3298
4700
5681
2831
3299
4701
5682
2832
3300
4702
5683
2833
3301
4703
5684
2834
3302
4704
5685
2835
3303
4705
5686
2836
3304
4706
5687
2837
3305
4707
5688
2838
3306
4708
5689
2839
3307
4709
5690
2840
3308
4710
5691
2841
3309
4711
5692
2842
3310
4712
5693
2843
3311
4713
5694
2844
3312
4714
5695
2845
3313
4715
5696
2846
3314
4716
5697
2847
3315
4717
5698
2848
3316
4718
5699
2849
3317
4719
5731
2850
3318
4720
5732
2851
3319
4721
5733
2852
3320
4722
5734
2853
3321
4723
5735
2854
3322
4724
5736
2855
3323
4725
5737
2856
3324
4726
5738
2857
3325
4727
5739
2858
3326
4728
5740
2859
3327
4729
5741
2860
3328
4730
5742
2861
3329
4731
5743
2862
3330
4732
5744
2863
3331
4733
5745
2864
3332
4734
5746
881
1006
1381
1724
882
1007
1382
1725
883
1008
1383
1726
884
1009
1384
1727
885
1010
1385
1728
886
1011
1386
1729
887
1012
1387
1730
888
1013
1388
1731
889
1014
1389
1732
890
1015
1390
1733
891
1016
1391
1734
892
1017
1392
1735
893
1018
1393
1736
894
1019
1394
1737
895
1020
1395
1738
896
1021
1396
1739
382
383
523
570
383
384
524
571
384
385
525
572
385
386
526
573
386
387
527
574
387
388
528
575
388
389
529
576
389
390
530
577
390
391
531
578
391
392
532
579
392
393
533
580
393
394
534
581
394
395
535
582
395
396
536
583
396
397
537
584
200
397
771
201
202
203
204
205
206
207
208
209
210
211
212
213
214
215
216
217
218
219
220
221
222
223
224
225
226
227
228
229
230
231
232
233
234
235
236
237
238
239
240
241
585
600
586
601
587
602
588
603
589
604
590
605
591
606
592
607
593
608
594
609
595
610
596
611
597
612
598
613
599
614
897
1397
1772
772
898
1398
1773
773
899
1399
1774
774
900
1400
1775
775
901
1401
1776
776
902
1402
1777
777
903
1403
1778
778
904
1404
1779
779
905
1405
1780
780
906
1406
1781
781
907
1407
1782
782
908
1408
1783
783
909
1409
1784
784
910
1410
1785
785
911
1411
1786
786
912
1412
1787
2865
3146
4735
5763
2866
3147
4736
5764
2867
3148
4737
5765
2868
3149
4738
5766
2869
3150
4739
5767
2870
3151
4740
5768
2871
3152
4741
5769
2872
3153
4742
5770
2873
3154
4743
5771
2874
3155
4744
5772
2875
3156
4745
5773
2876
3157
4746
5774
2877
3158
4747
5775
2878
3159
4748
5776
2879
3160
4749
5777
2880
3161
4750
5778
2881
3162
4751
5795
2882
3163
4752
5796
2883
3164
4753
5797
2884
3165
4754
5798
2885
3166
4755
5799
2886
3167
4756
5800
2887
3168
4757
5801
2888
3169
4758
5802
2889
3170
4759
5803
2890
3171
4760
5804
2891
3172
4761
5805
2892
3173
4762
5806
2893
3174
4763
5807
2894
3175
4764
5808
2895
3176
4765
5809
2896
3177
4766
5810
2897
3178
4767
5811
2898
3179
4768
5812
2899
3180
4769
5813
2900
3181
4770
5814
2901
3182
4771
5815
2902
3183
4772
5816
2903
3184
4773
5817
2904
3185
4774
5818
2905
3186
4775
5819
2906
3187
4776
5820
2907
3188
4777
5821
2908
3189
4778
5822
2909
3190
4779
5823
2910
3191
4780
5824
2911
3192
4781
5825
2912
3193
4782
5857
2913
3194
4783
5858
2914
3195
4784
5859
2915
3196
4785
5860
2916
3197
4786
5861
2917
3198
4787
5862
2918
3199
4788
5863
2919
3200
4789
5864
2920
3201
4790
5865
2921
3202
4791
5866
2922
3203
4792
5867
2923
3204
4793
5868
2924
3205
4794
5869
2925
3206
4795
5870
2926
3207
4796
5871
2927
3208
4797
5872
2928
3209
4798
5873
2929
3210
4799
5874
2930
3211
4800
5875
2931
3212
4801
5876
2932
3213
4802
5877
2933
3214
4803
5878
2934
3215
4804
5879
2935
3216
4805
5880
2936
3217
4806
5881
2937
3218
4807
5882
2938
3219
4808
5883
2939
3220
4809
5884
2940
3221
4810
5885
2941
3222
4811
5886
2942
3223
4812
5887
2943
3224
4813
5919
2944
3225
4814
5920
2945
3226
4815
5921
2946
3227
4816
5922
2947
3228
4817
5923
2948
3229
4818
5924
2949
3230
4819
5925
2950
3231
4820
5926
2951
3232
4821
5927
2952
3233
4822
5928
2953
3234
4823
5929
2954
3235
4824
5930
2955
3236
4825
5931
2956
3237
4826
5932
2957
3238
4827
5933
2958
3239
4828
5934
881
1007
1507
1976
882
1008
1508
1977
883
1009
1509
1978
884
1010
1510
1979
885
1011
1511
1980
886
1012
1512
1981
887
1013
1513
1982
888
1014
1514
1983
889
1015
1515
1984
890
1016
1516
1985
891
1017
1517
1986
892
1018
1518
1987
893
1019
1519
1988
894
1020
1520
1989
895
1021
1521
1990
709
756
896
2146
710
757
711
758
712
759
713
760
714
761
715
762
716
763
717
764
718
765
719
766
720
767
721
768
722
769
723
770
724
771
585
585
586
586
587
587
588
588
589
589
590
590
591
591
592
592
593
593
594
594
595
595
596
596
597
597
598
598
599
599
1772
600
600
601
601
602
602
603
603
604
604
605
605
606
606
607
607
608
608
609
609
610
610
611
611
612
612
613
613
614
614
615
1804
1022
1147
1272
1553
1023
1148
1273
1554
1024
1149
1274
1555
1025
1150
1275
1556
1026
1151
1276
1557
1027
1152
1277
1558
1028
1153
1278
1559
1029
1154
1279
1560
1030
1155
1280
1561
1031
1156
1281
1562
1032
1157
1282
1563
1033
1158
1283
1564
1034
1159
1284
1565
1035
1160
1285
1566
1036
1161
1286
1567
1037
1162
1287
1568
5203
2959
3427
4829
5390
2960
3428
4830
5391
2961
3429
4831
5392
2962
3430
4832
5393
2963
3431
4833
5394
2964
3432
4834
5395
2965
3433
4835
5396
2966
3434
4836
5397
2967
3435
4837
5398
2968
3436
4838
5399
2969
3437
4839
5400
2970
3438
4840
5401
2971
3439
4841
5402
2972
3440
4842
5403
2973
3441
4843
5404
2974
3442
4844
5405
2975
3443
4845
5406
2976
3444
4846
5407
2977
3445
4847
5408
2978
3446
4848
5409
2979
3447
4849
5410
2980
3448
4850
5411
2981
3449
4851
5412
2982
3450
4852
5413
2983
3451
4853
5414
2984
3452
4854
5415
2985
3453
4855
5416
2986
3454
4856
5417
2987
3455
4857
5418
2988
3456
4858
5419
2989
3457
4859
5420
2990
3458
4860
5421
2991
3459
4861
5422
2992
3460
4862
5423
2993
3461
4863
5424
2994
3462
4864
5425
2995
3463
4865
5426
2996
3464
4866
5427
2997
3465
4867
5428
2998
3466
4868
5429
2999
3467
4869
5430
3000
3468
4870
5431
3001
3469
4871
5432
3002
3470
4872
5433
3003
3471
4873
5434
3004
3472
4874
5435
3005
3473
4875
5436
3006
3474
4876
5437
3007
3475
4877
5438
3008
3476
4878
5439
3009
3477
4879
5440
3010
3478
4880
5441
3011
3479
4881
5442
3012
3480
4882
5443
3013
3481
4883
5444
3014
3482
4884
5445
3015
3483
4885
5446
3016
3484
4886
5447
3017
3485
4887
5448
3018
3486
4888
5449
3019
3487
4889
5450
3020
3488
4890
5451
3021
3489
4891
5452
3022
3490
4892
5453
3023
3491
4893
5454
3024
3492
4894
5455
3025
3493
4895
5456
3026
3494
4896
5457
3027
3495
4897
5458
3028
3496
4898
5459
3029
3497
4899
5460
3030
3498
4900
5461
3031
3499
4901
5462
3032
3500
4902
5463
3033
3501
4903
5464
3034
3502
4904
5465
3035
3503
4905
5466
709
710
710
711
711
712
712
713
713
714
714
715
715
716
716
717
717
718
718
719
719
720
720
721
721
722
722
723
723
724
3036
3504
4906
5467
3037
3505
4907
5468
3038
3506
4908
5469
3039
3507
4909
5470
3040
3508
4910
5471
3041
3509
4911
5472
3042
3510
4912
5473
3043
3511
4913
5474
3044
3512
4914
5475
3045
3513
4915
5476
3046
3514
4916
5477
3047
3515
4917
5478
3048
3516
4918
5479
3049
3517
4919
5480
3050
3518
4920
5481
3051
3519
4921
5482
1131
1256
1381
1756
1132
1257
1382
1757
1133
1258
1383
1758
1134
1259
1384
1759
1135
1260
1385
1760
1136
1261
1386
1761
1137
1262
1387
1762
1138
1263
1388
1763
1139
1264
1389
1764
1140
1265
1390
1765
1141
1266
1391
1766
1142
1267
1392
1767
1143
1268
1393
1768
1144
1269
1394
1769
1145
1270
1395
1770
1146
1271
1396
1771
756
757
757
758
758
759
759
760
760
761
761
762
762
763
763
764
764
765
765
766
766
767
767
768
768
769
769
770
770
771
1147
1397
1804
1022
1148
1398
1805
1023
1149
1399
1806
1024
1150
1400
1807
1025
1151
1401
1808
1026
1152
1402
1809
1027
1153
1403
1810
1028
1154
1404
1811
1029
1155
1405
1812
1030
1156
1406
1813
1031
1157
1407
1814
1032
1158
1408
1815
1033
1159
1409
1816
1034
1160
1410
1817
1035
1161
1411
1818
1036
1162
1412
1819
3052
3333
4922
5483
3053
3334
4923
5484
3054
3335
4924
5485
3055
3336
4925
5486
3056
3337
4926
5487
3057
3338
4927
5488
3058
3339
4928
5489
3059
3340
4929
5490
3060
3341
4930
5491
3061
3342
4931
5492
3062
3343
4932
5493
3063
3344
4933
5494
3064
3345
4934
5495
3065
3346
4935
5496
3066
3347
4936
5497
3067
3348
4937
5498
3068
3349
4938
5499
3069
3350
4939
5500
3070
3351
4940
5501
3071
3352
4941
5502
3072
3353
4942
5503
3073
3354
4943
5504
3074
3355
4944
5505
3075
3356
4945
5506
3076
3357
4946
5507
3077
3358
4947
5508
3078
3359
4948
5509
3079
3360
4949
5510
3080
3361
4950
5511
3081
3362
4951
5512
3082
3363
4952
5513
3083
3364
4953
5514
3084
3365
4954
5515
3085
3366
4955
5516
3086
3367
4956
5517
3087
3368
4957
5518
3088
3369
4958
5519
3089
3370
4959
5520
3090
3371
4960
5521
3091
3372
4961
5522
3092
3373
4962
5523
3093
3374
4963
5524
3094
3375
4964
5525
3095
3376
4965
5526
3096
3377
4966
5527
3097
3378
4967
5528
3098
3379
4968
5529
3099
3380
4969
5530
3100
3381
4970
5531
3101
3382
4971
5532
3102
3383
4972
5533
3103
3384
4973
5534
3104
3385
4974
5535
3105
3386
4975
5536
3106
3387
4976
5537
3107
3388
4977
5538
3108
3389
4978
5539
3109
3390
4979
5540
3110
3391
4980
5541
3111
3392
4981
5542
3112
3393
4982
5543
3113
3394
4983
5544
3114
3395
4984
5545
3115
3396
4985
5546
3116
3397
4986
5547
3117
3398
4987
5548
3118
3399
4988
5549
3119
3400
4989
5550
3120
3401
4990
5551
3121
3402
4991
5552
3122
3403
4992
5553
3123
3404
4993
5554
3124
3405
4994
5555
3125
3406
4995
5556
3126
3407
4996
5557
3127
3408
4997
5558
3128
3409
4998
5559
3129
3410
4999
5560
2489
3130
3411
5000
5561
3131
3412
5001
5562
3132
3413
5002
5563
3133
3414
5003
5564
3134
3415
5004
5565
3135
3416
5005
5566
3136
3417
5006
5567
3137
3418
5007
5568
3138
3419
5008
5569
3139
3420
5009
5570
3140
3421
5010
5571
3141
3422
5011
5572
3142
3423
5012
5573
3143
3424
5013
5574
3144
3425
5014
5575
3145
3426
5015
5576
1131
1257
1507
2007
1132
1258
1508
2008
1133
1259
1509
2009
1134
1260
1510
2010
1135
1261
1511
2011
1136
1262
1512
2012
1137
1263
1513
2013
1138
1264
1514
2014
1139
1265
1515
2015
1140
1266
1516
2016
1141
1267
1517
2017
1142
1268
1518
2018
1143
1269
1519
2019
1144
1270
1520
2020
1145
1271
1521
2021
1146
2521
2022
2272
2023
2273
2024
2274
2025
2275
2026
2276
2027
2277
2028
2278
2029
2279
2030
2280
2031
2281
2032
2282
2033
2283
2034
2284
2035
2285
2036
2286
3146
5016
6138
2772
3147
5017
6139
2773
3148
5018
6140
2774
3149
5019
6141
2775
3150
5020
6142
2776
3151
5021
6143
2777
3152
5022
6144
2778
3153
5023
6145
2779
3154
5024
6146
2780
3155
5025
6147
2781
3156
5026
6148
2782
3157
5027
6149
2783
3158
5028
6150
2784
3159
5029
6151
2785
3160
5030
6152
2786
3161
5031
6153
2787
3162
5032
6170
2788
3163
5033
6171
2789
3164
5034
6172
2790
3165
5035
6173
2791
3166
5036
6174
2792
3167
5037
6175
2793
3168
5038
6176
2794
3169
5039
6177
2795
3170
5040
6178
2796
3171
5041
6179
2797
3172
5042
6180
2798
3173
5043
6181
2799
3174
5044
6182
2800
3175
5045
6183
2801
3176
5046
6184
2802
3177
5047
6185
2803
3178
5048
6186
2804
3179
5049
6187
2805
3180
5050
6188
2806
3181
5051
6189
2807
3182
5052
6190
2808
3183
5053
6191
2809
3184
5054
6192
2810
3185
5055
6193
2811
3186
5056
6194
2812
3187
5057
6195
2813
3188
5058
6196
2814
3189
5059
6197
2815
3190
5060
6198
2816
3191
5061
6199
2817
3192
5062
6200
2818
3193
5063
6232
2819
3194
5064
6233
2820
3195
5065
6234
2821
3196
5066
6235
2822
3197
5067
6236
2823
3198
5068
6237
2824
3199
5069
6238
2825
3200
5070
6239
2826
3201
5071
6240
2827
3202
5072
6241
2828
3203
5073
6242
2829
3204
5074
6243
2830
3205
5075
6244
2831
3206
5076
6245
2832
3207
5077
6246
2833
3208
5078
6247
2834
3209
5079
6248
2835
3210
5080
6249
2836
3211
5081
6250
2837
3212
5082
6251
2838
3213
5083
6252
2839
3214
5084
6253
2840
3215
5085
6254
2841
3216
5086
6255
2842
3217
5087
6256
2843
3218
5088
6257
2844
3219
5089
6258
2845
3220
5090
6259
2846
3221
5091
6260
2847
3222
5092
6261
2848
3223
5093
6262
2849
3224
5094
6294
2850
3225
5095
6295
2851
3226
5096
6296
2852
3227
5097
6297
2853
3228
5098
6298
2854
3229
5099
6299
2855
3230
5100
6300
2856
3231
5101
6301
2857
3232
5102
6302
2858
3233
5103
6303
2859
3234
5104
6304
2860
3235
5105
6305
2861
3236
5106
6306
2862
3237
5107
6307
2863
3238
5108
6308
2864
3239
5109
6309
2131
2474
2132
2475
2133
2476
2134
2477
2135
2478
2136
2479
2137
2480
2138
2481
2139
2482
2140
2483
2141
2484
2142
2485
2143
2486
2144
2487
2145
2488
2146
2489
2147
2522
2148
2523
2149
2524
2150
2525
2151
2526
2152
2527
2153
2528
2154
2529
2155
2530
2156
2531
2157
2532
2158
2533
2159
2534
2160
2535
2161
2536
2162
2537
2865
3240
5110
6326
2866
3241
5111
6327
2867
3242
5112
6328
2868
3243
5113
6329
2869
3244
5114
6330
2870
3245
5115
6331
2871
3246
5116
6332
2872
3247
5117
6333
2873
3248
5118
6334
2874
3249
5119
6335
2875
3250
5120
6336
2876
3251
5121
6337
2877
3252
5122
6338
2878
3253
5123
6339
2879
3254
5124
6340
2880
3255
5125
6341
2881
3256
5126
6358
2882
3257
5127
6359
2883
3258
5128
6360
2884
3259
5129
6361
2885
3260
5130
6362
2886
3261
5131
6363
2887
3262
5132
6364
2888
3263
5133
6365
2889
3264
5134
6366
2890
3265
5135
6367
2891
3266
5136
6368
2892
3267
5137
6369
2893
3268
5138
6370
2894
3269
5139
6371
2895
3270
5140
6372
2896
3271
5141
6373
2897
3272
5142
6374
2898
3273
5143
6375
2899
3274
5144
6376
2900
3275
5145
6377
2901
3276
5146
6378
2902
3277
5147
6379
2903
3278
5148
6380
2904
3279
5149
6381
2905
3280
5150
6382
2906
3281
5151
6383
2907
3282
5152
6384
2908
3283
5153
6385
2909
3284
5154
6386
2910
3285
5155
6387
2911
3286
5156
6388
2912
3287
5157
6420
2913
3288
5158
6421
2914
3289
5159
6422
2915
3290
5160
6423
2916
3291
5161
6424
2917
3292
5162
6425
2918
3293
5163
6426
2919
3294
5164
6427
2920
3295
5165
6428
2921
3296
5166
6429
2922
3297
5167
6430
2923
3298
5168
6431
2924
3299
5169
6432
2925
3300
5170
6433
2926
3301
5171
6434
2927
3302
5172
6435
2928
3303
5173
6436
2929
3304
5174
6437
2930
3305
5175
6438
2931
3306
5176
6439
2932
3307
5177
6440
2933
3308
5178
6441
2934
3309
5179
6442
2935
3310
5180
6443
2936
3311
5181
6444
2937
3312
5182
6445
2938
3313
5183
6446
2939
3314
5184
6447
2940
3315
5185
6448
2941
3316
5186
6449
2942
3317
5187
6450
2943
3318
5188
6482
2944
3319
5189
6483
2945
3320
5190
6484
2946
3321
5191
6485
2947
3322
5192
6486
2948
3323
5193
6487
2949
3324
5194
6488
2950
3325
5195
6489
2951
3326
5196
6490
2952
3327
5197
6491
2953
3328
5198
6492
2954
3329
5199
6493
2955
3330
5200
6494
2956
3331
5201
6495
2957
3332
5202
6496
2256
2725
2958
6684
2257
2726
2258
2727
2259
2728
2260
2729
2261
2730
2262
2731
2263
2732
2264
2733
2265
2734
2266
2735
2267
2736
2268
2737
2269
2738
2270
2739
2271
2740
2022
2303
2023
2304
2024
2305
2025
2306
2026
2307
2027
2308
2028
2309
2029
2310
2030
2311
2031
2312
2032
2313
2033
2314
2034
2315
2035
2316
2036
2317
3333
5203
5951
2959
3334
5204
5952
2960
3335
5205
5953
2961
3336
5206
5954
2962
3337
5207
5955
2963
3338
5208
5956
2964
3339
5209
5957
2965
3340
5210
5958
2966
3341
5211
5959
2967
3342
5212
5960
2968
3343
5213
5961
2969
3344
5214
5962
2970
3345
5215
5963
2971
3346
5216
5964
2972
3347
5217
5965
2973
3348
5218
5966
2974
3349
5219
5967
2975
3350
5220
5968
2976
3351
5221
5969
2977
3352
5222
5970
2978
3353
5223
5971
2979
3354
5224
5972
2980
3355
5225
5973
2981
3356
5226
5974
2982
3357
5227
5975
2983
3358
5228
5976
2984
3359
5229
5977
2985
3360
5230
5978
2986
3361
5231
5979
2987
3362
5232
5980
2988
3363
5233
5981
2989
3364
5234
5982
2990
3365
5235
5983
2991
3366
5236
5984
2992
3367
5237
5985
2993
3368
5238
5986
2994
3369
5239
5987
2995
3370
5240
5988
2996
3371
5241
5989
2997
3372
5242
5990
2998
3373
5243
5991
2999
3374
5244
5992
3000
3375
5245
5993
3001
3376
5246
5994
3002
3377
5247
5995
3003
3378
5248
5996
3004
3379
5249
5997
3005
3380
5250
5998
3006
3381
5251
5999
3007
3382
5252
6000
3008
3383
5253
6001
3009
3384
5254
6002
3010
3385
5255
6003
3011
3386
5256
6004
3012
3387
5257
6005
3013
3388
5258
6006
3014
3389
5259
6007
3015
3390
5260
6008
3016
3391
5261
6009
3017
3392
5262
6010
3018
3393
5263
6011
3019
3394
5264
6012
3020
3395
5265
6013
3021
3396
5266
6014
3022
3397
5267
6015
3023
3398
5268
6016
3024
3399
5269
6017
3025
3400
5270
6018
3026
3401
5271
6019
3027
3402
5272
6020
3028
3403
5273
6021
3029
3404
5274
6022
3030
3405
5275
6023
3031
3406
5276
6024
3032
3407
5277
6025
3033
3408
5278
6026
3034
3409
5279
6027
3035
3410
5280
6028
3036
3411
5281
6029
3037
3412
5282
6030
3038
3413
5283
6031
3039
3414
5284
6032
3040
3415
5285
6033
3041
3416
5286
6034
3042
3417
5287
6035
3043
3418
5288
6036
3044
3419
5289
6037
3045
3420
5290
6038
3046
3421
5291
6039
3047
3422
5292
6040
3048
3423
5293
6041
3049
3424
5294
6042
3050
3425
5295
6043
3051
3426
5296
6044
2131
2506
2132
2507
2133
2508
2134
2509
2135
2510
2136
2511
2137
2512
2138
2513
2139
2514
2140
2515
2141
2516
2142
2517
2143
2518
2144
2519
2145
2520
2146
2521
2147
2554
2148
2555
2149
2556
2150
2557
2151
2558
2152
2559
2153
2560
2154
2561
2155
2562
2156
2563
2157
2564
2158
2565
2159
2566
2160
2567
2161
2568
2162
2569
3052
3427
5297
6045
3053
3428
5298
6046
3054
3429
5299
6047
3055
3430
5300
6048
3056
3431
5301
6049
3057
3432
5302
6050
3058
3433
5303
6051
3059
3434
5304
6052
3060
3435
5305
6053
3061
3436
5306
6054
3062
3437
5307
6055
3063
3438
5308
6056
3064
3439
5309
6057
3065
3440
5310
6058
3066
3441
5311
6059
3067
3442
5312
6060
3068
3443
5313
6061
3069
3444
5314
6062
3070
3445
5315
6063
3071
3446
5316
6064
3072
3447
5317
6065
3073
3448
5318
6066
3074
3449
5319
6067
3075
3450
5320
6068
3076
3451
5321
6069
3077
3452
5322
6070
3078
3453
5323
6071
3079
3454
5324
6072
3080
3455
5325
6073
3081
3456
5326
6074
3082
3457
5327
6075
3083
3458
5328
6076
3084
3459
5329
6077
3085
3460
5330
6078
3086
3461
5331
6079
3087
3462
5332
6080
3088
3463
5333
6081
3089
3464
5334
6082
3090
3465
5335
6083
3091
3466
5336
6084
3092
3467
5337
6085
3093
3468
5338
6086
3094
3469
5339
6087
3095
3470
5340
6088
3096
3471
5341
6089
3097
3472
5342
6090
3098
3473
5343
6091
3099
3474
5344
6092
3100
3475
5345
6093
3101
3476
5346
6094
3102
3477
5347
6095
3103
3478
5348
6096
3104
3479
5349
6097
3105
3480
5350
6098
3106
3481
5351
6099
3107
3482
5352
6100
3108
3483
5353
6101
3109
3484
5354
6102
3110
3485
5355
6103
3111
3486
5356
6104
3112
3487
5357
6105
3113
3488
5358
6106
3114
3489
5359
6107
3115
3490
5360
6108
3116
3491
5361
6109
3117
3492
5362
6110
3118
3493
5363
6111
3119
3494
5364
6112
3120
3495
5365
6113
3121
3496
5366
6114
3122
3497
5367
6115
3123
3498
5368
6116
3124
3499
5369
6117
3125
3500
5370
6118
3126
3501
5371
6119
3127
3502
5372
6120
3128
3503
5373
6121
3129
3504
5374
6122
3130
3505
5375
6123
3131
3506
5376
6124
3132
3507
5377
6125
3133
3508
5378
6126
3134
3509
5379
6127
3135
3510
5380
6128
3136
3511
5381
6129
3137
3512
5382
6130
3138
3513
5383
6131
3139
3514
5384
6132
3140
3515
5385
6133
3141
3516
5386
6134
3142
3517
5387
6135
3143
3518
5388
6136
3144
3519
5389
6137
2256
2756
3145
6862
2257
2757
2258
2758
2259
2759
2260
2760
2261
2761
2262
2762
2263
2763
2264
2764
2265
2765
2266
2766
2267
2767
2268
2768
2269
2769
2270
2770
2271
2771
2022
2147
2023
2148
2024
2149
2025
2150
2026
2151
2027
2152
2028
2153
2029
2154
2030
2155
2031
2156
2032
2157
2033
2158
2034
2159
2035
2160
2036
2161
2037
2162
5951
3520
4082
4642
5390
3521
4083
4643
5391
3522
4084
4644
5392
3523
4085
4645
5393
3524
4086
4646
5394
3525
4087
4647
5395
3526
4088
4648
5396
3527
4089
4649
5397
3528
4090
4650
5398
3529
4091
4651
5399
3530
4092
4652
5400
3531
4093
4653
5401
3532
4094
4654
5402
3533
4095
4655
5403
3534
4096
4656
5404
4097
4498
4657
5405
3535
4098
4658
5406
3536
4099
4659
5407
3537
4591
4660
5408
4100
4499
4661
5409
3538
4101
4662
5410
3539
4592
4663
5411
4102
4500
4664
5412
3540
4103
4665
5413
4104
4501
4666
5414
4105
4502
4667
5415
3541
4106
4668
5416
3542
4593
4669
5417
3543
4594
4670
5418
3544
4107
4671
5419
3545
4108
4672
5420
3546
4109
4673
5421
3547
4595
4674
5422
3548
4596
4675
5423
4503
4597
4676
5424
3549
4110
4677
5425
4504
4598
4678
5426
4111
4505
4679
5427
3550
4599
4680
5428
3551
4112
4681
5429
4113
4506
4682
5430
3552
4114
4683
5431
4507
4600
4684
5432
3553
4115
4685
5433
3554
4116
4686
5434
3555
4117
4687
5435
3556
4118
4688
5436
3557
4119
4689
5437
3558
4120
4690
5438
3559
4121
4691
5439
4122
4508
4692
5440
4123
4509
4693
5441
4124
4510
4694
5442
4511
4601
4695
5443
3560
4125
4696
5444
4512
4602
4697
5445
3561
4126
4698
5446
3562
4603
4699
5447
3563
4127
4700
5448
3564
4128
4701
5449
3565
4129
4702
5450
3566
4604
4703
5451
4130
4513
4704
5452
3567
4605
4705
5453
3568
4131
4706
5454
4132
4514
4707
5455
3569
4606
4708
5456
3570
4607
4709
5457
3571
4133
4710
5458
3572
4608
4711
5459
4134
4515
4712
5460
3573
4135
4713
5461
4516
4609
4714
5462
3574
4136
4715
5463
4137
4517
4716
5464
3575
4138
4717
5465
4139
4518
4718
5466
3576
4610
4719
5467
3577
4140
4720
5468
3578
4141
4721
5469
3579
4142
4722
5470
3580
4143
4723
5471
3581
4144
4724
5472
3582
4145
4725
5473
3583
4146
4726
5474
3584
4147
4727
5475
3585
4148
4728
5476
3586
4149
4729
5477
3587
4150
4730
5478
3588
4151
4731
5479
3589
4152
4732
5480
3590
4153
4733
5481
3591
4154
4734
5482
2131
2256
2132
2257
2133
2258
2134
2259
2135
2260
2136
2261
2137
2262
2138
2263
2139
2264
2140
2265
2141
2266
2142
2267
2143
2268
2144
2269
2145
2270
2146
2271
2147
2022
2148
2023
2149
2024
2150
2025
2151
2026
2152
2027
2153
2028
2154
2029
2155
2030
2156
2031
2157
2032
2158
2033
2159
2034
2160
2035
2161
2036
2162
3592
4009
4735
5483
3593
4010
4736
5484
3594
4011
4737
5485
3595
4012
4738
5486
3596
4013
4739
5487
3597
4014
4740
5488
3598
4015
4741
5489
3599
4016
4742
5490
3600
4017
4743
5491
3601
4018
4744
5492
3602
4019
4745
5493
3603
4020
4746
5494
3604
4021
4747
5495
3605
4022
4748
5496
3606
4023
4749
5497
3607
4024
4750
5498
3608
4570
4751
5499
3609
4025
4752
5500
4026
4519
4753
5501
3610
4027
4754
5502
3611
4571
4755
5503
4028
4520
4756
5504
3612
4029
4757
5505
3613
4572
4758
5506
3614
4030
4759
5507
3615
4573
4760
5508
3616
4574
4761
5509
4031
4521
4762
5510
4032
4522
4763
5511
3617
4033
4764
5512
3618
4034
4765
5513
3619
4035
4766
5514
4036
4523
4767
5515
4037
4524
4768
5516
4038
4525
4769
5517
3620
4575
4770
5518
4039
4526
4771
5519
3621
4576
4772
5520
4527
4577
4773
5521
3622
4040
4774
5522
3623
4041
4775
5523
3624
4578
4776
5524
4042
4528
4777
5525
3625
4579
4778
5526
3626
4043
4779
5527
3627
4044
4780
5528
3628
4045
4781
5529
3629
4046
4782
5530
3630
4047
4783
5531
3631
4048
4784
5532
3632
4049
4785
5533
3633
4580
4786
5534
3634
4581
4787
5535
4529
4582
4788
5536
3635
4583
4789
5537
4050
4530
4790
5538
3636
4584
4791
5539
4051
4531
4792
5540
3637
4052
4793
5541
3638
4053
4794
5542
3639
4054
4795
5543
4055
4532
4796
5544
3640
4056
4797
5545
4533
4585
4798
5546
3641
4057
4799
5547
3642
4058
4800
5548
4534
4586
4801
5549
4059
4535
4802
5550
3643
4060
4803
5551
4061
4536
4804
5552
3644
4062
4805
5553
3645
4587
4806
5554
4063
4537
4807
5555
3646
4588
4808
5556
3647
4064
4809
5557
3648
4589
4810
5558
3649
4065
4811
5559
4538
4590
4812
5560
3650
4066
4813
5561
3651
4067
4814
5562
3652
4068
4815
5563
3653
4069
4816
5564
3654
4070
4817
5565
3655
4071
4818
5566
3656
4072
4819
5567
3657
4073
4820
5568
3658
4074
4821
5569
3659
4075
4822
5570
3660
4076
4823
5571
3661
4077
4824
5572
3662
4078
4825
5573
3663
4079
4826
5574
3664
4080
4827
5575
3665
4081
4828
5576
2131
2257
2132
2258
2133
2259
2134
2260
2135
2261
2136
2262
2137
2263
2138
2264
2139
2265
2140
2266
2141
2267
2142
2268
2143
2269
2144
2270
2145
2271
2272
2522
2273
2523
2274
2524
2275
2525
2276
2526
2277
2527
2278
2528
2279
2529
2280
2530
2281
2531
2282
2532
2283
2533
2284
2534
2285
2535
2286
2536
2287
2537
6138
3666
4326
5577
3667
4327
5578
3668
4328
5579
3669
4329
5580
3670
4330
5581
3671
4331
5582
3672
4332
5583
3673
4333
5584
3674
4334
5585
3675
4335
5586
3676
4336
5587
3677
4337
5588
3678
4338
5589
3679
4339
5590
3680
4340
5591
2303
2554
2304
2555
2305
2556
2306
2557
2307
2558
2308
2559
2309
2560
2310
2561
2311
2562
2312
2563
2313
2564
2314
2565
2315
2566
2316
2567
2317
2568
2318
2569
6154
3681
4342
4829
5592
3682
4343
4830
5593
3683
4344
4831
5594
3684
4345
4832
5595
3685
4346
4833
5596
3686
4347
4834
5597
3687
4348
4835
5598
3688
4349
4836
5599
3689
4350
4837
5600
3690
4351
4838
5601
3691
4352
4839
5602
3692
4353
4840
5603
3693
4354
4841
5604
3694
4355
4842
5605
3695
4356
4843
5606
3696
4341
5607
3697
4358
5608
3698
4359
5609
3699
4628
5610
4360
4539
5611
3700
4361
5612
3701
4629
5613
4362
4540
5614
3702
4363
5615
3703
4364
5616
3704
4365
5617
3705
4366
5618
3706
4630
5619
3707
4367
5620
3708
4368
5621
3709
4369
5622
3710
4370
5623
3711
4371
5624
3712
4372
5625
4373
4541
5626
3713
4374
5627
4375
4542
5628
3714
4376
5629
3715
4377
5630
3716
4378
5631
3717
4379
5632
3718
4380
5633
3719
4631
5634
3720
4381
5635
3721
4382
5636
3722
4383
5637
3723
4357
4844
5638
3724
4385
4845
5639
3725
4386
4846
5640
3726
4387
4847
5641
3727
4388
4848
5642
3728
4389
4849
5643
3729
4390
4850
5644
3730
4391
4851
5645
3731
4392
4852
5646
3732
4393
4853
5647
3733
4394
4854
5648
3734
4395
4855
5649
3735
4396
4856
5650
3736
4397
4857
5651
3737
4398
4858
5652
3738
4399
4859
5653
3739
4400
4860
5654
3740
4401
4861
5655
3741
4402
4862
5656
3742
4403
4863
5657
3743
4404
4864
5658
3744
4405
4865
5659
3745
4406
4866
5660
3746
4407
4867
5661
3747
4408
4868
5662
3748
4409
4869
5663
3749
4410
4870
5664
3750
4411
4871
5665
3751
4412
4872
5666
3752
4413
4873
5667
3753
4414
4874
5668
3754
4384
5669
3755
4416
5670
3756
4417
5671
3757
4418
5672
3758
4419
5673
3759
4420
5674
3760
4421
5675
3761
4422
5676
3762
4423
5677
3763
4424
5678
3764
4425
5679
3765
4426
5680
3766
4427
5681
3767
4428
5682
3768
4429
5683
3769
4632
5684
4430
4543
5685
3770
4431
5686
3771
4432
5687
3772
4433
5688
3773
4434
5689
3774
4435
5690
3775
4436
5691
3776
4437
5692
3777
4438
5693
3778
4439
5694
3779
4633
5695
3780
4440
5696
4441
4544
5697
3781
4442
5698
4443
4545
5699
3782
4415
4875
5700
3783
4444
4876
5701
3784
4445
4877
5702
3785
4446
4878
5703
4447
4546
4879
5704
4448
4547
4880
5705
4449
4548
4881
5706
4450
4549
4882
5707
4451
4550
4883
5708
4551
4635
4884
5709
3786
4452
4885
5710
3787
4453
4886
5711
3788
4454
4887
5712
3789
4636
4888
5713
3790
4455
4889
5714
3791
4456
4890
5715
3792
4457
4891
5716
3793
4458
4892
5717
4459
4552
4893
5718
3794
4460
4894
5719
3795
4637
4895
5720
4553
4638
4896
5721
3796
4461
4897
5722
3797
4462
4898
5723
3798
4639
4899
5724
4463
4554
4900
5725
4464
4555
4901
5726
3799
4640
4902
5727
3800
4465
4903
5728
3801
4466
4904
5729
3802
4641
4905
5730
3803
4634
5731
3804
4468
5732
3805
4469
5733
3806
4470
5734
3807
4471
5735
3808
4472
5736
3809
4473
5737
3810
4474
5738
3811
4475
5739
3812
4476
5740
3813
4477
5741
3814
4478
5742
3815
4479
5743
3816
4480
5744
3817
4481
5745
3818
4482
5746
2474
2725
2475
2726
2476
2727
2477
2728
2478
2729
2479
2730
2480
2731
2481
2732
2482
2733
2483
2734
2484
2735
2485
2736
2486
2737
2487
2738
2488
2739
2489
2740
3819
4467
4906
5747
3820
4483
4907
5748
3821
4484
4908
5749
3822
4485
4909
5750
3823
4486
4910
5751
3824
4487
4911
5752
3825
4488
4912
5753
3826
4489
4913
5754
3827
4490
4914
5755
3828
4491
4915
5756
3829
4492
4916
5757
3830
4493
4917
5758
3831
4494
4918
5759
3832
4495
4919
5760
3833
4496
4920
5761
3834
4497
4921
5762
2506
2756
2507
2757
2508
2758
2509
2759
2510
2760
2511
2761
2512
2762
2513
2763
2514
2764
2515
2765
2516
2766
2517
2767
2518
2768
2519
2769
2520
2770
2521
2771
2522
2272
2523
2273
2524
2274
2525
2275
2526
2276
2527
2277
2528
2278
2529
2279
2530
2280
2531
2281
2532
2282
2533
2283
2534
2284
2535
2285
2536
2286
2537
3835
4155
5763
3836
4156
5764
3837
4157
5765
3838
4158
5766
3839
4159
5767
3840
4160
5768
3841
4161
5769
3842
4162
5770
3843
4163
5771
3844
4164
5772
3845
4165
5773
3846
4166
5774
3847
4167
5775
3848
4168
5776
3849
4169
5777
3850
4170
5778
2554
2303
2555
2304
2556
2305
2557
2306
2558
2307
2559
2308
2560
2309
2561
2310
2562
2311
2563
2312
2564
2313
2565
2314
2566
2315
2567
2316
2568
2317
2569
3851
4171
4922
5779
3852
4172
4923
5780
3853
4173
4924
5781
3854
4174
4925
5782
3855
4175
4926
5783
3856
4176
4927
5784
3857
4177
4928
5785
3858
4178
4929
5786
3859
4179
4930
5787
3860
4180
4931
5788
3861
4181
4932
5789
3862
4182
4933
5790
3863
4183
4934
5791
3864
4184
4935
5792
3865
4185
4936
5793
3866
4186
4937
5794
3867
4187
5795
3868
4188
5796
4189
4556
5797
3869
4190
5798
3870
4611
5799
4191
4557
5800
3871
4192
5801
3872
4612
5802
3873
4193
5803
3874
4194
5804
3875
4195
5805
4196
4558
5806
3876
4197
5807
3877
4198
5808
3878
4199
5809
3879
4200
5810
3880
4201
5811
3881
4202
5812
3882
4203
5813
3883
4613
5814
3884
4204
5815
3885
4614
5816
3886
4205
5817
3887
4206
5818
3888
4207
5819
3889
4208
5820
4209
4559
5821
3890
4210
5822
3891
4211
5823
3892
4212
5824
3893
4213
5825
3894
4214
4938
5826
3895
4215
4939
5827
3896
4216
4940
5828
3897
4217
4941
5829
3898
4218
4942
5830
3899
4219
4943
5831
3900
4220
4944
5832
3901
4221
4945
5833
3902
4222
4946
5834
3903
4223
4947
5835
3904
4224
4948
5836
3905
4225
4949
5837
3906
4226
4950
5838
3907
4227
4951
5839
3908
4228
4952
5840
3909
4229
4953
5841
3910
4230
4954
5842
3911
4231
4955
5843
3912
4232
4956
5844
3913
4233
4957
5845
3914
4234
4958
5846
3915
4235
4959
5847
3916
4236
4960
5848
3917
4237
4961
5849
3918
4238
4962
5850
3919
4239
4963
5851
3920
4240
4964
5852
3921
4241
4965
5853
3922
4242
4966
5854
3923
4243
4967
5855
3924
4244
4968
5856
3925
4245
5857
3926
4246
5858
3927
4247
5859
3928
4248
5860
3929
4249
5861
3930
4250
5862
3931
4251
5863
3932
4252
5864
3933
4253
5865
3934
4254
5866
3935
4255
5867
3936
4256
5868
3937
4257
5869
3938
4258
5870
4259
4560
5871
3939
4260
5872
3940
4615
5873
3941
4261
5874
3942
4262
5875
3943
4263
5876
3944
4264
5877
3945
4265
5878
3946
4266
5879
3947
4267
5880
3948
4268
5881
4269
4561
5882
3949
4270
5883
3950
4271
5884
3951
4616
5885
3952
4272
5886
4562
4617
5887
3953
4273
4969
5888
3954
4274
4970
5889
3955
4275
4971
5890
3956
4276
4972
5891
3957
4618
4973
5892
3958
4619
4974
5893
3959
4620
4975
5894
3960
4621
4976
5895
4563
4622
4977
5896
3961
4623
4978
5897
3962
4277
4979
5898
3963
4278
4980
5899
4279
4564
4981
5900
3964
4280
4982
5901
3965
4281
4983
5902
3966
4282
4984
5903
3967
4283
4985
5904
3968
4284
4986
5905
3969
4624
4987
5906
4285
4565
4988
5907
4286
4566
4989
5908
3970
4625
4990
5909
3971
4287
4991
5910
4288
4567
4992
5911
3972
4289
4993
5912
3973
4626
4994
5913
4568
4627
4995
5914
3974
4290
4996
5915
3975
4291
4997
5916
4292
4569
4998
5917
3976
4293
4999
5918
3977
4294
5919
3978
4295
5920
3979
4296
5921
3980
4297
5922
3981
4298
5923
3982
4299
5924
3983
4300
5925
3984
4301
5926
3985
4302
5927
3986
4303
5928
3987
4304
5929
3988
4305
5930
3989
4306
5931
3990
4307
5932
3991
4308
5933
3992
4309
5934
2474
2726
2475
2727
2476
2728
2477
2729
2478
2730
2479
2731
2480
2732
2481
2733
2482
2734
2483
2735
2484
2736
2485
2737
2486
2738
2487
2739
2488
2740
3993
4310
5000
5935
3994
4311
5001
5936
3995
4312
5002
5937
3996
4313
5003
5938
3997
4314
5004
5939
3998
4315
5005
5940
3999
4316
5006
5941
4000
4317
5007
5942
4001
4318
5008
5943
4002
4319
5009
5944
4003
4320
5010
5945
4004
4321
5011
5946
4005
4322
5012
5947
4006
4323
5013
5948
4007
4324
5014
5949
4008
4325
5015
5950
2506
2757
2507
2758
2508
2759
2509
2760
2510
2761
2511
2762
2512
2763
2513
2764
2514
2765
2515
2766
2516
2767
2517
2768
2518
2769
2519
2770
2520
2771
4009
5016
5951
3520
4010
5017
5952
3521
4011
5018
5953
3522
4012
5019
5954
3523
4013
5020
5955
3524
4014
5021
5956
3525
4015
5022
5957
3526
4016
5023
5958
3527
4017
5024
5959
3528
4018
5025
5960
3529
4019
5026
5961
3530
4020
5027
5962
3531
4021
5028
5963
3532
4022
5029
5964
3533
4023
5030
5965
3534
4024
5031
5966
4498
4570
5032
5967
3535
4025
5033
5968
3536
4026
5034
5969
3537
4027
5035
5970
4499
4571
5036
5971
3538
4028
5037
5972
3539
4029
5038
5973
4500
4572
5039
5974
3540
4030
5040
5975
4501
4573
5041
5976
4502
4574
5042
5977
3541
4031
5043
5978
3542
4032
5044
5979
3543
4033
5045
5980
3544
4034
5046
5981
3545
4035
5047
5982
3546
4036
5048
5983
3547
4037
5049
5984
3548
4038
5050
5985
4503
4575
5051
5986
3549
4039
5052
5987
4504
4576
5053
5988
4505
4577
5054
5989
3550
4040
5055
5990
3551
4041
5056
5991
4506
4578
5057
5992
3552
4042
5058
5993
4507
4579
5059
5994
3553
4043
5060
5995
3554
4044
5061
5996
3555
4045
5062
5997
3556
4046
5063
5998
3557
4047
5064
5999
3558
4048
5065
6000
3559
4049
5066
6001
4508
4580
5067
6002
4509
4581
5068
6003
4510
4582
5069
6004
4511
4583
5070
6005
3560
4050
5071
6006
4512
4584
5072
6007
3561
4051
5073
6008
3562
4052
5074
6009
3563
4053
5075
6010
3564
4054
5076
6011
3565
4055
5077
6012
3566
4056
5078
6013
4513
4585
5079
6014
3567
4057
5080
6015
3568
4058
5081
6016
4514
4586
5082
6017
3569
4059
5083
6018
3570
4060
5084
6019
3571
4061
5085
6020
3572
4062
5086
6021
4515
4587
5087
6022
3573
4063
5088
6023
4516
4588
5089
6024
3574
4064
5090
6025
4517
4589
5091
6026
3575
4065
5092
6027
4518
4590
5093
6028
3576
4066
5094
6029
3577
4067
5095
6030
3578
4068
5096
6031
3579
4069
5097
6032
3580
4070
5098
6033
3581
4071
5099
6034
3582
4072
5100
6035
3583
4073
5101
6036
3584
4074
5102
6037
3585
4075
5103
6038
3586
4076
5104
6039
3587
4077
5105
6040
3588
4078
5106
6041
3589
4079
5107
6042
3590
4080
5108
6043
3591
4081
5109
6044
3592
4082
5110
6045
3593
4083
5111
6046
3594
4084
5112
6047
3595
4085
5113
6048
3596
4086
5114
6049
3597
4087
5115
6050
3598
4088
5116
6051
3599
4089
5117
6052
3600
4090
5118
6053
3601
4091
5119
6054
3602
4092
5120
6055
3603
4093
5121
6056
3604
4094
5122
6057
3605
4095
5123
6058
3606
4096
5124
6059
3607
4097
5125
6060
3608
4098
5126
6061
3609
4099
5127
6062
4519
4591
5128
6063
3610
4100
5129
6064
3611
4101
5130
6065
4520
4592
5131
6066
3612
4102
5132
6067
3613
4103
5133
6068
3614
4104
5134
6069
3615
4105
5135
6070
3616
4106
5136
6071
4521
4593
5137
6072
4522
4594
5138
6073
3617
4107
5139
6074
3618
4108
5140
6075
3619
4109
5141
6076
4523
4595
5142
6077
4524
4596
5143
6078
4525
4597
5144
6079
3620
4110
5145
6080
4526
4598
5146
6081
3621
4111
5147
6082
4527
4599
5148
6083
3622
4112
5149
6084
3623
4113
5150
6085
3624
4114
5151
6086
4528
4600
5152
6087
3625
4115
5153
6088
3626
4116
5154
6089
3627
4117
5155
6090
3628
4118
5156
6091
3629
4119
5157
6092
3630
4120
5158
6093
3631
4121
5159
6094
3632
4122
5160
6095
3633
4123
5161
6096
3634
4124
5162
6097
4529
4601
5163
6098
3635
4125
5164
6099
4530
4602
5165
6100
3636
4126
5166
6101
4531
4603
5167
6102
3637
4127
5168
6103
3638
4128
5169
6104
3639
4129
5170
6105
4532
4604
5171
6106
3640
4130
5172
6107
4533
4605
5173
6108
3641
4131
5174
6109
3642
4132
5175
6110
4534
4606
5176
6111
4535
4607
5177
6112
3643
4133
5178
6113
4536
4608
5179
6114
3644
4134
5180
6115
3645
4135
5181
6116
4537
4609
5182
6117
3646
4136
5183
6118
3647
4137
5184
6119
3648
4138
5185
6120
3649
4139
5186
6121
4538
4610
5187
6122
3650
4140
5188
6123
3651
4141
5189
6124
3652
4142
5190
6125
3653
4143
5191
6126
3654
4144
5192
6127
3655
4145
5193
6128
3656
4146
5194
6129
3657
4147
5195
6130
3658
4148
5196
6131
3659
4149
5197
6132
3660
4150
5198
6133
3661
4151
5199
6134
3662
4152
5200
6135
3663
4153
5201
6136
3664
4154
5202
6137
3665
7359
4155
6138
3666
4156
6139
3667
4157
6140
3668
4158
6141
3669
4159
6142
3670
4160
6143
3671
4161
6144
3672
4162
6145
3673
4163
6146
3674
4164
6147
3675
4165
6148
3676
4166
6149
3677
4167
6150
3678
4168
6151
3679
4169
6152
3680
4170
6153
4171
5203
6154
3681
4172
5204
6155
3682
4173
5205
6156
3683
4174
5206
6157
3684
4175
5207
6158
3685
4176
5208
6159
3686
4177
5209
6160
3687
4178
5210
6161
3688
4179
5211
6162
3689
4180
5212
6163
3690
4181
5213
6164
3691
4182
5214
6165
3692
4183
5215
6166
3693
4184
5216
6167
3694
4185
5217
6168
3695
4186
5218
6169
3696
4187
6170
3697
4188
6171
3698
4189
6172
3699
4190
6173
4539
4611
6174
3700
4191
6175
3701
4192
6176
4540
4612
6177
3702
4193
6178
3703
4194
6179
3704
4195
6180
3705
4196
6181
3706
4197
6182
3707
4198
6183
3708
4199
6184
3709
4200
6185
3710
4201
6186
3711
4202
6187
3712
4203
6188
4541
4613
6189
3713
4204
6190
4542
4614
6191
3714
4205
6192
3715
4206
6193
3716
4207
6194
3717
4208
6195
3718
4209
6196
3719
4210
6197
3720
4211
6198
3721
4212
6199
3722
4213
6200
3723
4214
5219
6201
3724
4215
5220
6202
3725
4216
5221
6203
3726
4217
5222
6204
3727
4218
5223
6205
3728
4219
5224
6206
3729
4220
5225
6207
3730
4221
5226
6208
3731
4222
5227
6209
3732
4223
5228
6210
3733
4224
5229
6211
3734
4225
5230
6212
3735
4226
5231
6213
3736
4227
5232
6214
3737
4228
5233
6215
3738
4229
5234
6216
3739
4230
5235
6217
3740
4231
5236
6218
3741
4232
5237
6219
3742
4233
5238
6220
3743
4234
5239
6221
3744
4235
5240
6222
3745
4236
5241
6223
3746
4237
5242
6224
3747
4238
5243
6225
3748
4239
5244
6226
3749
4240
5245
6227
3750
4241
5246
6228
3751
4242
5247
6229
3752
4243
5248
6230
3753
4244
5249
6231
3754
4245
6232
3755
4246
6233
3756
4247
6234
3757
4248
6235
3758
4249
6236
3759
4250
6237
3760
4251
6238
3761
4252
6239
3762
4253
6240
3763
4254
6241
3764
4255
6242
3765
4256
6243
3766
4257
6244
3767
4258
6245
3768
4259
6246
3769
4260
6247
4543
4615
6248
3770
4261
6249
3771
4262
6250
3772
4263
6251
3773
4264
6252
3774
4265
6253
3775
4266
6254
3776
4267
6255
3777
4268
6256
3778
4269
6257
3779
4270
6258
3780
4271
6259
4544
4616
6260
3781
4272
6261
4545
4617
6262
3782
4273
5250
6263
3783
4274
5251
6264
3784
4275
5252
6265
3785
4276
5253
6266
4546
4618
5254
6267
4547
4619
5255
6268
4548
4620
5256
6269
4549
4621
5257
6270
4550
4622
5258
6271
4551
4623
5259
6272
3786
4277
5260
6273
3787
4278
5261
6274
3788
4279
5262
6275
3789
4280
5263
6276
3790
4281
5264
6277
3791
4282
5265
6278
3792
4283
5266
6279
3793
4284
5267
6280
4552
4624
5268
6281
3794
4285
5269
6282
3795
4286
5270
6283
4553
4625
5271
6284
3796
4287
5272
6285
3797
4288
5273
6286
3798
4289
5274
6287
4554
4626
5275
6288
4555
4627
5276
6289
3799
4290
5277
6290
3800
4291
5278
6291
3801
4292
5279
6292
3802
4293
5280
6293
3803
4294
6294
3804
4295
6295
3805
4296
6296
3806
4297
6297
3807
4298
6298
3808
4299
6299
3809
4300
6300
3810
4301
6301
3811
4302
6302
3812
4303
6303
3813
4304
6304
3814
4305
6305
3815
4306
6306
3816
4307
6307
3817
4308
6308
3818
4309
6309
3819
4310
5281
6310
3820
4311
5282
6311
3821
4312
5283
6312
3822
4313
5284
6313
3823
4314
5285
6314
3824
4315
5286
6315
3825
4316
5287
6316
3826
4317
5288
6317
3827
4318
5289
6318
3828
4319
5290
6319
3829
4320
5291
6320
3830
4321
5292
6321
3831
4322
5293
6322
3832
4323
5294
6323
3833
4324
5295
6324
3834
4325
5296
6325
3835
4326
6326
3836
4327
6327
3837
4328
6328
3838
4329
6329
3839
4330
6330
3840
4331
6331
3841
4332
6332
3842
4333
6333
3843
4334
6334
3844
4335
6335
3845
4336
6336
3846
4337
6337
3847
4338
6338
3848
4339
6339
3849
4340
6340
3850
4341
6341
3851
4342
5297
6342
3852
4343
5298
6343
3853
4344
5299
6344
3854
4345
5300
6345
3855
4346
5301
6346
3856
4347
5302
6347
3857
4348
5303
6348
3858
4349
5304
6349
3859
4350
5305
6350
3860
4351
5306
6351
3861
4352
5307
6352
3862
4353
5308
6353
3863
4354
5309
6354
3864
4355
5310
6355
3865
4356
5311
6356
3866
4357
5312
6357
3867
4358
6358
3868
4359
6359
4556
4628
6360
3869
4360
6361
3870
4361
6362
4557
4629
6363
3871
4362
6364
3872
4363
6365
3873
4364
6366
3874
4365
6367
3875
4366
6368
4558
4630
6369
3876
4367
6370
3877
4368
6371
3878
4369
6372
3879
4370
6373
3880
4371
6374
3881
4372
6375
3882
4373
6376
3883
4374
6377
3884
4375
6378
3885
4376
6379
3886
4377
6380
3887
4378
6381
3888
4379
6382
3889
4380
6383
4559
4631
6384
3890
4381
6385
3891
4382
6386
3892
4383
6387
3893
4384
6388
3894
4385
5313
6389
3895
4386
5314
6390
3896
4387
5315
6391
3897
4388
5316
6392
3898
4389
5317
6393
3899
4390
5318
6394
3900
4391
5319
6395
3901
4392
5320
6396
3902
4393
5321
6397
3903
4394
5322
6398
3904
4395
5323
6399
3905
4396
5324
6400
3906
4397
5325
6401
3907
4398
5326
6402
3908
4399
5327
6403
3909
4400
5328
6404
3910
4401
5329
6405
3911
4402
5330
6406
3912
4403
5331
6407
3913
4404
5332
6408
3914
4405
5333
6409
3915
4406
5334
6410
3916
4407
5335
6411
3917
4408
5336
6412
3918
4409
5337
6413
3919
4410
5338
6414
3920
4411
5339
6415
3921
4412
5340
6416
3922
4413
5341
6417
3923
4414
5342
6418
3924
4415
5343
6419
3925
4416
6420
3926
4417
6421
3927
4418
6422
3928
4419
6423
3929
4420
6424
3930
4421
6425
3931
4422
6426
3932
4423
6427
3933
4424
6428
3934
4425
6429
3935
4426
6430
3936
4427
6431
3937
4428
6432
3938
4429
6433
4560
4632
6434
3939
4430
6435
3940
4431
6436
3941
4432
6437
3942
4433
6438
3943
4434
6439
3944
4435
6440
3945
4436
6441
3946
4437
6442
3947
4438
6443
3948
4439
6444
4561
4633
6445
3949
4440
6446
3950
4441
6447
3951
4442
6448
3952
4443
6449
4562
4634
6450
3953
4444
5344
6451
3954
4445
5345
6452
3955
4446
5346
6453
3956
4447
5347
6454
3957
4448
5348
6455
3958
4449
5349
6456
3959
4450
5350
6457
3960
4451
5351
6458
4563
4635
5352
6459
3961
4452
5353
6460
3962
4453
5354
6461
3963
4454
5355
6462
4564
4636
5356
6463
3964
4455
5357
6464
3965
4456
5358
6465
3966
4457
5359
6466
3967
4458
5360
6467
3968
4459
5361
6468
3969
4460
5362
6469
4565
4637
5363
6470
4566
4638
5364
6471
3970
4461
5365
6472
3971
4462
5366
6473
4567
4639
5367
6474
3972
4463
5368
6475
3973
4464
5369
6476
4568
4640
5370
6477
3974
4465
5371
6478
3975
4466
5372
6479
4569
4641
5373
6480
3976
4467
5374
6481
3977
4468
6482
3978
4469
6483
3979
4470
6484
3980
4471
6485
3981
4472
6486
3982
4473
6487
3983
4474
6488
3984
4475
6489
3985
4476
6490
3986
4477
6491
3987
4478
6492
3988
4479
6493
3989
4480
6494
3990
4481
6495
3991
4482
6496
3992
7680
3993
4483
5375
6497
3994
4484
5376
6498
3995
4485
5377
6499
3996
4486
5378
6500
3997
4487
5379
6501
3998
4488
5380
6502
3999
4489
5381
6503
4000
4490
5382
6504
4001
4491
5383
6505
4002
4492
5384
6506
4003
4493
5385
6507
4004
4494
5386
6508
4005
4495
5387
6509
4006
4496
5388
6510
4007
4497
5389
6511
4008
7696
6512
7360
6513
7361
6514
7362
6515
7363
6516
7364
6517
7365
6518
7366
6519
7367
6520
7368
6521
7369
6522
7370
6523
7371
6524
7372
6525
7373
6526
7374
6527
7390
6528
7391
6529
7392
6530
7393
8169
8280
6531
7394
6532
7395
8170
8281
6533
7396
6534
7397
6535
7398
6536
7399
6537
7400
6538
7401
6539
7402
6540
7403
6541
7404
6542
7405
6543
7406
8171
8282
6544
7407
8172
8283
6545
7408
6546
7409
6547
7410
6548
7411
6549
7412
6550
7413
6551
7414
6552
7415
6553
7416
6554
7447
6555
7448
6556
7449
6557
7450
6558
7451
6559
7452
6560
7453
6561
7454
6562
7455
6563
7456
6564
7457
6565
7458
6566
7459
6567
7460
6568
7461
6569
7462
8173
8284
6570
7463
6571
7464
6572
7465
6573
7466
6574
7467
6575
7468
6576
7469
6577
7470
6578
7471
6579
7472
6580
7473
8174
8285
6581
7474
8175
8286
6582
7494
6583
7495
6584
7496
6585
7497
6586
7498
6587
7499
6588
7500
6589
7501
6590
7502
6591
7503
6592
7504
6593
7505
6594
7506
6595
7507
6596
7508
6597
7509
6598
7526
6599
7527
6600
7528
6601
7529
6602
7530
6603
7531
6604
7532
6605
7533
6606
7534
6607
7535
6608
7536
6609
7537
6610
7538
6611
7539
6612
7540
6613
7541
6614
7558
6615
7559
8176
8297
6616
7560
6617
7561
8177
8298
6618
7562
6619
7563
6620
7564
6621
7565
6622
7566
8178
8299
6623
7567
6624
7568
6625
7569
6626
7570
6627
7571
6628
7572
6629
7573
6630
7574
6631
7575
6632
7576
6633
7577
6634
7578
6635
7579
6636
7580
8179
8300
6637
7581
6638
7582
6639
7583
6640
7584
6641
7613
6642
7614
6643
7615
6644
7616
6645
7617
6646
7618
6647
7619
6648
7620
6649
7621
6650
7622
6651
7623
6652
7624
6653
7625
6654
7626
8180
8301
6655
7627
6656
7628
6657
7629
6658
7630
6659
7631
6660
7632
6661
7633
6662
7634
6663
7635
6664
7636
8181
8302
6665
7637
6666
7638
6667
7639
6668
7640
8182
8303
6669
7665
6670
7666
6671
7667
6672
7668
6673
7669
6674
7670
6675
7671
6676
7672
6677
7673
6678
7674
6679
7675
6680
7676
6681
7677
6682
7678
6683
7679
6684
7680
6685
7214
6686
7215
6687
7216
6688
7217
6689
7218
6690
7219
6691
7220
6692
7221
6693
7222
6694
7223
6695
7224
6696
7225
6697
7226
6698
7227
6699
7228
6700
8239
6701
7229
6702
7230
6703
7231
6704
8240
6705
7232
6706
7233
6707
8241
6708
7234
6709
8242
6710
8243
6711
7235
6712
7236
6713
7237
6714
7238
6715
7239
6716
7240
6717
7241
6718
7242
6719
8244
6720
7243
6721
8245
8183
8246
6722
7244
6723
7245
6724
8247
6725
7246
6726
8248
6727
7247
6728
7248
6729
7249
6730
7250
6731
7251
6732
7252
6733
7253
6734
8249
8184
8250
8185
8251
6735
8252
6736
7254
8186
8253
6737
7255
6738
7256
6739
7257
6740
7258
6741
7259
6742
7260
6743
8254
6744
7261
6745
7262
8187
8255
6746
7263
6747
7264
6748
7265
6749
7266
8188
8256
6750
7267
6751
8257
6752
7268
6753
8258
6754
7269
6755
8259
6756
7270
6757
7271
6758
7272
6759
7273
6760
7274
6761
7275
6762
7276
6763
7277
6764
7278
6765
7279
6766
7280
6767
7281
6768
7282
6769
7283
6770
7284
6771
7285
6772
7286
6773
7287
6774
7288
6775
7289
6776
7290
6777
7291
6778
7292
6779
7293
6780
7294
6781
7295
6782
7296
6783
7297
6784
7298
6785
7299
6786
7300
6787
7301
6788
7302
6789
7303
6790
8260
6791
7304
6792
7305
6793
8261
6794
7306
6795
7307
6796
7308
6797
7309
6798
7310
6799
8262
6800
8263
6801
7311
6802
7312
6803
7313
6804
8264
8189
8265
6805
8266
6806
7314
8190
8267
6807
7315
8191
8268
6808
7316
6809
7317
6810
7318
6811
8269
6812
7319
6813
7320
6814
7321
6815
7322
6816
7323
6817
7324
6818
7325
6819
7326
6820
7327
6821
7328
6822
8270
6823
7329
6824
8271
6825
7330
6826
8272
6827
7331
6828
7332
6829
7333
6830
8273
6831
7334
6832
8274
6833
7335
6834
7336
6835
8275
6836
8276
6837
7337
6838
8277
6839
7338
6840
7339
6841
8278
6842
7340
6843
7341
6844
7342
6845
7343
6846
8279
6847
7344
6848
7345
6849
7346
6850
7347
6851
7348
6852
7349
6853
7350
6854
7351
6855
7352
6856
7353
6857
7354
6858
7355
6859
7356
6860
7357
6861
7358
6862
7359
6863
7831
6864
7832
6865
7833
6866
7834
6867
7835
6868
7836
6869
7837
6870
7838
6871
7839
6872
7840
6873
7841
6874
7842
6875
7843
6876
7844
6877
7845
6878
7846
6879
7863
6880
7864
6881
7865
6882
7866
8192
8351
6883
7867
6884
7868
8193
8352
6885
7869
6886
7870
6887
7871
6888
7872
6889
7873
6890
7874
6891
7875
6892
7876
6893
7877
6894
7878
6895
7879
8194
8353
6896
7880
8195
8354
6897
7881
6898
7882
6899
7883
6900
7884
6901
7885
6902
7886
6903
7887
6904
7888
6905
7889
6906
7920
6907
7921
6908
7922
6909
7923
6910
7924
6911
7925
6912
7926
6913
7927
6914
7928
6915
7929
6916
7930
6917
7931
6918
7932
6919
7933
6920
7934
6921
7935
8196
8355
6922
7936
6923
7937
6924
7938
6925
7939
6926
7940
6927
7941
6928
7942
6929
7943
6930
7944
6931
7945
6932
7946
8197
8356
6933
7947
8198
8357
6934
7967
6935
7968
6936
7969
6937
7970
6938
7971
6939
7972
6940
7973
6941
7974
6942
7975
6943
7976
6944
7977
6945
7978
6946
7979
6947
7980
6948
7981
6949
7982
6950
7999
6951
8000
6952
8001
6953
8002
6954
8003
6955
8004
6956
8005
6957
8006
6958
8007
6959
8008
6960
8009
6961
8010
6962
8011
6963
8012
6964
8013
6965
8014
6966
8031
6967
8032
8199
8368
6968
8033
6969
8034
8200
8369
6970
8035
6971
8036
6972
8037
6973
8038
6974
8039
8201
8370
6975
8040
6976
8041
6977
8042
6978
8043
6979
8044
6980
8045
6981
8046
6982
8047
6983
8048
6984
8049
6985
8050
6986
8051
6987
8052
6988
8053
8202
8371
6989
8054
6990
8055
6991
8056
6992
8057
6993
8086
6994
8087
6995
8088
6996
8089
6997
8090
6998
8091
6999
8092
7000
8093
7001
8094
7002
8095
7003
8096
7004
8097
7005
8098
7006
8099
8203
8372
7007
8100
7008
8101
7009
8102
7010
8103
7011
8104
7012
8105
7013
8106
7014
8107
7015
8108
7016
8109
8204
8373
7017
8110
7018
8111
7019
8112
7020
8113
8205
8374
7021
8138
7022
8139
7023
8140
7024
8141
7025
8142
7026
8143
7027
8144
7028
8145
7029
8146
7030
8147
7031
8148
7032
8149
7033
8150
7034
8151
7035
8152
7036
7697
7037
7698
7038
7699
7039
7700
7040
7701
7041
7702
7042
7703
7043
7704
7044
7705
7045
7706
7046
7707
7047
7708
7048
7709
7049
7710
7050
7711
7051
7712
7052
8311
7053
7713
7054
7714
7055
7715
7056
8312
7057
7716
7058
7717
7059
8313
7060
7718
7061
8314
7062
8315
7063
7719
7064
8221
7065
7720
7066
7721
7067
7722
7068
8222
7069
7723
7070
8223
7071
8316
7072
7724
7073
8317
8206
8318
7074
7725
7075
7726
7076
8319
7077
7727
7078
8320
7079
7728
7080
7729
7081
7730
7082
7731
7083
7732
7084
7733
7085
7734
7086
8321
8207
8322
8208
8323
7087
8324
7088
8224
8209
8325
7089
8225
7090
7735
7091
7736
7092
7737
7093
7738
7094
7739
7095
8326
7096
7740
7097
7741
8210
8327
7098
8226
7099
7742
7100
8227
7101
7743
8211
8328
7102
7744
7103
8329
7104
7745
7105
8330
7106
7746
7107
8331
7108
7747
7109
7748
7110
7749
7111
7750
7112
7751
7113
7752
7114
7753
7115
7754
7116
7755
7117
7756
7118
7757
7119
7758
7120
7759
7121
7760
7122
7761
7123
7762
7124
7763
7125
7764
7126
7765
7127
7766
7128
7767
7129
7768
7130
7769
7131
7770
7132
7771
7133
7772
7134
7773
7135
7774
7136
7775
7137
7776
7138
7777
7139
8228
7140
7778
7141
7779
7142
8332
7143
7780
7144
7781
7145
8333
7146
7782
7147
7783
7148
8229
7149
8230
7150
7784
7151
8334
7152
8335
7153
7785
7154
7786
7155
7787
7156
8336
8212
8337
7157
8338
7158
7788
8213
8339
7159
7789
8214
8340
7160
7790
7161
8231
7162
7791
7163
8341
7164
7792
7165
7793
7166
7794
7167
7795
7168
7796
7169
7797
7170
7798
7171
8232
7172
7799
7173
7800
7174
8168
7175
7801
7176
8342
7177
7802
7178
8343
7179
7803
7180
7804
7181
7805
7182
8344
7183
7806
7184
8345
7185
7807
7186
7808
7187
8346
7188
8347
7189
7809
7190
8348
7191
7810
7192
7811
7193
8349
7194
7812
7195
7813
7196
7814
7197
7815
7198
8350
7199
7816
7200
7817
7201
7818
7202
7819
7203
7820
7204
7821
7205
7822
7206
7823
7207
7824
7208
7825
7209
7826
7210
7827
7211
7828
7212
7829
7213
7830
6512
7214
6513
7215
6514
7216
6515
7217
6516
7218
6517
7219
6518
7220
6519
7221
6520
7222
6521
7223
6522
7224
6523
7225
6524
7226
6525
7227
6526
7228
6528
7229
6529
7230
6530
7231
6531
7232
6532
7233
6533
7234
6536
7235
6537
7236
6538
7237
6539
7238
6540
7239
6541
7240
6542
7241
6543
7242
6544
7243
6546
7244
6547
7245
6549
7246
6551
7247
6552
7248
6553
7249
6554
7250
6555
7251
6556
7252
6557
7253
6562
7254
6564
7255
6565
7256
6566
7257
6567
7258
6568
7259
6569
7260
6570
7261
6571
7262
6573
7263
6574
7264
6575
7265
6576
7266
6578
7267
6580
7268
6581
7269
6582
7270
6583
7271
6584
7272
6585
7273
6586
7274
6587
7275
6588
7276
6589
7277
6590
7278
6591
7279
6592
7280
6593
7281
6594
7282
6595
7283
6596
7284
6597
7285
6598
7286
6599
7287
6600
7288
6601
7289
6602
7290
6603
7291
6604
7292
6605
7293
6606
7294
6607
7295
6608
7296
6609
7297
6610
7298
6611
7299
6612
7300
6613
7301
6614
7302
6615
7303
6616
7304
6617
7305
6618
7306
6619
7307
6620
7308
6621
7309
6622
7310
6624
7311
6625
7312
6626
7313
6630
7314
6632
7315
6634
7316
6635
7317
6636
7318
6637
7319
6638
7320
6639
7321
6640
7322
6641
7323
6642
7324
6643
7325
6644
7326
6645
7327
6646
7328
6648
7329
6650
7330
6652
7331
6653
7332
6654
7333
6655
7334
6657
7335
6658
7336
6661
7337
6663
7338
6664
7339
6665
7340
6666
7341
6667
7342
6668
7343
6669
7344
6670
7345
6671
7346
6672
7347
6673
7348
6674
7349
6675
7350
6676
7351
6677
7352
6678
7353
6679
7354
6680
7355
6681
7356
6682
7357
6683
7358
6684
7359
7360
7361
7362
7363
7364
7365
7366
7367
7368
7369
7370
7371
7372
7373
7374
6685
7375
6686
7376
6687
7377
6688
7378
6689
7379
6690
7380
6691
7381
6692
7382
6693
7383
6694
7384
6695
7385
6696
7386
6697
7387
6698
7388
6699
7389
7390
7391
7392
7393
7394
7395
7396
7397
7398
7399
7400
7401
7402
7403
7404
7405
7406
7407
7408
7409
7410
7411
7412
7413
7414
7415
7416
6700
7417
6701
7418
6702
7419
6703
7420
6704
7421
6705
7422
6706
7423
6707
7424
6708
7425
6709
7426
6710
7427
6711
7428
6712
7429
6713
7430
6714
7431
6715
7432
6716
7433
6717
7434
6718
7435
6719
7436
6720
7437
6721
7438
8183
8215
6722
7439
6723
7440
6724
7441
6725
7442
6726
7443
6727
7444
6728
7445
6729
7446
7447
7448
7449
7450
7451
7452
7453
7454
7455
7456
7457
7458
7459
7460
7461
7462
7463
7464
7465
7466
7467
7468
7469
7470
7471
7472
7473
7474
6730
7475
6731
7476
6732
7477
6733
7478
6737
7479
6738
7480
6739
7481
6740
7482
6741
7483
6742
7484
6743
7485
6744
7486
8187
8216
6746
7487
6748
7488
6749
7489
8188
8217
6752
7490
6753
7491
6754
7492
6755
7493
7494
7495
7496
7497
7498
7499
7500
7501
7502
7503
7504
7505
7506
7507
7508
7509
6756
7510
6757
7511
6758
7512
6759
7513
6760
7514
6761
7515
6762
7516
6763
7517
6764
7518
6765
7519
6766
7520
6767
7521
6768
7522
6769
7523
6770
7524
6771
7525
7526
7527
7528
7529
7530
7531
7532
7533
7534
7535
7536
7537
7538
7539
7540
7541
6772
7542
6773
7543
6774
7544
6775
7545
6776
7546
6777
7547
6778
7548
6779
7549
6780
7550
6781
7551
6782
7552
6783
7553
6784
7554
6785
7555
6786
7556
6787
7557
7558
7559
7560
7561
7562
7563
7564
7565
7566
7567
7568
7569
7570
7571
7572
7573
7574
7575
7576
7577
7578
7579
7580
7581
7582
7583
7584
6788
7585
6789
7586
6790
7587
6791
7588
6792
7589
6793
7590
6794
7591
6795
7592
6796
7593
6797
7594
6798
7595
6799
7596
6800
7597
6801
7598
6802
7599
6803
7600
6804
7601
8189
8218
6805
7602
6806
7603
8190
8219
6807
7604
8191
8220
6808
7605
6809
7606
6810
7607
6811
7608
6812
7609
6813
7610
6814
7611
6815
7612
7613
7614
7615
7616
7617
7618
7619
7620
7621
7622
7623
7624
7625
7626
7627
7628
7629
7630
7631
7632
7633
7634
7635
7636
7637
7638
7639
7640
6816
7641
6817
7642
6818
7643
6819
7644
6820
7645
6821
7646
6822
7647
6823
7648
6825
7649
6826
7650
6827
7651
6829
7652
6830
7653
6831
7654
6832
7655
6833
7656
6834
7657
6837
7658
6838
7659
6840
7660
6841
7661
6843
7662
6844
7663
6846
7664
7665
7666
7667
7668
7669
7670
7671
7672
7673
7674
7675
7676
7677
7678
7679
7680
6847
7681
6848
7682
6849
7683
6850
7684
6851
7685
6852
7686
6853
7687
6854
7688
6855
7689
6856
7690
6857
7691
6858
7692
6859
7693
6860
7694
6861
7695
6862
7696
6863
7697
6864
7698
6865
7699
6866
7700
6867
7701
6868
7702
6869
7703
6870
7704
6871
7705
6872
7706
6873
7707
6874
7708
6875
7709
6876
7710
6877
7711
6878
7712
6880
7713
6881
7714
6882
7715
6883
7716
6884
7717
6885
7718
6888
7719
6889
8221
6890
7720
6891
7721
6892
7722
6893
8222
6894
7723
6895
8223
6896
7724
6898
7725
6899
7726
6901
7727
6903
7728
6904
7729
6905
7730
6906
7731
6907
7732
6908
7733
6909
7734
6914
8224
6916
8225
6917
7735
6918
7736
6919
7737
6920
7738
6921
7739
6922
7740
6923
7741
6925
8226
6926
7742
6927
8227
6928
7743
6930
7744
6932
7745
6933
7746
6934
7747
6935
7748
6936
7749
6937
7750
6938
7751
6939
7752
6940
7753
6941
7754
6942
7755
6943
7756
6944
7757
6945
7758
6946
7759
6947
7760
6948
7761
6949
7762
6950
7763
6951
7764
6952
7765
6953
7766
6954
7767
6955
7768
6956
7769
6957
7770
6958
7771
6959
7772
6960
7773
6961
7774
6962
7775
6963
7776
6964
7777
6965
8228
6966
7778
6967
7779
6968
7780
6969
7781
6970
7782
6971
7783
6972
8229
6973
8230
6974
7784
6976
7785
6977
7786
6978
7787
6982
7788
6984
7789
6986
7790
6987
8231
6988
7791
6989
7792
6990
7793
6991
7794
6992
7795
6993
7796
6994
7797
6995
7798
6996
8232
6997
7799
6998
7800
7000
7801
7002
7802
7004
7803
7005
7804
7006
7805
7007
7806
7009
7807
7010
7808
7013
7809
7015
7810
7016
7811
7017
7812
7018
7813
7019
7814
7020
7815
7021
7816
7022
7817
7023
7818
7024
7819
7025
7820
7026
7821
7027
7822
7028
7823
7029
7824
7030
7825
7031
7826
7032
7827
7033
7828
7034
7829
7035
7830
7831
7832
7833
7834
7835
7836
7837
7838
7839
7840
7841
7842
7843
7844
7845
7846
7036
7847
7037
7848
7038
7849
7039
7850
7040
7851
7041
7852
7042
7853
7043
7854
7044
7855
7045
7856
7046
7857
7047
7858
7048
7859
7049
7860
7050
7861
7051
7862
7863
7864
7865
7866
7867
7868
7869
7870
7871
7872
7873
7874
7875
7876
7877
7878
7879
7880
7881
7882
7883
7884
7885
7886
7887
7888
7889
7052
7890
7053
7891
7054
7892
7055
7893
7056
7894
7057
7895
7058
7896
7059
7897
7060
7898
7061
7899
7062
7900
7063
7901
7064
7902
7065
7903
7066
7904
7067
7905
7068
7906
7069
7907
7070
7908
7071
7909
7072
7910
7073
7911
8206
8233
7074
7912
7075
7913
7076
7914
7077
7915
7078
7916
7079
7917
7080
7918
7081
7919
7920
7921
7922
7923
7924
7925
7926
7927
7928
7929
7930
7931
7932
7933
7934
7935
7936
7937
7938
7939
7940
7941
7942
7943
7944
7945
7946
7947
7082
7948
7083
7949
7084
7950
7085
7951
7089
7952
7090
7953
7091
7954
7092
7955
7093
7956
7094
7957
7095
7958
7096
7959
8210
8234
7098
7960
7100
7961
7101
7962
8211
8235
7104
7963
7105
7964
7106
7965
7107
7966
7967
7968
7969
7970
7971
7972
7973
7974
7975
7976
7977
7978
7979
7980
7981
7982
7108
7983
7109
7984
7110
7985
7111
7986
7112
7987
7113
7988
7114
7989
7115
7990
7116
7991
7117
7992
7118
7993
7119
7994
7120
7995
7121
7996
7122
7997
7123
7998
7999
8000
8001
8002
8003
8004
8005
8006
8007
8008
8009
8010
8011
8012
8013
8014
7124
8015
7125
8016
7126
8017
7127
8018
7128
8019
7129
8020
7130
8021
7131
8022
7132
8023
7133
8024
7134
8025
7135
8026
7136
8027
7137
8028
7138
8029
7139
8030
8031
8032
8033
8034
8035
8036
8037
8038
8039
8040
8041
8042
8043
8044
8045
8046
8047
8048
8049
8050
8051
8052
8053
8054
8055
8056
8057
7140
8058
7141
8059
7142
8060
7143
8061
7144
8062
7145
8063
7146
8064
7147
8065
7148
8066
7149
8067
7150
8068
7151
8069
7152
8070
7153
8071
7154
8072
7155
8073
7156
8074
8212
8236
7157
8075
7158
8076
8213
8237
7159
8077
8214
8238
7160
8078
7161
8079
7162
8080
7163
8081
7164
8082
7165
8083
7166
8084
7167
8085
8086
8087
8088
8089
8090
8091
8092
8093
8094
8095
8096
8097
8098
8099
8100
8101
8102
8103
8104
8105
8106
8107
8108
8109
8110
8111
8112
8113
7168
8114
7169
8115
7170
8116
7171
8117
7172
8118
7173
8119
7174
8120
7175
8121
7177
8122
7178
8123
7179
8124
7181
8125
7182
8126
7183
8127
7184
8128
7185
8129
7186
8130
7189
8131
7190
8132
7192
8133
7193
8134
7195
8135
7196
8136
7198
8137
8138
8139
8140
8141
8142
8143
8144
8145
8146
8147
8148
8149
8150
8151
8152
7199
8153
7200
8154
7201
8155
7202
8156
7203
8157
7204
8158
7205
8159
7206
8160
7207
8161
7208
8162
7209
8163
7210
8164
7211
8165
7212
8166
7213
8167
6527
8239
8169
8240
8170
8241
6534
8242
6535
8243
8171
8244
8172
8245
6545
8246
6548
8247
6550
8248
6558
8249
6559
8250
6560
8251
6561
8252
6563
8253
8173
8254
6572
8255
6577
8256
6579
8257
8174
8258
8175
8259
8176
8260
8177
8261
8178
8262
6623
8263
6627
8264
6628
8265
6629
8266
6631
8267
6633
8268
8179
8269
6647
8270
6649
8271
6651
8272
8180
8273
6656
8274
6659
8275
6660
8276
6662
8277
8181
8278
8182
8279
8280
8281
8282
8283
8284
8285
8286
6734
8287
8184
8288
8185
8289
6735
8290
6736
8291
8186
8292
6745
8293
6747
8294
6750
8295
6751
8296
8297
8298
8299
8300
8301
8302
8303
6824
8304
6828
8305
6835
8306
6836
8307
6839
8308
6842
8309
6845
8310
6879
8311
8192
8312
8193
8313
6886
8314
6887
8315
8194
8316
8195
8317
6897
8318
6900
8319
6902
8320
6910
8321
6911
8322
6912
8323
6913
8324
6915
8325
8196
8326
6924
8327
6929
8328
6931
8329
8197
8330
8198
8331
8199
8332
8200
8333
8201
8334
6975
8335
6979
8336
6980
8337
6981
8338
6983
8339
6985
8340
8202
8341
6999
8168
7001
8342
7003
8343
8203
8344
7008
8345
7011
8346
7012
8347
7014
8348
8204
8349
8205
8350
8351
8352
8353
8354
8355
8356
8357
7086
8358
8207
8359
8208
8360
7087
8361
7088
8362
8209
8363
7097
8364
7099
8365
7102
8366
7103
8367
8368
8369
8370
8371
8372
8373
8374
7176
8375
7180
8376
7187
8377
7188
8378
7191
8379
7194
8380
7197
8381
6512
6950
6513
6951
6514
6952
6515
6953
6516
6954
6517
6955
6518
6956
6519
6957
6520
6958
6521
6959
6522
6960
6523
6961
6524
6962
6525
6963
6526
6964
6527
6965
6528
6966
6529
6967
6530
8199
6968
8169
6531
6969
6532
8200
6970
8170
6533
6971
6534
6972
6535
6973
6536
6974
6537
8201
6538
6975
6539
6976
6540
6977
6541
6978
6542
6979
6543
6980
6981
8171
6544
6982
6983
8172
6545
6984
6546
6985
6547
6986
6548
6987
6549
6988
6550
8202
6551
6989
6552
6990
6553
6991
6554
6992
6555
6993
6556
6994
6557
6995
6558
6996
6559
6997
6560
6998
6561
6999
6562
7000
6563
7001
6564
7002
6565
7003
6566
7004
6567
7005
6568
7006
6569
8203
7007
8173
6570
7008
6571
7009
6572
7010
6573
7011
6574
7012
6575
7013
6576
7014
6577
7015
6578
7016
6579
8204
6580
7017
7018
8174
6581
7019
7020
8175
6582
8205
6583
7021
6584
7022
6585
7023
6586
7024
6587
7025
6588
7026
6589
7027
6590
7028
6591
7029
6592
7030
6593
7031
6594
7032
6595
7033
6596
7034
6597
7035
6598
6863
6599
6864
6600
6865
6601
6866
6602
6867
6603
6868
6604
6869
6605
6870
6606
6871
6607
6872
6608
6873
6609
6874
6610
6875
6611
6876
6612
6877
6613
6878
6614
6879
6615
6880
6881
8176
6616
6882
6617
8192
6883
8177
6618
6884
6619
8193
6620
6885
6621
6886
6622
6887
6888
8178
6623
6889
6624
6890
6625
6891
6626
6892
6627
6893
6628
6894
6629
6895
6630
8194
6631
6896
6632
8195
6633
6897
6634
6898
6635
6899
6636
6900
6901
8179
6637
6902
6638
6903
6639
6904
6640
6905
6641
6906
6642
6907
6643
6908
6644
6909
6645
6910
6646
6911
6647
6912
6648
6913
6649
6914
6650
6915
6651
6916
6652
6917
6653
6918
6654
6919
6920
8180
6655
6921
6656
8196
6657
6922
6658
6923
6659
6924
6660
6925
6661
6926
6662
6927
6663
6928
6664
6929
6930
8181
6665
6931
6666
6932
6667
8197
6668
6933
8182
8198
6669
6934
6670
6935
6671
6936
6672
6937
6673
6938
6674
6939
6675
6940
6676
6941
6677
6942
6678
6943
6679
6944
6680
6945
6681
6946
6682
6947
6683
6948
6684
6949
6685
7124
6686
7125
6687
7126
6688
7127
6689
7128
6690
7129
6691
7130
6692
7131
6693
7132
6694
7133
6695
7134
6696
7135
6697
7136
6698
7137
6699
7138
6700
7139
6701
7140
6702
7141
6703
7142
6704
7143
6705
7144
6706
7145
6707
7146
6708
7147
6709
7148
6710
7149
6711
7150
6712
7151
6713
7152
6714
7153
6715
7154
6716
7155
6717
7156
6718
8212
6719
7157
6720
7158
6721
8213
7159
8183
6722
8214
6723
7160
6724
7161
6725
7162
6726
7163
6727
7164
6728
7165
6729
7166
6730
7167
6731
7168
6732
7169
6733
7170
6734
7171
7172
8184
7173
8185
6735
7174
6736
7175
7176
8186
6737
7177
6738
7178
6739
7179
6740
7180
6741
7181
6742
7182
6743
7183
6744
7184
6745
7185
7186
8187
6746
7187
6747
7188
6748
7189
6749
7190
7191
8188
6750
7192
6751
7193
6752
7194
6753
7195
6754
7196
6755
7197
6756
7198
6757
7199
6758
7200
6759
7201
6760
7202
6761
7203
6762
7204
6763
7205
6764
7206
6765
7207
6766
7208
6767
7209
6768
7210
6769
7211
6770
7212
6771
7213
6772
7036
6773
7037
6774
7038
6775
7039
6776
7040
6777
7041
6778
7042
6779
7043
6780
7044
6781
7045
6782
7046
6783
7047
6784
7048
6785
7049
6786
7050
6787
7051
6788
7052
6789
7053
6790
7054
6791
7055
6792
7056
6793
7057
6794
7058
6795
7059
6796
7060
6797
7061
6798
7062
6799
7063
6800
7064
6801
7065
6802
7066
6803
7067
6804
7068
7069
8189
6805
7070
6806
7071
7072
8190
6807
7073
8191
8206
6808
7074
6809
7075
6810
7076
6811
7077
6812
7078
6813
7079
6814
7080
6815
7081
6816
7082
6817
7083
6818
7084
6819
7085
6820
7086
6821
8207
6822
8208
6823
7087
6824
7088
6825
8209
6826
7089
6827
7090
6828
7091
6829
7092
6830
7093
6831
7094
6832
7095
6833
7096
6834
7097
6835
8210
6836
7098
6837
7099
6838
7100
6839
7101
6840
8211
6841
7102
6842
7103
6843
7104
6844
7105
6845
7106
6846
7107
6847
7108
6848
7109
6849
7110
6850
7111
6851
7112
6852
7113
6853
7114
6854
7115
6855
7116
6856
7117
6857
7118
6858
7119
6859
7120
6860
7121
6861
7122
6862
7123
6863
6512
6864
6513
6865
6514
6866
6515
6867
6516
6868
6517
6869
6518
6870
6519
6871
6520
6872
6521
6873
6522
6874
6523
6875
6524
6876
6525
6877
6526
6878
6527
6879
6528
6880
6529
6881
6530
6882
8169
8192
6531
6883
6532
6884
8170
8193
6533
6885
6534
6886
6535
6887
6536
6888
6537
6889
6538
6890
6539
6891
6540
6892
6541
6893
6542
6894
6543
6895
8171
8194
6544
6896
8172
8195
6545
6897
6546
6898
6547
6899
6548
6900
6549
6901
6550
6902
6551
6903
6552
6904
6553
6905
6554
6906
6555
6907
6556
6908
6557
6909
6558
6910
6559
6911
6560
6912
6561
6913
6562
6914
6563
6915
6564
6916
6565
6917
6566
6918
6567
6919
6568
6920
6569
6921
8173
8196
6570
6922
6571
6923
6572
6924
6573
6925
6574
6926
6575
6927
6576
6928
6577
6929
6578
6930
6579
6931
6580
6932
8174
8197
6581
6933
8175
8198
6582
6934
6583
6935
6584
6936
6585
6937
6586
6938
6587
6939
6588
6940
6589
6941
6590
6942
6591
6943
6592
6944
6593
6945
6594
6946
6595
6947
6596
6948
6597
6949
6598
6950
6599
6951
6600
6952
6601
6953
6602
6954
6603
6955
6604
6956
6605
6957
6606
6958
6607
6959
6608
6960
6609
6961
6610
6962
6611
6963
6612
6964
6613
6965
6614
6966
6615
6967
8176
8199
6616
6968
6617
6969
8177
8200
6618
6970
6619
6971
6620
6972
6621
6973
6622
6974
8178
8201
6623
6975
6624
6976
6625
6977
6626
6978
6627
6979
6628
6980
6629
6981
6630
6982
6631
6983
6632
6984
6633
6985
6634
6986
6635
6987
6636
6988
8179
8202
6637
6989
6638
6990
6639
6991
6640
6992
6641
6993
6642
6994
6643
6995
6644
6996
6645
6997
6646
6998
6647
6999
6648
7000
6649
7001
6650
7002
6651
7003
6652
7004
6653
7005
6654
7006
8180
8203
6655
7007
6656
7008
6657
7009
6658
7010
6659
7011
6660
7012
6661
7013
6662
7014
6663
7015
6664
7016
8181
8204
6665
7017
6666
7018
6667
7019
6668
7020
8182
8205
6669
7021
6670
7022
6671
7023
6672
7024
6673
7025
6674
7026
6675
7027
6676
7028
6677
7029
6678
7030
6679
7031
6680
7032
6681
7033
6682
7034
6683
7035
7036
6685
7037
6686
7038
6687
7039
6688
7040
6689
7041
6690
7042
6691
7043
6692
7044
6693
7045
6694
7046
6695
7047
6696
7048
6697
7049
6698
7050
6699
7051
6700
7052
6701
7053
6702
7054
6703
7055
6704
7056
6705
7057
6706
7058
6707
7059
6708
7060
6709
7061
6710
7062
6711
7063
6712
7064
6713
7065
6714
7066
6715
7067
6716
7068
6717
7069
6718
7070
6719
7071
6720
7072
6721
7073
8183
8206
6722
7074
6723
7075
6724
7076
6725
7077
6726
7078
6727
7079
6728
7080
6729
7081
6730
7082
6731
7083
6732
7084
6733
7085
6734
7086
8184
8207
8185
8208
6735
7087
6736
7088
8186
8209
6737
7089
6738
7090
6739
7091
6740
7092
6741
7093
6742
7094
6743
7095
6744
7096
6745
7097
8187
8210
6746
7098
6747
7099
6748
7100
6749
7101
8188
8211
6750
7102
6751
7103
6752
7104
6753
7105
6754
7106
6755
7107
6756
7108
6757
7109
6758
7110
6759
7111
6760
7112
6761
7113
6762
7114
6763
7115
6764
7116
6765
7117
6766
7118
6767
7119
6768
7120
6769
7121
6770
7122
6771
7123
6772
7124
6773
7125
6774
7126
6775
7127
6776
7128
6777
7129
6778
7130
6779
7131
6780
7132
6781
7133
6782
7134
6783
7135
6784
7136
6785
7137
6786
7138
6787
7139
6788
7140
6789
7141
6790
7142
6791
7143
6792
7144
6793
7145
6794
7146
6795
7147
6796
7148
6797
7149
6798
7150
6799
7151
6800
7152
6801
7153
6802
7154
6803
7155
6804
7156
8189
8212
6805
7157
6806
7158
8190
8213
6807
7159
8191
8214
6808
7160
6809
7161
6810
7162
6811
7163
6812
7164
6813
7165
6814
7166
6815
7167
6816
7168
6817
7169
6818
7170
6819
7171
6820
7172
6821
7173
6822
7174
6823
7175
6824
7176
6825
7177
6826
7178
6827
7179
6828
7180
6829
7181
6830
7182
6831
7183
6832
7184
6833
7185
6834
7186
6835
7187
6836
7188
6837
7189
6838
7190
6839
7191
6840
7192
6841
7193
6842
7194
6843
7195
6844
7196
6845
7197
6846
7198
6847
7199
6848
7200
6849
7201
6850
7202
6851
7203
6852
7204
6853
7205
6854
7206
6855
7207
6856
7208
6857
7209
6858
7210
6859
7211
6860
7212
6861
7213
7214
7763
7215
7764
7216
7765
7217
7766
7218
7767
7219
7768
7220
7769
7221
7770
7222
7771
7223
7772
7224
7773
7225
7774
7226
7775
7227
7776
7228
7777
8228
8239
7229
7778
7230
7779
7231
8332
7780
8240
7232
7781
7233
8333
7782
8241
7234
7783
8229
8242
8230
8243
7235
7784
7236
8334
7237
8335
7238
7785
7239
7786
7240
7787
7241
8336
7242
8337
8244
8338
7243
7788
8245
8339
7789
8246
7244
8340
7245
7790
8231
8247
7246
7791
8248
8341
7247
7792
7248
7793
7249
7794
7250
7795
7251
7796
7252
7797
7253
7798
8232
8249
7799
8250
7800
8251
8168
8252
7254
7801
8253
8342
7255
7802
7256
8343
7257
7803
7258
7804
7259
7805
7260
8344
7806
8254
7261
8345
7262
7807
7808
8255
7263
8346
7264
8347
7265
7809
7266
8348
7810
8256
7267
7811
8257
8349
7268
7812
7813
8258
7269
7814
7815
8259
7270
8350
7271
7816
7272
7817
7273
7818
7274
7819
7275
7820
7276
7821
7277
7822
7278
7823
7279
7824
7280
7825
7281
7826
7282
7827
7283
7828
7284
7829
7285
7830
7286
7697
7287
7698
7288
7699
7289
7700
7290
7701
7291
7702
7292
7703
7293
7704
7294
7705
7295
7706
7296
7707
7297
7708
7298
7709
7299
7710
7300
7711
7301
7712
7302
8311
7303
7713
7714
8260
7304
7715
7305
8312
7716
8261
7306
7717
7307
8313
7308
7718
7309
8314
7310
8315
7719
8262
8221
8263
7311
7720
7312
7721
7313
7722
8222
8264
7723
8265
8223
8266
7314
8316
7724
8267
7315
8317
8268
8318
7316
7725
7317
7726
7318
8319
7727
8269
7319
8320
7320
7728
7321
7729
7322
7730
7323
7731
7324
7732
7325
7733
7326
7734
7327
8321
7328
8322
8270
8323
7329
8324
8224
8271
7330
8325
8225
8272
7331
7735
7332
7736
7333
7737
7738
8273
7334
7739
8274
8326
7335
7740
7336
7741
8275
8327
8226
8276
7337
7742
8227
8277
7338
7743
7339
8328
7744
8278
7340
8329
7341
7745
7342
8330
7343
7746
8279
8331
7344
7747
7345
7748
7346
7749
7347
7750
7348
7751
7349
7752
7350
7753
7351
7754
7352
7755
7353
7756
7354
7757
7355
7758
7356
7759
7357
7760
7358
7761
7359
7762
7360
7999
7361
8000
7362
8001
7363
8002
7364
8003
7365
8004
7366
8005
7367
8006
7368
8007
7369
8008
7370
8009
7371
8010
7372
8011
7373
8012
7374
8013
7375
8015
7376
8016
7377
8017
7378
8018
7379
8019
7380
8020
7381
8021
7382
8022
7383
8023
7384
8024
7385
8025
7386
8026
7387
8027
7388
8028
7389
8029
7390
8014
7391
8031
7392
8032
7393
8368
8033
8280
7394
8034
7395
8369
8035
8281
7396
8036
7397
8037
7398
8038
7399
8039
7400
8370
7401
8040
7402
8041
7403
8042
7404
8043
7405
8044
7406
8045
8046
8282
7407
8047
8048
8283
7408
8049
7409
8050
7410
8051
7411
8052
7412
8053
7413
8371
7414
8054
7415
8055
7416
8056
7417
8030
7418
8058
7419
8059
7420
8060
7421
8061
7422
8062
7423
8063
7424
8064
7425
8065
7426
8066
7427
8067
7428
8068
7429
8069
7430
8070
7431
8071
7432
8072
7433
8073
7434
8074
7435
8236
7436
8075
7437
8076
7438
8237
8077
8215
7439
8238
7440
8078
7441
8079
7442
8080
7443
8081
7444
8082
7445
8083
7446
8084
7447
8057
7448
8086
7449
8087
7450
8088
7451
8089
7452
8090
7453
8091
7454
8092
7455
8093
7456
8094
7457
8095
7458
8096
7459
8097
7460
8098
7461
8099
7462
8372
8100
8284
7463
8101
7464
8102
7465
8103
7466
8104
7467
8105
7468
8106
7469
8107
7470
8108
7471
8109
7472
8373
7473
8110
8111
8285
7474
8112
8113
8286
7475
8085
7476
8114
7477
8115
7478
8116
8117
8287
8118
8288
8119
8289
8120
8290
8121
8291
8292
8375
7479
8122
7480
8123
7481
8124
7482
8376
7483
8125
7484
8126
7485
8127
7486
8128
8129
8293
8130
8216
7487
8377
8294
8378
7488
8131
7489
8132
8217
8379
8133
8295
8134
8296
7490
8380
7491
8135
7492
8136
7493
8381
7494
8374
7495
8138
7496
8139
7497
8140
7498
8141
7499
8142
7500
8143
7501
8144
7502
8145
7503
8146
7504
8147
7505
8148
7506
8149
7507
8150
7508
8151
7509
8152
7510
8137
7511
8153
7512
8154
7513
8155
7514
8156
7515
8157
7516
8158
7517
8159
7518
8160
7519
8161
7520
8162
7521
8163
7522
8164
7523
8165
7524
8166
7525
8167
7526
7831
7527
7832
7528
7833
7529
7834
7530
7835
7531
7836
7532
7837
7533
7838
7534
7839
7535
7840
7536
7841
7537
7842
7538
7843
7539
7844
7540
7845
7541
7846
7542
7847
7543
7848
7544
7849
7545
7850
7546
7851
7547
7852
7548
7853
7549
7854
7550
7855
7551
7856
7552
7857
7553
7858
7554
7859
7555
7860
7556
7861
7557
7862
7558
7863
7559
7864
7865
8297
7560
7866
7561
8351
7867
8298
7562
7868
7563
8352
7564
7869
7565
7870
7566
7871
7872
8299
7567
7873
7568
7874
7569
7875
7570
7876
7571
7877
7572
7878
7573
7879
7574
8353
7575
7880
7576
8354
7577
7881
7578
7882
7579
7883
7580
7884
7885
8300
7581
7886
7582
7887
7583
7888
7584
7889
7585
7890
7586
7891
7587
7892
7588
7893
7589
7894
7590
7895
7591
7896
7592
7897
7593
7898
7594
7899
7595
7900
7596
7901
7597
7902
7598
7903
7599
7904
7600
7905
7601
7906
7907
8218
7602
7908
7603
7909
7910
8219
7604
7911
8220
8233
7605
7912
7606
7913
7607
7914
7608
7915
7609
7916
7610
7917
7611
7918
7612
7919
7613
7920
7614
7921
7615
7922
7616
7923
7617
7924
7618
7925
7619
7926
7620
7927
7621
7928
7622
7929
7623
7930
7624
7931
7625
7932
7626
7933
7934
8301
7627
7935
7628
8355
7629
7936
7630
7937
7631
7938
7632
7939
7633
7940
7634
7941
7635
7942
7636
7943
7944
8302
7637
7945
7638
7946
7639
8356
7640
7947
8303
8357
7641
7948
7642
7949
7643
7950
7644
7951
7645
8358
7646
8359
7647
8360
7648
8361
8304
8362
7649
8363
7650
7952
7651
7953
7954
8305
7652
7955
7653
7956
7654
7957
7655
7958
7656
7959
7657
8364
8234
8306
7960
8307
7658
8365
7659
7961
7962
8308
7660
8235
7661
8366
8309
8367
7662
7963
7663
7964
7965
8310
7664
7966
7665
7967
7666
7968
7667
7969
7668
7970
7669
7971
7670
7972
7671
7973
7672
7974
7673
7975
7674
7976
7675
7977
7676
7978
7677
7979
7678
7980
7679
7981
7680
7982
7681
7983
7682
7984
7683
7985
7684
7986
7685
7987
7686
7988
7687
7989
7688
7990
7689
7991
7690
7992
7691
7993
7692
7994
7693
7995
7694
7996
7695
7997
7696
7998
7697
7214
7698
7215
7699
7216
7700
7217
7701
7218
7702
7219
7703
7220
7704
7221
7705
7222
7706
7223
7707
7224
7708
7225
7709
7226
7710
7227
7711
7228
7712
8239
8311
7229
7713
7230
7714
7231
7715
8240
8312
7232
7716
7233
7717
8241
8313
7234
7718
8242
8314
8243
8315
7235
7719
7236
8221
7237
7720
7238
7721
7239
7722
7240
8222
7241
7723
7242
8223
8244
8316
7243
7724
8245
8317
8246
8318
7244
7725
7245
7726
8247
8319
7246
7727
8248
8320
7247
7728
7248
7729
7249
7730
7250
7731
7251
7732
7252
7733
7253
7734
8249
8321
8250
8322
8251
8323
8252
8324
7254
8224
8253
8325
7255
8225
7256
7735
7257
7736
7258
7737
7259
7738
7260
7739
8254
8326
7261
7740
7262
7741
8255
8327
7263
8226
7264
7742
7265
8227
7266
7743
8256
8328
7267
7744
8257
8329
7268
7745
8258
8330
7269
7746
8259
8331
7270
7747
7271
7748
7272
7749
7273
7750
7274
7751
7275
7752
7276
7753
7277
7754
7278
7755
7279
7756
7280
7757
7281
7758
7282
7759
7283
7760
7284
7761
7285
7762
7286
7763
7287
7764
7288
7765
7289
7766
7290
7767
7291
7768
7292
7769
7293
7770
7294
7771
7295
7772
7296
7773
7297
7774
7298
7775
7299
7776
7300
7777
7301
8228
7302
7778
7303
7779
8260
8332
7304
7780
7305
7781
8261
8333
7306
7782
7307
7783
7308
8229
7309
8230
7310
7784
8262
8334
8263
8335
7311
7785
7312
7786
7313
7787
8264
8336
8265
8337
8266
8338
7314
7788
8267
8339
7315
7789
8268
8340
7316
7790
7317
8231
7318
7791
8269
8341
7319
7792
7320
7793
7321
7794
7322
7795
7323
7796
7324
7797
7325
7798
7326
8232
7327
7799
7328
7800
8168
8270
7329
7801
8271
8342
7330
7802
8272
8343
7331
7803
7332
7804
7333
7805
8273
8344
7334
7806
8274
8345
7335
7807
7336
7808
8275
8346
8276
8347
7337
7809
8277
8348
7338
7810
7339
7811
8278
8349
7340
7812
7341
7813
7342
7814
7343
7815
8279
8350
7344
7816
7345
7817
7346
7818
7347
7819
7348
7820
7349
7821
7350
7822
7351
7823
7352
7824
7353
7825
7354
7826
7355
7827
7356
7828
7357
7829
7358
7830
7831
7360
7832
7361
7833
7362
7834
7363
7835
7364
7836
7365
7837
7366
7838
7367
7839
7368
7840
7369
7841
7370
7842
7371
7843
7372
7844
7373
7845
7374
7846
7847
7375
7848
7376
7849
7377
7850
7378
7851
7379
7852
7380
7853
7381
7854
7382
7855
7383
7856
7384
7857
7385
7858
7386
7859
7387
7860
7388
7861
7389
7862
7390
7863
7391
7864
7392
7865
7393
7866
8280
8351
7394
7867
7395
7868
8281
8352
7396
7869
7397
7870
7398
7871
7399
7872
7400
7873
7401
7874
7402
7875
7403
7876
7404
7877
7405
7878
7406
7879
8282
8353
7407
7880
8283
8354
7408
7881
7409
7882
7410
7883
7411
7884
7412
7885
7413
7886
7414
7887
7415
7888
7416
7889
7417
7890
7418
7891
7419
7892
7420
7893
7421
7894
7422
7895
7423
7896
7424
7897
7425
7898
7426
7899
7427
7900
7428
7901
7429
7902
7430
7903
7431
7904
7432
7905
7433
7906
7434
7907
7435
7908
7436
7909
7437
7910
7438
7911
8215
8233
7439
7912
7440
7913
7441
7914
7442
7915
7443
7916
7444
7917
7445
7918
7446
7919
7447
7920
7448
7921
7449
7922
7450
7923
7451
7924
7452
7925
7453
7926
7454
7927
7455
7928
7456
7929
7457
7930
7458
7931
7459
7932
7460
7933
7461
7934
7462
7935
8284
8355
7463
7936
7464
7937
7465
7938
7466
7939
7467
7940
7468
7941
7469
7942
7470
7943
7471
7944
7472
7945
7473
7946
8285
8356
7474
7947
8286
8357
7475
7948
7476
7949
7477
7950
7478
7951
8287
8358
8288
8359
8289
8360
8290
8361
8291
8362
8292
8363
7479
7952
7480
7953
7481
7954
7482
7955
7483
7956
7484
7957
7485
7958
7486
7959
8293
8364
8216
8234
7487
7960
8294
8365
7488
7961
7489
7962
8217
8235
8295
8366
8296
8367
7490
7963
7491
7964
7492
7965
7493
7966
7494
7967
7495
7968
7496
7969
7497
7970
7498
7971
7499
7972
7500
7973
7501
7974
7502
7975
7503
7976
7504
7977
7505
7978
7506
7979
7507
7980
7508
7981
7509
7982
7510
7983
7511
7984
7512
7985
7513
7986
7514
7987
7515
7988
7516
7989
7517
7990
7518
7991
7519
7992
7520
7993
7521
7994
7522
7995
7523
7996
7524
7997
7525
7998
7526
7999
7527
8000
7528
8001
7529
8002
7530
8003
7531
8004
7532
8005
7533
8006
7534
8007
7535
8008
7536
8009
7537
8010
7538
8011
7539
8012
7540
8013
7541
8014
7542
8015
7543
8016
7544
8017
7545
8018
7546
8019
7547
8020
7548
8021
7549
8022
7550
8023
7551
8024
7552
8025
7553
8026
7554
8027
7555
8028
7556
8029
7557
8030
7558
8031
7559
8032
8297
8368
7560
8033
7561
8034
8298
8369
7562
8035
7563
8036
7564
8037
7565
8038
7566
8039
8299
8370
7567
8040
7568
8041
7569
8042
7570
8043
7571
8044
7572
8045
7573
8046
7574
8047
7575
8048
7576
8049
7577
8050
7578
8051
7579
8052
7580
8053
8300
8371
7581
8054
7582
8055
7583
8056
7584
8057
7585
8058
7586
8059
7587
8060
7588
8061
7589
8062
7590
8063
7591
8064
7592
8065
7593
8066
7594
8067
7595
8068
7596
8069
7597
8070
7598
8071
7599
8072
7600
8073
7601
8074
8218
8236
7602
8075
7603
8076
8219
8237
7604
8077
8220
8238
7605
8078
7606
8079
7607
8080
7608
8081
7609
8082
7610
8083
7611
8084
7612
8085
7613
8086
7614
8087
7615
8088
7616
8089
7617
8090
7618
8091
7619
8092
7620
8093
7621
8094
7622
8095
7623
8096
7624
8097
7625
8098
7626
8099
8301
8372
7627
8100
7628
8101
7629
8102
7630
8103
7631
8104
7632
8105
7633
8106
7634
8107
7635
8108
7636
8109
8302
8373
7637
8110
7638
8111
7639
8112
7640
8113
8303
8374
7641
8114
7642
8115
7643
8116
7644
8117
7645
8118
7646
8119
7647
8120
7648
8121
8304
8375
7649
8122
7650
8123
7651
8124
8305
8376
7652
8125
7653
8126
7654
8127
7655
8128
7656
8129
7657
8130
8306
8377
8307
8378
7658
8131
7659
8132
8308
8379
7660
8133
7661
8134
8309
8380
7662
8135
7663
8136
8310
8381
7664
8137
7665
8138
7666
8139
7667
8140
7668
8141
7669
8142
7670
8143
7671
8144
7672
8145
7673
8146
7674
8147
7675
8148
7676
8149
7677
8150
7678
8151
7679
8152
7681
8153
7682
8154
7683
8155
7684
8156
7685
8157
7686
8158
7687
8159
7688
8160
7689
8161
7690
8162
7691
8163
7692
8164
7693
8165
7694
8166
7695
8167
)


// ************************************************************************* //
