/*--------------------------------*- C++ -*----------------------------------*\
  =========                 |
  \\      /  F ield         | OpenFOAM: The Open Source CFD Toolbox
   \\    /   O peration     | Website:  https://openfoam.org
    \\  /    A nd           | Version:  7
     \\/     M anipulation  |
\*---------------------------------------------------------------------------*/
FoamFile
{
    version     2.0;
    format      ascii;
    class       volScalarField;
    location    "0.4";
    object      Tair;
}
// * * * * * * * * * * * * * * * * * * * * * * * * * * * * * * * * * * * * * //

dimensions      [0 0 0 1 0 0 0];

internalField   nonuniform List<scalar> 
1600
(
349.432
348.295
347.159
346.022
344.886
343.749
342.613
341.476
340.34
339.204
338.067
336.931
335.794
334.658
333.521
332.385
331.248
330.112
328.975
327.839
326.702
325.566
324.43
323.293
322.157
321.02
319.884
318.747
317.611
316.475
315.338
314.202
313.065
311.929
310.792
309.656
308.519
307.383
306.247
305.11
349.432
348.295
347.159
346.022
344.886
343.749
342.613
341.476
340.34
339.204
338.067
336.931
335.794
334.658
333.521
332.385
331.248
330.112
328.975
327.839
326.702
325.566
324.43
323.293
322.157
321.02
319.884
318.747
317.611
316.475
315.338
314.202
313.065
311.929
310.792
309.656
308.519
307.383
306.247
305.11
349.432
348.295
347.159
346.022
344.886
343.749
342.613
341.476
340.34
339.204
338.067
336.931
335.794
334.658
333.521
332.385
331.248
330.112
328.975
327.839
326.702
325.566
324.43
323.293
322.157
321.02
319.884
318.747
317.611
316.475
315.338
314.202
313.065
311.929
310.792
309.656
308.519
307.383
306.247
305.11
349.432
348.295
347.159
346.022
344.886
343.749
342.613
341.476
340.34
339.204
338.067
336.931
335.794
334.658
333.521
332.385
331.248
330.112
328.975
327.839
326.702
325.566
324.43
323.293
322.157
321.02
319.884
318.747
317.611
316.475
315.338
314.202
313.065
311.929
310.792
309.656
308.519
307.383
306.247
305.11
349.432
348.295
347.159
346.022
344.886
343.749
342.613
341.476
340.34
339.204
338.067
336.931
335.794
334.658
333.521
332.385
331.248
330.112
328.975
327.839
326.702
325.566
324.43
323.293
322.157
321.02
319.884
318.747
317.611
316.475
315.338
314.202
313.065
311.929
310.792
309.656
308.519
307.383
306.247
305.11
349.432
348.295
347.159
346.022
344.886
343.749
342.613
341.476
340.34
339.204
338.067
336.931
335.794
334.658
333.521
332.385
331.248
330.112
328.975
327.839
326.702
325.566
324.43
323.293
322.157
321.02
319.884
318.747
317.611
316.475
315.338
314.202
313.065
311.929
310.792
309.656
308.519
307.383
306.247
305.11
349.432
348.295
347.159
346.022
344.886
343.749
342.613
341.476
340.34
339.204
338.067
336.931
335.794
334.658
333.521
332.385
331.248
330.112
328.975
327.839
326.702
325.566
324.43
323.293
322.157
321.02
319.884
318.747
317.611
316.475
315.338
314.202
313.065
311.929
310.792
309.656
308.519
307.383
306.247
305.11
349.432
348.295
347.159
346.022
344.886
343.749
342.613
341.476
340.34
339.204
338.067
336.931
335.794
334.658
333.521
332.385
331.248
330.112
328.975
327.839
326.702
325.566
324.43
323.293
322.157
321.02
319.884
318.747
317.611
316.475
315.338
314.202
313.065
311.929
310.792
309.656
308.519
307.383
306.247
305.11
349.432
348.295
347.159
346.022
344.886
343.749
342.613
341.476
340.34
339.204
338.067
336.931
335.794
334.658
333.521
332.385
331.248
330.112
328.975
327.839
326.702
325.566
324.43
323.293
322.157
321.02
319.884
318.747
317.611
316.475
315.338
314.202
313.065
311.929
310.792
309.656
308.519
307.383
306.247
305.11
349.432
348.295
347.159
346.022
344.886
343.749
342.613
341.476
340.34
339.204
338.067
336.931
335.794
334.658
333.521
332.385
331.248
330.112
328.975
327.839
326.702
325.566
324.43
323.293
322.157
321.02
319.884
318.747
317.611
316.475
315.338
314.202
313.065
311.929
310.792
309.656
308.519
307.383
306.247
305.11
349.432
348.295
347.159
346.022
344.886
343.749
342.613
341.476
340.34
339.204
338.067
336.931
335.794
334.658
333.521
332.385
331.248
330.112
328.975
327.839
326.702
325.566
324.43
323.293
322.157
321.02
319.884
318.747
317.611
316.475
315.338
314.202
313.065
311.929
310.792
309.656
308.519
307.383
306.247
305.11
349.432
348.295
347.159
346.022
344.886
343.749
342.613
341.476
340.34
339.204
338.067
336.931
335.794
334.658
333.521
332.385
331.248
330.112
328.975
327.839
326.702
325.566
324.43
323.293
322.157
321.02
319.884
318.747
317.611
316.475
315.338
314.202
313.065
311.929
310.792
309.656
308.519
307.383
306.247
305.11
349.432
348.295
347.159
346.022
344.886
343.749
342.613
341.476
340.34
339.204
338.067
336.931
335.794
334.658
333.521
332.385
331.248
330.112
328.975
327.839
326.702
325.566
324.43
323.293
322.157
321.02
319.884
318.747
317.611
316.475
315.338
314.202
313.065
311.929
310.792
309.656
308.519
307.383
306.247
305.11
349.432
348.295
347.159
346.022
344.886
343.749
342.613
341.476
340.34
339.204
338.067
336.931
335.794
334.658
333.521
332.385
331.248
330.112
328.975
327.839
326.702
325.566
324.43
323.293
322.157
321.02
319.884
318.747
317.611
316.475
315.338
314.202
313.065
311.929
310.792
309.656
308.519
307.383
306.247
305.11
349.432
348.295
347.159
346.022
344.886
343.749
342.613
341.476
340.34
339.204
338.067
336.931
335.794
334.658
333.521
332.385
331.248
330.112
328.975
327.839
326.702
325.566
324.43
323.293
322.157
321.02
319.884
318.747
317.611
316.475
315.338
314.202
313.065
311.929
310.792
309.656
308.519
307.383
306.247
305.11
349.432
348.295
347.159
346.022
344.886
343.749
342.613
341.476
340.34
339.204
338.067
336.931
335.794
334.658
333.521
332.385
331.248
330.112
328.975
327.839
326.702
325.566
324.43
323.293
322.157
321.02
319.884
318.747
317.611
316.475
315.338
314.202
313.065
311.929
310.792
309.656
308.519
307.383
306.247
305.11
349.432
348.295
347.159
346.022
344.886
343.749
342.613
341.476
340.34
339.204
338.067
336.931
335.794
334.658
333.521
332.385
331.248
330.112
328.975
327.839
326.702
325.566
324.43
323.293
322.157
321.02
319.884
318.747
317.611
316.475
315.338
314.202
313.065
311.929
310.792
309.656
308.519
307.383
306.247
305.11
349.432
348.295
347.159
346.022
344.886
343.749
342.613
341.476
340.34
339.204
338.067
336.931
335.794
334.658
333.521
332.385
331.248
330.112
328.975
327.839
326.702
325.566
324.43
323.293
322.157
321.02
319.884
318.747
317.611
316.475
315.338
314.202
313.065
311.929
310.792
309.656
308.519
307.383
306.247
305.11
349.432
348.295
347.159
346.022
344.886
343.749
342.613
341.476
340.34
339.204
338.067
336.931
335.794
334.658
333.521
332.385
331.248
330.112
328.975
327.839
326.702
325.566
324.43
323.293
322.157
321.02
319.884
318.747
317.611
316.475
315.338
314.202
313.065
311.929
310.792
309.656
308.519
307.383
306.247
305.11
349.432
348.295
347.159
346.022
344.886
343.749
342.613
341.476
340.34
339.204
338.067
336.931
335.794
334.658
333.521
332.385
331.248
330.112
328.975
327.839
326.702
325.566
324.43
323.293
322.157
321.02
319.884
318.747
317.611
316.475
315.338
314.202
313.065
311.929
310.792
309.656
308.519
307.383
306.247
305.11
349.432
348.295
347.159
346.022
344.886
343.749
342.613
341.476
340.34
339.204
338.067
336.931
335.794
334.658
333.521
332.385
331.248
330.112
328.975
327.839
326.702
325.566
324.43
323.293
322.157
321.02
319.884
318.747
317.611
316.475
315.338
314.202
313.065
311.929
310.792
309.656
308.519
307.383
306.247
305.11
349.432
348.295
347.159
346.022
344.886
343.749
342.613
341.476
340.34
339.204
338.067
336.931
335.794
334.658
333.521
332.385
331.248
330.112
328.975
327.839
326.702
325.566
324.43
323.293
322.157
321.02
319.884
318.747
317.611
316.475
315.338
314.202
313.065
311.929
310.792
309.656
308.519
307.383
306.247
305.11
349.432
348.295
347.159
346.022
344.886
343.749
342.613
341.476
340.34
339.204
338.067
336.931
335.794
334.658
333.521
332.385
331.248
330.112
328.975
327.839
326.702
325.566
324.43
323.293
322.157
321.02
319.884
318.747
317.611
316.475
315.338
314.202
313.065
311.929
310.792
309.656
308.519
307.383
306.247
305.11
349.432
348.295
347.159
346.022
344.886
343.749
342.613
341.476
340.34
339.204
338.067
336.931
335.794
334.658
333.521
332.385
331.248
330.112
328.975
327.839
326.702
325.566
324.43
323.293
322.157
321.02
319.884
318.747
317.611
316.475
315.338
314.202
313.065
311.929
310.792
309.656
308.519
307.383
306.247
305.11
349.432
348.295
347.159
346.022
344.886
343.749
342.613
341.476
340.34
339.204
338.067
336.931
335.794
334.658
333.521
332.385
331.248
330.112
328.975
327.839
326.702
325.566
324.43
323.293
322.157
321.02
319.884
318.747
317.611
316.475
315.338
314.202
313.065
311.929
310.792
309.656
308.519
307.383
306.247
305.11
349.432
348.295
347.159
346.022
344.886
343.749
342.613
341.476
340.34
339.204
338.067
336.931
335.794
334.658
333.521
332.385
331.248
330.112
328.975
327.839
326.702
325.566
324.43
323.293
322.157
321.02
319.884
318.747
317.611
316.475
315.338
314.202
313.065
311.929
310.792
309.656
308.519
307.383
306.247
305.11
349.432
348.295
347.159
346.022
344.886
343.749
342.613
341.476
340.34
339.204
338.067
336.931
335.794
334.658
333.521
332.385
331.248
330.112
328.975
327.839
326.702
325.566
324.43
323.293
322.157
321.02
319.884
318.747
317.611
316.475
315.338
314.202
313.065
311.929
310.792
309.656
308.519
307.383
306.247
305.11
349.432
348.295
347.159
346.022
344.886
343.749
342.613
341.476
340.34
339.204
338.067
336.931
335.794
334.658
333.521
332.385
331.248
330.112
328.975
327.839
326.702
325.566
324.43
323.293
322.157
321.02
319.884
318.747
317.611
316.475
315.338
314.202
313.065
311.929
310.792
309.656
308.519
307.383
306.247
305.11
349.432
348.295
347.159
346.022
344.886
343.749
342.613
341.476
340.34
339.204
338.067
336.931
335.794
334.658
333.521
332.385
331.248
330.112
328.975
327.839
326.702
325.566
324.43
323.293
322.157
321.02
319.884
318.747
317.611
316.475
315.338
314.202
313.065
311.929
310.792
309.656
308.519
307.383
306.247
305.11
349.432
348.295
347.159
346.022
344.886
343.749
342.613
341.476
340.34
339.204
338.067
336.931
335.794
334.658
333.521
332.385
331.248
330.112
328.975
327.839
326.702
325.566
324.43
323.293
322.157
321.02
319.884
318.747
317.611
316.475
315.338
314.202
313.065
311.929
310.792
309.656
308.519
307.383
306.247
305.11
349.432
348.295
347.159
346.022
344.886
343.749
342.613
341.476
340.34
339.204
338.067
336.931
335.794
334.658
333.521
332.385
331.248
330.112
328.975
327.839
326.702
325.566
324.43
323.293
322.157
321.02
319.884
318.747
317.611
316.475
315.338
314.202
313.065
311.929
310.792
309.656
308.519
307.383
306.247
305.11
349.432
348.295
347.159
346.022
344.886
343.749
342.613
341.476
340.34
339.204
338.067
336.931
335.794
334.658
333.521
332.385
331.248
330.112
328.975
327.839
326.702
325.566
324.43
323.293
322.157
321.02
319.884
318.747
317.611
316.475
315.338
314.202
313.065
311.929
310.792
309.656
308.519
307.383
306.247
305.11
349.432
348.295
347.159
346.022
344.886
343.749
342.613
341.476
340.34
339.204
338.067
336.931
335.794
334.658
333.521
332.385
331.248
330.112
328.975
327.839
326.702
325.566
324.43
323.293
322.157
321.02
319.884
318.747
317.611
316.475
315.338
314.202
313.065
311.929
310.792
309.656
308.519
307.383
306.247
305.11
349.432
348.295
347.159
346.022
344.886
343.749
342.613
341.476
340.34
339.204
338.067
336.931
335.794
334.658
333.521
332.385
331.248
330.112
328.975
327.839
326.702
325.566
324.43
323.293
322.157
321.02
319.884
318.747
317.611
316.475
315.338
314.202
313.065
311.929
310.792
309.656
308.519
307.383
306.247
305.11
349.432
348.295
347.159
346.022
344.886
343.749
342.613
341.476
340.34
339.204
338.067
336.931
335.794
334.658
333.521
332.385
331.248
330.112
328.975
327.839
326.702
325.566
324.43
323.293
322.157
321.02
319.884
318.747
317.611
316.475
315.338
314.202
313.065
311.929
310.792
309.656
308.519
307.383
306.247
305.11
349.432
348.295
347.159
346.022
344.886
343.749
342.613
341.476
340.34
339.204
338.067
336.931
335.794
334.658
333.521
332.385
331.248
330.112
328.975
327.839
326.702
325.566
324.43
323.293
322.157
321.02
319.884
318.747
317.611
316.475
315.338
314.202
313.065
311.929
310.792
309.656
308.519
307.383
306.247
305.11
349.432
348.295
347.159
346.022
344.886
343.749
342.613
341.476
340.34
339.204
338.067
336.931
335.794
334.658
333.521
332.385
331.248
330.112
328.975
327.839
326.702
325.566
324.43
323.293
322.157
321.02
319.884
318.747
317.611
316.475
315.338
314.202
313.065
311.929
310.792
309.656
308.519
307.383
306.247
305.11
349.432
348.295
347.159
346.022
344.886
343.749
342.613
341.476
340.34
339.204
338.067
336.931
335.794
334.658
333.521
332.385
331.248
330.112
328.975
327.839
326.702
325.566
324.43
323.293
322.157
321.02
319.884
318.747
317.611
316.475
315.338
314.202
313.065
311.929
310.792
309.656
308.519
307.383
306.247
305.11
349.432
348.295
347.159
346.022
344.886
343.749
342.613
341.476
340.34
339.204
338.067
336.931
335.794
334.658
333.521
332.385
331.248
330.112
328.975
327.839
326.702
325.566
324.43
323.293
322.157
321.02
319.884
318.747
317.611
316.475
315.338
314.202
313.065
311.929
310.792
309.656
308.519
307.383
306.247
305.11
349.432
348.295
347.159
346.022
344.886
343.749
342.613
341.476
340.34
339.204
338.067
336.931
335.794
334.658
333.521
332.385
331.248
330.112
328.975
327.839
326.702
325.566
324.43
323.293
322.157
321.02
319.884
318.747
317.611
316.475
315.338
314.202
313.065
311.929
310.792
309.656
308.519
307.383
306.247
305.11
)
;

boundaryField
{
    topWall
    {
        type            zeroGradient;
    }
    leftWall
    {
        type            fixedValue;
        value           uniform 350;
    }
    bottomWall
    {
        type            zeroGradient;
    }
    frontAndBack
    {
        type            empty;
    }
    region0_to_solid
    {
        type            compressible::turbulentTemperatureCoupledBaffleMixed;
        refValue        nonuniform List<scalar> 
40
(
304.485
304.485
304.485
304.485
304.485
304.485
304.485
304.485
304.485
304.485
304.485
304.485
304.485
304.485
304.485
304.485
304.485
304.485
304.485
304.485
304.485
304.485
304.485
304.485
304.485
304.485
304.485
304.485
304.485
304.485
304.485
304.485
304.485
304.485
304.485
304.485
304.485
304.485
304.485
304.485
)
;
        refGradient     uniform 0;
        valueFraction   nonuniform List<scalar> 
40
(
0.909091
0.909091
0.909091
0.909091
0.909091
0.909091
0.909091
0.909091
0.909091
0.909091
0.909091
0.909091
0.909091
0.909091
0.909091
0.909091
0.909091
0.909091
0.909091
0.909091
0.909091
0.909091
0.909091
0.909091
0.909091
0.909091
0.909091
0.909091
0.909091
0.909091
0.909091
0.909091
0.909091
0.909091
0.909091
0.909091
0.909091
0.909091
0.909091
0.909091
)
;
        value           nonuniform List<scalar> 
40
(
304.542
304.542
304.542
304.542
304.542
304.542
304.542
304.542
304.542
304.542
304.542
304.542
304.542
304.542
304.542
304.542
304.542
304.542
304.542
304.542
304.542
304.542
304.542
304.542
304.542
304.542
304.542
304.542
304.542
304.542
304.542
304.542
304.542
304.542
304.542
304.542
304.542
304.542
304.542
304.542
)
;
        Tnbr            Tsolid;
        thicknessLayers 0();
        kappaLayers     0();
        kappaMethod     lookup;
        kappa           kappaAir;
        alphaAni        Anialpha;
    }
}


// ************************************************************************* //
