EXCITATION
N2 -> N2 [A3Su+(v=5-9)]
 7.000000e+0
SPECIES: e / N2
PROCESS: E + N2 -> E + N2 [A3Su+(v=5-9)], Excitation
PARAM.:  E = 7 eV, complete set
DATABASE: IST-Lisbon
COMMENT: [e + N2(X) -> e + N2(A3Su+,v=5-9), Excitation] Pitchford L C and Phelps A V 1982 Bull.
COMMENT: Am. Phys. Soc. 27 109.
UPDATED: 2017-09-03 11:11:10
COLUMNS: Energy (eV) | Cross section (m2)
-----------------------------
 7.000000e+0	0.000000e+0
 7.100000e+0	9.750000e-24
 7.200000e+0	1.300000e-23
 7.300000e+0	2.080000e-23
 7.400000e+0	2.470000e-23
 7.500000e+0	2.730000e-23
 7.600000e+0	3.510000e-23
 7.700000e+0	4.030000e-23
 7.800000e+0	4.875000e-23
 7.900000e+0	6.175000e-23
 8.000000e+0	7.475000e-23
 8.100000e+0	9.100000e-23
 8.200000e+0	1.040000e-22
 8.300000e+0	1.202000e-22
 8.400000e+0	1.332000e-22
 8.500000e+0	1.528000e-22
 8.600000e+0	1.638000e-22
 8.700000e+0	1.755000e-22
 8.800000e+0	1.918000e-22
 8.900000e+0	2.048000e-22
 9.000000e+0	2.178000e-22
 9.100000e+0	2.301000e-22
 9.200000e+0	2.444000e-22
 9.300000e+0	2.548000e-22
 9.400000e+0	2.698000e-22
 9.500000e+0	2.827000e-22
 9.600000e+0	2.958000e-22
 9.700000e+0	3.068000e-22
 9.800000e+0	3.218000e-22
 9.900000e+0	3.315000e-22
 1.000000e+1	3.413000e-22
 1.010000e+1	3.520000e-22
 1.020000e+1	3.627000e-22
 1.030000e+1	3.705000e-22
 1.040000e+1	3.783000e-22
 1.050000e+1	3.881000e-22
 1.060000e+1	3.978000e-22
 1.070000e+1	4.062000e-22
 1.080000e+1	4.147000e-22
 1.090000e+1	4.225000e-22
 1.100000e+1	4.303000e-22
 1.110000e+1	4.368000e-22
 1.120000e+1	4.433000e-22
 1.130000e+1	4.518000e-22
 1.140000e+1	4.602000e-22
 1.150000e+1	4.673000e-22
 1.160000e+1	4.745000e-22
 1.170000e+1	4.810000e-22
 1.180000e+1	4.875000e-22
 1.190000e+1	4.940000e-22
 1.200000e+1	5.005000e-22
 1.210000e+1	5.054000e-22
 1.220000e+1	5.103000e-22
 1.230000e+1	5.158000e-22
 1.240000e+1	5.213000e-22
 1.250000e+1	5.271000e-22
 1.260000e+1	5.330000e-22
 1.270000e+1	5.379000e-22
 1.280000e+1	5.428000e-22
 1.290000e+1	5.470000e-22
 1.300000e+1	5.512000e-22
 1.310000e+1	5.558000e-22
 1.320000e+1	5.603000e-22
 1.330000e+1	5.655000e-22
 1.340000e+1	5.707000e-22
 1.350000e+1	5.753000e-22
 1.360000e+1	5.798000e-22
 1.370000e+1	5.857000e-22
 1.380000e+1	5.915000e-22
 1.390000e+1	5.964000e-22
 1.400000e+1	6.012000e-22
 1.410000e+1	6.035000e-22
 1.420000e+1	6.058000e-22
 1.430000e+1	6.110000e-22
 1.440000e+1	6.162000e-22
 1.450000e+1	6.194000e-22
 1.460000e+1	6.227000e-22
 1.470000e+1	6.263000e-22
 1.480000e+1	6.298000e-22
 1.490000e+1	6.318000e-22
 1.500000e+1	6.337000e-22
 1.510000e+1	6.360000e-22
 1.520000e+1	6.383000e-22
 1.530000e+1	6.402000e-22
 1.540000e+1	6.422000e-22
 1.550000e+1	6.445000e-22
 1.560000e+1	6.468000e-22
 1.570000e+1	6.484000e-22
 1.580000e+1	6.500000e-22
 1.590000e+1	6.506000e-22
 1.600000e+1	6.513000e-22
 1.610000e+1	6.523000e-22
 1.620000e+1	6.532000e-22
 1.630000e+1	6.542000e-22
 1.640000e+1	6.552000e-22
 1.650000e+1	6.552000e-22
 1.660000e+1	6.552000e-22
 1.670000e+1	6.539000e-22
 1.680000e+1	6.526000e-22
 1.690000e+1	6.513000e-22
 1.700000e+1	6.500000e-22
 1.710000e+1	6.474000e-22
 1.720000e+1	6.448000e-22
 1.730000e+1	6.432000e-22
 1.740000e+1	6.415000e-22
 1.750000e+1	6.386000e-22
 1.760000e+1	6.357000e-22
 1.770000e+1	6.324000e-22
 1.780000e+1	6.292000e-22
 1.790000e+1	6.250000e-22
 1.800000e+1	6.207000e-22
 1.810000e+1	6.194000e-22
 1.820000e+1	6.182000e-22
 1.830000e+1	6.113000e-22
 1.840000e+1	6.045000e-22
 1.850000e+1	6.039000e-22
 1.860000e+1	6.032000e-22
 1.870000e+1	5.948000e-22
 1.880000e+1	5.863000e-22
 1.890000e+1	5.824000e-22
 1.900000e+1	5.785000e-22
 1.910000e+1	5.743000e-22
 1.920000e+1	5.700000e-22
 1.930000e+1	5.645000e-22
 1.940000e+1	5.590000e-22
 1.950000e+1	5.548000e-22
 1.960000e+1	5.505000e-22
 1.970000e+1	5.466000e-22
 1.980000e+1	5.428000e-22
 1.990000e+1	5.372000e-22
 2.000000e+1	5.317000e-22
 2.010000e+1	5.273000e-22
 2.020000e+1	5.229000e-22
 2.030000e+1	5.185000e-22
 2.040000e+1	5.142000e-22
 2.050000e+1	5.106000e-22
 2.060000e+1	5.070000e-22
 2.070000e+1	5.034000e-22
 2.080000e+1	4.999000e-22
 2.090000e+1	4.953000e-22
 2.100000e+1	4.908000e-22
 2.110000e+1	4.862000e-22
 2.120000e+1	4.817000e-22
 2.130000e+1	4.783000e-22
 2.140000e+1	4.748000e-22
 2.150000e+1	4.715000e-22
 2.160000e+1	4.680000e-22
 2.170000e+1	4.641000e-22
 2.180000e+1	4.602000e-22
 2.190000e+1	4.563000e-22
 2.200000e+1	4.524000e-22
 2.210000e+1	4.487000e-22
 2.220000e+1	4.449000e-22
 2.230000e+1	4.412000e-22
 2.240000e+1	4.375000e-22
 2.250000e+1	4.339000e-22
 2.260000e+1	4.303000e-22
 2.270000e+1	4.267000e-22
 2.280000e+1	4.231000e-22
 2.290000e+1	4.197000e-22
 2.300000e+1	4.163000e-22
 2.310000e+1	4.129000e-22
 2.320000e+1	4.095000e-22
 2.330000e+1	4.062000e-22
 2.340000e+1	4.030000e-22
 2.350000e+1	3.998000e-22
 2.360000e+1	3.965000e-22
 2.370000e+1	3.916000e-22
 2.380000e+1	3.867000e-22
 2.390000e+1	3.819000e-22
 2.400000e+1	3.770000e-22
 2.410000e+1	3.747000e-22
 2.420000e+1	3.725000e-22
 2.430000e+1	3.702000e-22
 2.440000e+1	3.679000e-22
 2.450000e+1	3.653000e-22
 2.460000e+1	3.627000e-22
 2.470000e+1	3.601000e-22
 2.480000e+1	3.575000e-22
 2.490000e+1	3.546000e-22
 2.500000e+1	3.517000e-22
 2.510000e+1	3.487000e-22
 2.520000e+1	3.458000e-22
 2.530000e+1	3.438000e-22
 2.540000e+1	3.419000e-22
 2.550000e+1	3.399000e-22
 2.560000e+1	3.380000e-22
 2.570000e+1	3.361000e-22
 2.580000e+1	3.341000e-22
 2.590000e+1	3.322000e-22
 2.600000e+1	3.302000e-22
 2.610000e+1	3.286000e-22
 2.620000e+1	3.270000e-22
 2.630000e+1	3.253000e-22
 2.640000e+1	3.237000e-22
 2.650000e+1	3.208000e-22
 2.660000e+1	3.178000e-22
 2.670000e+1	3.149000e-22
 2.680000e+1	3.120000e-22
 2.690000e+1	3.104000e-22
 2.700000e+1	3.087000e-22
 2.710000e+1	3.071000e-22
 2.720000e+1	3.055000e-22
 2.730000e+1	3.035000e-22
 2.740000e+1	3.016000e-22
 2.750000e+1	2.997000e-22
 2.760000e+1	2.977000e-22
 2.770000e+1	2.961000e-22
 2.780000e+1	2.945000e-22
 2.790000e+1	2.928000e-22
 2.800000e+1	2.912000e-22
 2.810000e+1	2.896000e-22
 2.820000e+1	2.879000e-22
 2.830000e+1	2.863000e-22
 2.840000e+1	2.847000e-22
 2.850000e+1	2.827000e-22
 2.860000e+1	2.808000e-22
 2.870000e+1	2.789000e-22
 2.880000e+1	2.769000e-22
 2.890000e+1	2.752000e-22
 2.900000e+1	2.733000e-22
 2.910000e+1	2.716000e-22
 2.920000e+1	2.698000e-22
 2.930000e+1	2.673000e-22
 2.940000e+1	2.649000e-22
 2.950000e+1	2.624000e-22
 2.960000e+1	2.600000e-22
 2.970000e+1	2.584000e-22
 2.980000e+1	2.567000e-22
 2.990000e+1	2.551000e-22
 3.000000e+1	2.535000e-22
 3.010000e+1	2.520000e-22
 3.020000e+1	2.506000e-22
 3.030000e+1	2.491000e-22
 3.040000e+1	2.477000e-22
 3.050000e+1	2.460000e-22
 3.060000e+1	2.444000e-22
 3.070000e+1	2.428000e-22
 3.080000e+1	2.411000e-22
 3.090000e+1	2.400000e-22
 3.100000e+1	2.389000e-22
 3.110000e+1	2.377000e-22
 3.120000e+1	2.366000e-22
 3.130000e+1	2.356000e-22
 3.140000e+1	2.346000e-22
 3.150000e+1	2.337000e-22
 3.160000e+1	2.327000e-22
 3.170000e+1	2.314000e-22
 3.180000e+1	2.301000e-22
 3.190000e+1	2.288000e-22
 3.200000e+1	2.275000e-22
 3.210000e+1	2.267000e-22
 3.220000e+1	2.259000e-22
 3.230000e+1	2.250000e-22
 3.240000e+1	2.242000e-22
 3.250000e+1	2.236000e-22
 3.260000e+1	2.230000e-22
 3.270000e+1	2.223000e-22
 3.280000e+1	2.217000e-22
 3.290000e+1	2.212000e-22
 3.300000e+1	2.207000e-22
 3.310000e+1	2.202000e-22
 3.320000e+1	2.197000e-22
 3.330000e+1	2.183000e-22
 3.340000e+1	2.168000e-22
 3.350000e+1	2.153000e-22
 3.360000e+1	2.138000e-22
 3.370000e+1	2.134000e-22
 3.380000e+1	2.129000e-22
 3.390000e+1	2.124000e-22
 3.400000e+1	2.119000e-22
 3.410000e+1	2.109000e-22
 3.420000e+1	2.100000e-22
 3.430000e+1	2.090000e-22
 3.440000e+1	2.080000e-22
 3.450000e+1	2.074000e-22
 3.460000e+1	2.067000e-22
 3.470000e+1	2.060000e-22
 3.480000e+1	2.054000e-22
 3.490000e+1	2.044000e-22
 3.500000e+1	2.034000e-22
 3.510000e+1	2.025000e-22
 3.520000e+1	2.015000e-22
 3.530000e+1	2.012000e-22
 3.540000e+1	2.008000e-22
 3.550000e+1	2.005000e-22
 3.560000e+1	2.002000e-22
 3.570000e+1	2.002000e-22
 3.580000e+1	2.002000e-22
 3.590000e+1	2.002000e-22
 3.600000e+1	2.002000e-22
 3.610000e+1	1.992000e-22
 3.620000e+1	1.982000e-22
 3.630000e+1	1.973000e-22
 3.640000e+1	1.963000e-22
 3.650000e+1	1.960000e-22
 3.660000e+1	1.956000e-22
 3.670000e+1	1.953000e-22
 3.680000e+1	1.950000e-22
 3.690000e+1	1.937000e-22
 3.700000e+1	1.924000e-22
 3.710000e+1	1.911000e-22
 3.720000e+1	1.898000e-22
 3.730000e+1	1.895000e-22
 3.740000e+1	1.892000e-22
 3.750000e+1	1.888000e-22
 3.760000e+1	1.885000e-22
 3.770000e+1	1.884000e-22
 3.780000e+1	1.882000e-22
 3.790000e+1	1.880000e-22
 3.800000e+1	1.878000e-22
 3.810000e+1	1.864000e-22
 3.820000e+1	1.849000e-22
 3.830000e+1	1.834000e-22
 3.840000e+1	1.820000e-22
 3.850000e+1	1.814000e-22
 3.860000e+1	1.807000e-22
 3.870000e+1	1.800000e-22
 3.880000e+1	1.794000e-22
 3.890000e+1	1.784000e-22
 3.900000e+1	1.774000e-22
 3.910000e+1	1.765000e-22
 3.920000e+1	1.755000e-22
 3.930000e+1	1.747000e-22
 3.940000e+1	1.739000e-22
 3.950000e+1	1.730000e-22
 3.960000e+1	1.722000e-22
 3.970000e+1	1.715000e-22
 3.980000e+1	1.706000e-22
 3.990000e+1	1.698000e-22
 4.000000e+1	1.690000e-22
 5.000000e+1	1.400000e-22
 5.103000e+1	1.329000e-22
 5.260000e+1	1.282000e-22
 5.422000e+1	1.233000e-22
 5.591000e+1	1.183000e-22
 5.765000e+1	1.131000e-22
 5.945000e+1	1.076000e-22
 6.131000e+1	1.021000e-22
 6.325000e+1	9.626000e-23
 6.524000e+1	9.027000e-23
 6.731000e+1	8.406000e-23
 6.946000e+1	7.763000e-23
 7.167000e+1	7.399000e-23
 7.397000e+1	7.124000e-23
 7.634000e+1	6.839000e-23
 7.880000e+1	6.544000e-23
 8.135000e+1	6.238000e-23
 8.398000e+1	5.922000e-23
 8.671000e+1	5.595000e-23
 8.954000e+1	5.256000e-23
 9.246000e+1	4.905000e-23
 9.549000e+1	4.542000e-23
 9.862000e+1	4.166000e-23
 2.036000e+2	1.284000e-23
 3.999000e+2	4.004000e-24
 9.724000e+2	1.138000e-24
 1.000000e+3	9.998313e-25
-----------------------------
