EXCITATION
N2 -> N2(a1Su-)
 8.400000e+0
SPECIES: e / N2
PROCESS: E + N2 -> E + N2(a1Su-), Excitation
PARAM.:  E = 8.4 eV, complete set
DATABASE: IST-Lisbon
COMMENT: [e + N2(X) -> e + N2(a1Su-), Excitation] Cartwright D C et al 1977 Phys. Rev. A 16
COMMENT: 1041.
UPDATED: 2017-09-03 11:15:43
COLUMNS: Energy (eV) | Cross section (m2)
-----------------------------
 8.400000e+0	0.000000e+0
 8.500000e+0	1.625000e-23
 8.600000e+0	2.600000e-23
 8.700000e+0	3.900000e-23
 8.800000e+0	4.875000e-23
 8.900000e+0	5.850000e-23
 9.000000e+0	7.150000e-23
 9.100000e+0	7.800000e-23
 9.200000e+0	9.100000e-23
 9.300000e+0	1.008000e-22
 9.400000e+0	1.105000e-22
 9.500000e+0	1.235000e-22
 9.600000e+0	1.365000e-22
 9.700000e+0	1.462000e-22
 9.800000e+0	1.560000e-22
 9.900000e+0	1.658000e-22
 1.000000e+1	1.755000e-22
 1.010000e+1	1.885000e-22
 1.020000e+1	2.015000e-22
 1.030000e+1	2.112000e-22
 1.040000e+1	2.210000e-22
 1.050000e+1	2.307000e-22
 1.060000e+1	2.405000e-22
 1.070000e+1	2.535000e-22
 1.080000e+1	2.665000e-22
 1.090000e+1	2.795000e-22
 1.100000e+1	2.925000e-22
 1.110000e+1	3.055000e-22
 1.120000e+1	3.185000e-22
 1.130000e+1	3.315000e-22
 1.140000e+1	3.445000e-22
 1.150000e+1	3.542000e-22
 1.160000e+1	3.640000e-22
 1.170000e+1	3.738000e-22
 1.180000e+1	3.835000e-22
 1.190000e+1	3.933000e-22
 1.200000e+1	4.030000e-22
 1.210000e+1	4.127000e-22
 1.220000e+1	4.225000e-22
 1.230000e+1	4.355000e-22
 1.240000e+1	4.485000e-22
 1.250000e+1	4.615000e-22
 1.260000e+1	4.745000e-22
 1.270000e+1	4.875000e-22
 1.280000e+1	5.005000e-22
 1.290000e+1	5.103000e-22
 1.300000e+1	5.200000e-22
 1.310000e+1	5.330000e-22
 1.320000e+1	5.460000e-22
 1.330000e+1	5.558000e-22
 1.340000e+1	5.655000e-22
 1.350000e+1	5.753000e-22
 1.360000e+1	5.850000e-22
 1.370000e+1	5.948000e-22
 1.380000e+1	6.045000e-22
 1.390000e+1	6.143000e-22
 1.400000e+1	6.240000e-22
 1.410000e+1	6.337000e-22
 1.420000e+1	6.435000e-22
 1.430000e+1	6.500000e-22
 1.440000e+1	6.565000e-22
 1.450000e+1	6.630000e-22
 1.460000e+1	6.695000e-22
 1.470000e+1	6.727000e-22
 1.480000e+1	6.760000e-22
 1.490000e+1	6.760000e-22
 1.500000e+1	6.760000e-22
 1.510000e+1	6.695000e-22
 1.520000e+1	6.630000e-22
 1.530000e+1	6.500000e-22
 1.540000e+1	6.370000e-22
 1.550000e+1	6.240000e-22
 1.560000e+1	6.110000e-22
 1.570000e+1	5.915000e-22
 1.580000e+1	5.720000e-22
 1.590000e+1	5.623000e-22
 1.600000e+1	5.525000e-22
 1.610000e+1	5.297000e-22
 1.620000e+1	5.070000e-22
 1.630000e+1	4.972000e-22
 1.640000e+1	4.875000e-22
 1.650000e+1	4.745000e-22
 1.660000e+1	4.615000e-22
 1.670000e+1	4.485000e-22
 1.680000e+1	4.355000e-22
 1.690000e+1	4.225000e-22
 1.700000e+1	4.095000e-22
 1.710000e+1	3.998000e-22
 1.720000e+1	3.900000e-22
 1.730000e+1	3.835000e-22
 1.740000e+1	3.770000e-22
 1.750000e+1	3.673000e-22
 1.760000e+1	3.575000e-22
 1.770000e+1	3.510000e-22
 1.780000e+1	3.445000e-22
 1.790000e+1	3.413000e-22
 1.800000e+1	3.380000e-22
 1.810000e+1	3.315000e-22
 1.820000e+1	3.250000e-22
 1.830000e+1	3.218000e-22
 1.840000e+1	3.185000e-22
 1.850000e+1	3.153000e-22
 1.860000e+1	3.120000e-22
 1.870000e+1	3.055000e-22
 1.880000e+1	2.990000e-22
 1.890000e+1	2.958000e-22
 1.900000e+1	2.925000e-22
 1.910000e+1	2.893000e-22
 1.920000e+1	2.860000e-22
 1.930000e+1	2.860000e-22
 1.940000e+1	2.860000e-22
 1.950000e+1	2.827000e-22
 1.960000e+1	2.795000e-22
 1.970000e+1	2.762000e-22
 1.980000e+1	2.730000e-22
 1.990000e+1	2.698000e-22
 2.000000e+1	2.665000e-22
 2.010000e+1	2.649000e-22
 2.020000e+1	2.633000e-22
 2.030000e+1	2.616000e-22
 2.040000e+1	2.600000e-22
 2.050000e+1	2.567000e-22
 2.060000e+1	2.535000e-22
 2.070000e+1	2.502000e-22
 2.080000e+1	2.470000e-22
 2.090000e+1	2.454000e-22
 2.100000e+1	2.438000e-22
 2.110000e+1	2.421000e-22
 2.120000e+1	2.405000e-22
 2.130000e+1	2.373000e-22
 2.140000e+1	2.340000e-22
 2.150000e+1	2.307000e-22
 2.160000e+1	2.275000e-22
 2.170000e+1	2.259000e-22
 2.180000e+1	2.242000e-22
 2.190000e+1	2.226000e-22
 2.200000e+1	2.210000e-22
 2.210000e+1	2.194000e-22
 2.220000e+1	2.178000e-22
 2.230000e+1	2.161000e-22
 2.240000e+1	2.145000e-22
 2.250000e+1	2.129000e-22
 2.260000e+1	2.112000e-22
 2.270000e+1	2.096000e-22
 2.280000e+1	2.080000e-22
 2.290000e+1	2.080000e-22
 2.300000e+1	2.080000e-22
 2.310000e+1	2.080000e-22
 2.320000e+1	2.080000e-22
 2.330000e+1	2.064000e-22
 2.340000e+1	2.048000e-22
 2.350000e+1	2.031000e-22
 2.360000e+1	2.015000e-22
 2.370000e+1	1.999000e-22
 2.380000e+1	1.982000e-22
 2.390000e+1	1.966000e-22
 2.400000e+1	1.950000e-22
 2.410000e+1	1.934000e-22
 2.420000e+1	1.918000e-22
 2.430000e+1	1.901000e-22
 2.440000e+1	1.885000e-22
 2.450000e+1	1.885000e-22
 2.460000e+1	1.885000e-22
 2.470000e+1	1.885000e-22
 2.480000e+1	1.885000e-22
 2.490000e+1	1.869000e-22
 2.500000e+1	1.852000e-22
 2.738000e+1	1.612000e-22
 2.976000e+1	1.374000e-22
 3.214000e+1	1.237000e-22
 3.451000e+1	1.114000e-22
 3.689000e+1	9.903000e-23
 3.927000e+1	8.665000e-23
 4.165000e+1	7.854000e-23
 4.403000e+1	7.228000e-23
 4.641000e+1	6.602000e-23
 4.878000e+1	5.976000e-23
 5.116000e+1	5.515000e-23
 5.354000e+1	5.225000e-23
 5.592000e+1	4.936000e-23
 5.830000e+1	4.647000e-23
 6.068000e+1	4.357000e-23
 6.306000e+1	4.068000e-23
 6.543000e+1	3.779000e-23
 6.781000e+1	3.489000e-23
 7.019000e+1	3.227000e-23
 7.257000e+1	3.099000e-23
 7.495000e+1	2.984000e-23
 7.733000e+1	2.869000e-23
 7.970000e+1	2.755000e-23
 8.208000e+1	2.640000e-23
 8.446000e+1	2.525000e-23
 8.684000e+1	2.411000e-23
 8.922000e+1	2.296000e-23
 9.160000e+1	2.181000e-23
 9.397000e+1	2.066000e-23
 9.635000e+1	1.952000e-23
 9.873000e+1	1.844000e-23
 1.011000e+2	1.766000e-23
 1.035000e+2	1.733000e-23
 1.059000e+2	1.705000e-23
 1.082000e+2	1.676000e-23
 1.106000e+2	1.647000e-23
 1.130000e+2	1.619000e-23
 1.154000e+2	1.590000e-23
 1.178000e+2	1.562000e-23
 1.201000e+2	1.534000e-23
 1.225000e+2	1.505000e-23
 1.249000e+2	1.476000e-23
 1.273000e+2	1.448000e-23
 1.297000e+2	1.419000e-23
 1.320000e+2	1.390000e-23
 1.344000e+2	1.362000e-23
 1.368000e+2	1.333000e-23
 1.392000e+2	1.305000e-23
 1.415000e+2	1.276000e-23
 1.439000e+2	1.247000e-23
 1.463000e+2	1.218000e-23
 1.487000e+2	1.189000e-23
 1.511000e+2	1.161000e-23
 1.534000e+2	1.132000e-23
 1.558000e+2	1.104000e-23
 1.582000e+2	1.076000e-23
 1.606000e+2	1.047000e-23
 1.629000e+2	1.019000e-23
 1.653000e+2	9.898000e-24
 1.677000e+2	9.610000e-24
 1.701000e+2	9.321000e-24
 1.725000e+2	9.033000e-24
 1.748000e+2	8.745000e-24
 1.772000e+2	8.462000e-24
 1.796000e+2	8.179000e-24
 1.820000e+2	7.894000e-24
 1.844000e+2	7.606000e-24
 1.867000e+2	7.318000e-24
 1.891000e+2	7.034000e-24
 1.915000e+2	6.750000e-24
 1.939000e+2	6.464000e-24
 1.962000e+2	6.174000e-24
 1.986000e+2	5.885000e-24
 2.010000e+2	5.751000e-24
 2.034000e+2	5.686000e-24
 2.058000e+2	5.623000e-24
 2.081000e+2	5.576000e-24
 2.105000e+2	5.528000e-24
 2.129000e+2	5.480000e-24
 2.153000e+2	5.435000e-24
 2.177000e+2	5.391000e-24
 2.200000e+2	5.346000e-24
 2.224000e+2	5.302000e-24
 2.248000e+2	5.258000e-24
 2.272000e+2	5.213000e-24
 2.295000e+2	5.169000e-24
 2.319000e+2	5.124000e-24
 2.343000e+2	5.079000e-24
 2.367000e+2	5.035000e-24
 2.391000e+2	4.990000e-24
 2.414000e+2	4.945000e-24
 2.438000e+2	4.900000e-24
 2.462000e+2	4.856000e-24
 2.486000e+2	4.811000e-24
 2.510000e+2	4.767000e-24
 2.533000e+2	4.722000e-24
 2.557000e+2	4.678000e-24
 2.581000e+2	4.633000e-24
 2.605000e+2	4.589000e-24
 2.628000e+2	4.544000e-24
 2.652000e+2	4.500000e-24
 2.676000e+2	4.455000e-24
 2.700000e+2	4.410000e-24
 2.724000e+2	4.366000e-24
 2.747000e+2	4.321000e-24
 2.771000e+2	4.276000e-24
 2.795000e+2	4.232000e-24
 2.819000e+2	4.187000e-24
 2.843000e+2	4.143000e-24
 2.866000e+2	4.098000e-24
 2.890000e+2	4.054000e-24
 2.914000e+2	4.009000e-24
 2.938000e+2	3.965000e-24
 2.961000e+2	3.920000e-24
 2.985000e+2	3.876000e-24
 3.009000e+2	3.831000e-24
 3.033000e+2	3.786000e-24
 3.057000e+2	3.741000e-24
 3.080000e+2	3.697000e-24
 3.104000e+2	3.652000e-24
 3.128000e+2	3.608000e-24
 3.152000e+2	3.563000e-24
 3.175000e+2	3.518000e-24
 3.199000e+2	3.474000e-24
 3.223000e+2	3.429000e-24
 3.247000e+2	3.385000e-24
 3.271000e+2	3.340000e-24
 3.294000e+2	3.296000e-24
 3.318000e+2	3.251000e-24
 3.342000e+2	3.207000e-24
 3.366000e+2	3.162000e-24
 3.390000e+2	3.117000e-24
 3.413000e+2	3.072000e-24
 3.437000e+2	3.028000e-24
 3.461000e+2	2.983000e-24
 3.485000e+2	2.939000e-24
 3.508000e+2	2.894000e-24
 3.532000e+2	2.849000e-24
 3.556000e+2	2.805000e-24
 3.580000e+2	2.760000e-24
 3.604000e+2	2.716000e-24
 3.627000e+2	2.671000e-24
 3.651000e+2	2.627000e-24
 3.675000e+2	2.583000e-24
 3.699000e+2	2.538000e-24
 3.723000e+2	2.494000e-24
 3.746000e+2	2.449000e-24
 3.770000e+2	2.405000e-24
 3.794000e+2	2.360000e-24
 3.818000e+2	2.316000e-24
 3.841000e+2	2.271000e-24
 3.865000e+2	2.226000e-24
 3.889000e+2	2.182000e-24
 3.913000e+2	2.143000e-24
 3.937000e+2	2.105000e-24
 3.960000e+2	2.067000e-24
 3.984000e+2	2.030000e-24
 4.008000e+2	1.992000e-24
 4.032000e+2	1.965000e-24
 4.056000e+2	1.960000e-24
 4.079000e+2	1.954000e-24
 4.103000e+2	1.948000e-24
 4.127000e+2	1.942000e-24
 4.151000e+2	1.937000e-24
 4.174000e+2	1.931000e-24
 4.198000e+2	1.925000e-24
 4.222000e+2	1.920000e-24
 4.246000e+2	1.914000e-24
 4.270000e+2	1.908000e-24
 4.293000e+2	1.902000e-24
 4.317000e+2	1.897000e-24
 4.341000e+2	1.891000e-24
 4.365000e+2	1.885000e-24
 4.388000e+2	1.880000e-24
 4.412000e+2	1.874000e-24
 4.436000e+2	1.868000e-24
 4.460000e+2	1.862000e-24
 4.484000e+2	1.857000e-24
 4.507000e+2	1.851000e-24
 4.531000e+2	1.845000e-24
 4.555000e+2	1.839000e-24
 4.579000e+2	1.834000e-24
 4.603000e+2	1.828000e-24
 4.626000e+2	1.822000e-24
 4.650000e+2	1.816000e-24
 4.674000e+2	1.811000e-24
 4.698000e+2	1.805000e-24
 4.721000e+2	1.799000e-24
 4.745000e+2	1.794000e-24
 4.769000e+2	1.788000e-24
 4.793000e+2	1.782000e-24
 4.817000e+2	1.776000e-24
 4.840000e+2	1.771000e-24
 4.864000e+2	1.765000e-24
 4.888000e+2	1.759000e-24
 4.912000e+2	1.753000e-24
 4.936000e+2	1.748000e-24
 4.959000e+2	1.742000e-24
 4.983000e+2	1.736000e-24
 5.007000e+2	1.730000e-24
 5.031000e+2	1.725000e-24
 5.054000e+2	1.719000e-24
 5.078000e+2	1.713000e-24
 5.102000e+2	1.707000e-24
 5.126000e+2	1.702000e-24
 5.150000e+2	1.696000e-24
 5.173000e+2	1.690000e-24
 5.197000e+2	1.684000e-24
 5.221000e+2	1.679000e-24
 5.245000e+2	1.673000e-24
 5.269000e+2	1.667000e-24
 5.292000e+2	1.662000e-24
 5.316000e+2	1.656000e-24
 5.340000e+2	1.650000e-24
 5.364000e+2	1.644000e-24
 5.387000e+2	1.639000e-24
 5.411000e+2	1.633000e-24
 5.435000e+2	1.627000e-24
 5.459000e+2	1.622000e-24
 5.483000e+2	1.616000e-24
 5.506000e+2	1.610000e-24
 5.530000e+2	1.604000e-24
 5.554000e+2	1.599000e-24
 5.578000e+2	1.593000e-24
 5.602000e+2	1.587000e-24
 5.625000e+2	1.581000e-24
 5.649000e+2	1.575000e-24
 5.673000e+2	1.570000e-24
 5.697000e+2	1.564000e-24
 5.720000e+2	1.558000e-24
 5.744000e+2	1.552000e-24
 5.768000e+2	1.547000e-24
 5.792000e+2	1.541000e-24
 5.816000e+2	1.535000e-24
 5.839000e+2	1.529000e-24
 5.863000e+2	1.524000e-24
 5.887000e+2	1.518000e-24
 5.911000e+2	1.512000e-24
 5.934000e+2	1.506000e-24
 5.958000e+2	1.501000e-24
 5.982000e+2	1.495000e-24
 6.006000e+2	1.489000e-24
 6.030000e+2	1.484000e-24
 6.053000e+2	1.478000e-24
 6.077000e+2	1.472000e-24
 6.101000e+2	1.467000e-24
 6.125000e+2	1.461000e-24
 6.149000e+2	1.455000e-24
 6.172000e+2	1.449000e-24
 6.196000e+2	1.444000e-24
 6.220000e+2	1.438000e-24
 6.244000e+2	1.432000e-24
 6.267000e+2	1.427000e-24
 6.291000e+2	1.421000e-24
 6.315000e+2	1.415000e-24
 6.339000e+2	1.409000e-24
 6.363000e+2	1.404000e-24
 6.386000e+2	1.398000e-24
 6.410000e+2	1.392000e-24
 6.434000e+2	1.386000e-24
 6.458000e+2	1.381000e-24
 6.482000e+2	1.375000e-24
 6.505000e+2	1.369000e-24
 6.529000e+2	1.363000e-24
 6.553000e+2	1.358000e-24
 6.577000e+2	1.352000e-24
 6.600000e+2	1.346000e-24
 6.624000e+2	1.340000e-24
 6.648000e+2	1.334000e-24
 6.672000e+2	1.329000e-24
 6.696000e+2	1.323000e-24
 6.719000e+2	1.317000e-24
 6.743000e+2	1.311000e-24
 6.767000e+2	1.306000e-24
 6.791000e+2	1.300000e-24
 6.815000e+2	1.294000e-24
 6.838000e+2	1.288000e-24
 6.862000e+2	1.283000e-24
 6.886000e+2	1.277000e-24
 6.910000e+2	1.271000e-24
 6.933000e+2	1.266000e-24
 6.957000e+2	1.260000e-24
 6.981000e+2	1.254000e-24
 7.005000e+2	1.248000e-24
 7.029000e+2	1.243000e-24
 7.052000e+2	1.237000e-24
 7.076000e+2	1.231000e-24
 7.100000e+2	1.225000e-24
 7.124000e+2	1.220000e-24
 7.147000e+2	1.214000e-24
 7.171000e+2	1.208000e-24
 7.195000e+2	1.202000e-24
 7.219000e+2	1.197000e-24
 7.243000e+2	1.191000e-24
 7.266000e+2	1.185000e-24
 7.290000e+2	1.180000e-24
 7.314000e+2	1.174000e-24
 7.338000e+2	1.168000e-24
 7.362000e+2	1.162000e-24
 7.385000e+2	1.157000e-24
 7.409000e+2	1.151000e-24
 7.433000e+2	1.145000e-24
 7.457000e+2	1.140000e-24
 7.480000e+2	1.134000e-24
 7.504000e+2	1.128000e-24
 7.528000e+2	1.122000e-24
 7.552000e+2	1.117000e-24
 7.576000e+2	1.111000e-24
 7.599000e+2	1.105000e-24
 7.623000e+2	1.100000e-24
 7.647000e+2	1.094000e-24
 7.671000e+2	1.088000e-24
 7.695000e+2	1.082000e-24
 7.718000e+2	1.077000e-24
 7.742000e+2	1.071000e-24
 7.766000e+2	1.065000e-24
 7.790000e+2	1.059000e-24
 7.813000e+2	1.054000e-24
 7.837000e+2	1.048000e-24
 7.861000e+2	1.042000e-24
 7.885000e+2	1.036000e-24
 7.909000e+2	1.031000e-24
 7.932000e+2	1.025000e-24
 7.956000e+2	1.019000e-24
 7.980000e+2	1.013000e-24
 8.004000e+2	1.008000e-24
 8.028000e+2	1.002000e-24
 8.051000e+2	9.961000e-25
 8.075000e+2	9.903000e-25
 8.099000e+2	9.846000e-25
 8.123000e+2	9.789000e-25
 8.146000e+2	9.731000e-25
 8.170000e+2	9.674000e-25
 8.194000e+2	9.617000e-25
 8.218000e+2	9.559000e-25
 8.242000e+2	9.502000e-25
 8.265000e+2	9.445000e-25
 8.289000e+2	9.388000e-25
 8.313000e+2	9.330000e-25
 8.337000e+2	9.273000e-25
 8.361000e+2	9.216000e-25
 8.384000e+2	9.158000e-25
 8.408000e+2	9.101000e-25
 8.432000e+2	9.044000e-25
 8.456000e+2	8.987000e-25
 8.479000e+2	8.929000e-25
 8.503000e+2	8.872000e-25
 8.527000e+2	8.815000e-25
 8.551000e+2	8.757000e-25
 8.575000e+2	8.700000e-25
 8.598000e+2	8.642000e-25
 8.622000e+2	8.585000e-25
 8.646000e+2	8.528000e-25
 8.670000e+2	8.470000e-25
 8.693000e+2	8.413000e-25
 8.717000e+2	8.355000e-25
 8.741000e+2	8.298000e-25
 8.765000e+2	8.241000e-25
 8.789000e+2	8.183000e-25
 8.812000e+2	8.126000e-25
 8.836000e+2	8.068000e-25
 8.860000e+2	8.011000e-25
 8.884000e+2	7.953000e-25
 8.908000e+2	7.896000e-25
 8.931000e+2	7.839000e-25
 8.955000e+2	7.781000e-25
 8.979000e+2	7.724000e-25
 9.003000e+2	7.666000e-25
 9.026000e+2	7.609000e-25
 9.050000e+2	7.552000e-25
 9.074000e+2	7.494000e-25
 9.098000e+2	7.437000e-25
 9.122000e+2	7.379000e-25
 9.145000e+2	7.322000e-25
 9.169000e+2	7.265000e-25
 9.193000e+2	7.207000e-25
 9.217000e+2	7.150000e-25
 9.241000e+2	7.092000e-25
 9.264000e+2	7.035000e-25
 9.288000e+2	6.978000e-25
 9.312000e+2	6.920000e-25
 9.336000e+2	6.863000e-25
 9.359000e+2	6.805000e-25
 9.383000e+2	6.748000e-25
 9.407000e+2	6.691000e-25
 9.431000e+2	6.633000e-25
 9.455000e+2	6.576000e-25
 9.478000e+2	6.518000e-25
 9.502000e+2	6.461000e-25
 9.526000e+2	6.404000e-25
 9.550000e+2	6.346000e-25
 9.574000e+2	6.289000e-25
 9.597000e+2	6.232000e-25
 9.621000e+2	6.174000e-25
 9.645000e+2	6.117000e-25
 9.669000e+2	6.059000e-25
 9.692000e+2	6.002000e-25
 9.716000e+2	5.945000e-25
 9.740000e+2	5.887000e-25
 1.000000e+3	5.258667e-25
-----------------------------
