EXCITATION
N2 -> N2(a1Pg)
 8.600000e+0
SPECIES: e / N2
PROCESS: E + N2 -> E + N2(a1Pg), Excitation
PARAM.:  E = 8.6 eV, complete set
DATABASE: IST-Lisbon
COMMENT: [e + N2(X) -> e + N2(a1Pg), Excitation] Cartwright D C et al 1977 Phys. Rev. A 16 1041.
UPDATED: 2017-07-21 15:24:28
COLUMNS: Energy (eV) | Cross section (m2)
-----------------------------
 8.600000e+0	0.000000e+0
 8.700000e+0	3.575000e-23
 8.800000e+0	6.500000e-23
 8.900000e+0	9.750000e-23
 9.000000e+0	1.268000e-22
 9.100000e+0	1.430000e-22
 9.200000e+0	1.690000e-22
 9.300000e+0	1.950000e-22
 9.400000e+0	2.210000e-22
 9.500000e+0	2.535000e-22
 9.600000e+0	2.795000e-22
 9.700000e+0	2.990000e-22
 9.800000e+0	3.250000e-22
 9.900000e+0	3.510000e-22
 1.000000e+1	3.835000e-22
 1.010000e+1	4.030000e-22
 1.020000e+1	4.225000e-22
 1.030000e+1	4.485000e-22
 1.040000e+1	4.745000e-22
 1.050000e+1	4.972000e-22
 1.060000e+1	5.200000e-22
 1.070000e+1	5.460000e-22
 1.080000e+1	5.720000e-22
 1.090000e+1	6.078000e-22
 1.100000e+1	6.435000e-22
 1.110000e+1	6.630000e-22
 1.120000e+1	6.825000e-22
 1.130000e+1	7.150000e-22
 1.140000e+1	7.475000e-22
 1.150000e+1	7.735000e-22
 1.160000e+1	7.995000e-22
 1.170000e+1	8.255000e-22
 1.180000e+1	8.515000e-22
 1.190000e+1	8.808000e-22
 1.200000e+1	9.100000e-22
 1.210000e+1	9.327000e-22
 1.220000e+1	9.555000e-22
 1.230000e+1	9.880000e-22
 1.240000e+1	1.021000e-21
 1.250000e+1	1.047000e-21
 1.260000e+1	1.072000e-21
 1.270000e+1	1.092000e-21
 1.280000e+1	1.112000e-21
 1.290000e+1	1.141000e-21
 1.300000e+1	1.170000e-21
 1.310000e+1	1.190000e-21
 1.320000e+1	1.209000e-21
 1.330000e+1	1.232000e-21
 1.340000e+1	1.255000e-21
 1.350000e+1	1.277000e-21
 1.360000e+1	1.300000e-21
 1.370000e+1	1.326000e-21
 1.380000e+1	1.352000e-21
 1.390000e+1	1.391000e-21
 1.400000e+1	1.430000e-21
 1.410000e+1	1.446000e-21
 1.420000e+1	1.463000e-21
 1.430000e+1	1.485000e-21
 1.440000e+1	1.508000e-21
 1.450000e+1	1.534000e-21
 1.460000e+1	1.560000e-21
 1.470000e+1	1.583000e-21
 1.480000e+1	1.606000e-21
 1.490000e+1	1.635000e-21
 1.500000e+1	1.664000e-21
 1.510000e+1	1.680000e-21
 1.520000e+1	1.697000e-21
 1.530000e+1	1.716000e-21
 1.540000e+1	1.736000e-21
 1.550000e+1	1.755000e-21
 1.560000e+1	1.774000e-21
 1.570000e+1	1.797000e-21
 1.580000e+1	1.820000e-21
 1.590000e+1	1.839000e-21
 1.600000e+1	1.859000e-21
 1.610000e+1	1.872000e-21
 1.620000e+1	1.885000e-21
 1.630000e+1	1.898000e-21
 1.640000e+1	1.911000e-21
 1.650000e+1	1.924000e-21
 1.660000e+1	1.937000e-21
 1.670000e+1	1.947000e-21
 1.680000e+1	1.957000e-21
 1.690000e+1	1.960000e-21
 1.700000e+1	1.963000e-21
 1.710000e+1	1.966000e-21
 1.720000e+1	1.970000e-21
 1.730000e+1	1.966000e-21
 1.740000e+1	1.963000e-21
 1.750000e+1	1.957000e-21
 1.760000e+1	1.950000e-21
 1.770000e+1	1.947000e-21
 1.780000e+1	1.944000e-21
 1.790000e+1	1.937000e-21
 1.800000e+1	1.930000e-21
 1.810000e+1	1.924000e-21
 1.820000e+1	1.917000e-21
 1.830000e+1	1.911000e-21
 1.840000e+1	1.905000e-21
 1.850000e+1	1.898000e-21
 1.860000e+1	1.892000e-21
 1.870000e+1	1.885000e-21
 1.880000e+1	1.879000e-21
 1.890000e+1	1.872000e-21
 1.900000e+1	1.865000e-21
 1.910000e+1	1.859000e-21
 1.920000e+1	1.852000e-21
 1.930000e+1	1.846000e-21
 1.940000e+1	1.839000e-21
 1.950000e+1	1.833000e-21
 1.960000e+1	1.827000e-21
 1.970000e+1	1.820000e-21
 1.980000e+1	1.814000e-21
 1.990000e+1	1.804000e-21
 2.000000e+1	1.794000e-21
 2.010000e+1	1.789000e-21
 2.020000e+1	1.784000e-21
 2.030000e+1	1.779000e-21
 2.040000e+1	1.774000e-21
 2.050000e+1	1.768000e-21
 2.060000e+1	1.762000e-21
 2.070000e+1	1.755000e-21
 2.080000e+1	1.749000e-21
 2.090000e+1	1.744000e-21
 2.100000e+1	1.739000e-21
 2.110000e+1	1.734000e-21
 2.120000e+1	1.729000e-21
 2.130000e+1	1.722000e-21
 2.140000e+1	1.716000e-21
 2.150000e+1	1.709000e-21
 2.160000e+1	1.703000e-21
 2.170000e+1	1.697000e-21
 2.180000e+1	1.690000e-21
 2.190000e+1	1.683000e-21
 2.200000e+1	1.677000e-21
 2.210000e+1	1.672000e-21
 2.220000e+1	1.667000e-21
 2.230000e+1	1.662000e-21
 2.240000e+1	1.657000e-21
 2.250000e+1	1.653000e-21
 2.260000e+1	1.648000e-21
 2.270000e+1	1.643000e-21
 2.280000e+1	1.638000e-21
 2.290000e+1	1.632000e-21
 2.300000e+1	1.625000e-21
 2.310000e+1	1.618000e-21
 2.320000e+1	1.612000e-21
 2.330000e+1	1.607000e-21
 2.340000e+1	1.602000e-21
 2.350000e+1	1.597000e-21
 2.360000e+1	1.592000e-21
 2.370000e+1	1.588000e-21
 2.380000e+1	1.583000e-21
 2.390000e+1	1.578000e-21
 2.400000e+1	1.573000e-21
 2.410000e+1	1.570000e-21
 2.420000e+1	1.567000e-21
 2.430000e+1	1.563000e-21
 2.440000e+1	1.560000e-21
 2.450000e+1	1.553000e-21
 2.460000e+1	1.547000e-21
 2.470000e+1	1.541000e-21
 2.480000e+1	1.534000e-21
 2.490000e+1	1.531000e-21
 2.500000e+1	1.528000e-21
 2.510000e+1	1.524000e-21
 2.520000e+1	1.521000e-21
 2.530000e+1	1.516000e-21
 2.540000e+1	1.511000e-21
 2.550000e+1	1.506000e-21
 2.560000e+1	1.502000e-21
 2.570000e+1	1.497000e-21
 2.580000e+1	1.492000e-21
 2.590000e+1	1.487000e-21
 2.600000e+1	1.482000e-21
 2.610000e+1	1.479000e-21
 2.620000e+1	1.475000e-21
 2.630000e+1	1.472000e-21
 2.640000e+1	1.469000e-21
 2.650000e+1	1.466000e-21
 2.660000e+1	1.463000e-21
 2.670000e+1	1.459000e-21
 2.680000e+1	1.456000e-21
 2.690000e+1	1.451000e-21
 2.700000e+1	1.446000e-21
 2.710000e+1	1.441000e-21
 2.720000e+1	1.437000e-21
 2.730000e+1	1.432000e-21
 2.740000e+1	1.427000e-21
 2.750000e+1	1.422000e-21
 2.760000e+1	1.417000e-21
 2.770000e+1	1.414000e-21
 2.780000e+1	1.410000e-21
 2.790000e+1	1.407000e-21
 2.800000e+1	1.404000e-21
 2.810000e+1	1.401000e-21
 2.820000e+1	1.398000e-21
 2.830000e+1	1.394000e-21
 2.840000e+1	1.391000e-21
 2.850000e+1	1.388000e-21
 2.860000e+1	1.384000e-21
 2.870000e+1	1.381000e-21
 2.880000e+1	1.378000e-21
 2.890000e+1	1.373000e-21
 2.900000e+1	1.368000e-21
 2.910000e+1	1.363000e-21
 2.920000e+1	1.359000e-21
 2.930000e+1	1.354000e-21
 2.940000e+1	1.349000e-21
 2.950000e+1	1.344000e-21
 2.960000e+1	1.339000e-21
 2.970000e+1	1.336000e-21
 2.980000e+1	1.333000e-21
 2.990000e+1	1.329000e-21
 3.000000e+1	1.326000e-21
 3.010000e+1	1.323000e-21
 3.020000e+1	1.320000e-21
 3.030000e+1	1.316000e-21
 3.040000e+1	1.313000e-21
 3.050000e+1	1.310000e-21
 3.060000e+1	1.306000e-21
 3.070000e+1	1.303000e-21
 3.080000e+1	1.300000e-21
 3.090000e+1	1.297000e-21
 3.100000e+1	1.294000e-21
 3.110000e+1	1.290000e-21
 3.120000e+1	1.287000e-21
 3.130000e+1	1.284000e-21
 3.140000e+1	1.280000e-21
 3.150000e+1	1.277000e-21
 3.160000e+1	1.274000e-21
 3.170000e+1	1.271000e-21
 3.180000e+1	1.267000e-21
 3.190000e+1	1.264000e-21
 3.200000e+1	1.261000e-21
 3.210000e+1	1.258000e-21
 3.220000e+1	1.255000e-21
 3.230000e+1	1.251000e-21
 3.240000e+1	1.248000e-21
 3.250000e+1	1.245000e-21
 3.260000e+1	1.241000e-21
 3.270000e+1	1.238000e-21
 3.280000e+1	1.235000e-21
 3.290000e+1	1.232000e-21
 3.300000e+1	1.229000e-21
 3.310000e+1	1.225000e-21
 3.320000e+1	1.222000e-21
 3.330000e+1	1.219000e-21
 3.340000e+1	1.216000e-21
 3.350000e+1	1.212000e-21
 3.360000e+1	1.209000e-21
 3.370000e+1	1.206000e-21
 3.380000e+1	1.202000e-21
 3.390000e+1	1.199000e-21
 3.400000e+1	1.196000e-21
 3.410000e+1	1.193000e-21
 3.420000e+1	1.190000e-21
 3.430000e+1	1.186000e-21
 3.440000e+1	1.183000e-21
 3.450000e+1	1.180000e-21
 3.460000e+1	1.176000e-21
 3.470000e+1	1.173000e-21
 3.480000e+1	1.170000e-21
 3.490000e+1	1.167000e-21
 3.500000e+1	1.163000e-21
 3.510000e+1	1.160000e-21
 3.520000e+1	1.157000e-21
 3.530000e+1	1.154000e-21
 3.540000e+1	1.151000e-21
 3.550000e+1	1.147000e-21
 3.560000e+1	1.144000e-21
 3.570000e+1	1.142000e-21
 3.580000e+1	1.141000e-21
 3.590000e+1	1.139000e-21
 3.600000e+1	1.137000e-21
 3.610000e+1	1.133000e-21
 3.620000e+1	1.128000e-21
 3.630000e+1	1.123000e-21
 3.640000e+1	1.118000e-21
 3.650000e+1	1.115000e-21
 3.660000e+1	1.112000e-21
 3.670000e+1	1.108000e-21
 3.680000e+1	1.105000e-21
 3.690000e+1	1.102000e-21
 3.700000e+1	1.098000e-21
 3.710000e+1	1.095000e-21
 3.720000e+1	1.092000e-21
 3.730000e+1	1.090000e-21
 3.740000e+1	1.089000e-21
 3.750000e+1	1.087000e-21
 3.760000e+1	1.086000e-21
 3.770000e+1	1.084000e-21
 3.780000e+1	1.082000e-21
 3.790000e+1	1.081000e-21
 3.800000e+1	1.079000e-21
 3.810000e+1	1.076000e-21
 3.820000e+1	1.072000e-21
 3.830000e+1	1.069000e-21
 3.840000e+1	1.066000e-21
 3.850000e+1	1.063000e-21
 3.860000e+1	1.059000e-21
 3.870000e+1	1.056000e-21
 3.880000e+1	1.053000e-21
 3.890000e+1	1.051000e-21
 3.900000e+1	1.050000e-21
 3.910000e+1	1.048000e-21
 3.920000e+1	1.047000e-21
 3.930000e+1	1.045000e-21
 3.940000e+1	1.043000e-21
 3.950000e+1	1.042000e-21
 3.960000e+1	1.040000e-21
 3.970000e+1	1.038000e-21
 3.980000e+1	1.037000e-21
 3.990000e+1	1.035000e-21
 4.000000e+1	1.033000e-21
 5.000000e+1	8.510000e-22
 7.000000e+1	6.030000e-22
 1.000000e+2	4.020000e-22
 1.500000e+2	2.680000e-22
 2.000000e+2	2.010000e-22
 2.500000e+2	1.610000e-22
 3.000000e+2	1.340000e-22
 5.000000e+2	8.200000e-23
 7.000000e+2	6.000000e-23
 1.000000e+3	4.200000e-23
-----------------------------
