/*--------------------------------*- C++ -*----------------------------------*\
  =========                 |
  \\      /  F ield         | OpenFOAM: The Open Source CFD Toolbox
   \\    /   O peration     | Website:  https://openfoam.org
    \\  /    A nd           | Version:  7
     \\/     M anipulation  |
\*---------------------------------------------------------------------------*/
FoamFile
{
    version     2.0;
    format      ascii;
    class       faceList;
    location    "constant/solid/polyMesh";
    object      faces;
}
// * * * * * * * * * * * * * * * * * * * * * * * * * * * * * * * * * * * * * //


1640
(
4(42 62 482 462)
4(1 22 482 62)
4(43 63 483 463)
4(62 482 483 63)
4(44 64 484 464)
4(63 483 484 64)
4(45 65 485 465)
4(64 484 485 65)
4(46 66 486 466)
4(65 485 486 66)
4(47 67 487 467)
4(66 486 487 67)
4(48 68 488 468)
4(67 487 488 68)
4(49 69 489 469)
4(68 488 489 69)
4(50 70 490 470)
4(69 489 490 70)
4(51 71 491 471)
4(70 490 491 71)
4(52 72 492 472)
4(71 491 492 72)
4(53 73 493 473)
4(72 492 493 73)
4(54 74 494 474)
4(73 493 494 74)
4(55 75 495 475)
4(74 494 495 75)
4(56 76 496 476)
4(75 495 496 76)
4(57 77 497 477)
4(76 496 497 77)
4(58 78 498 478)
4(77 497 498 78)
4(59 79 499 479)
4(78 498 499 79)
4(60 80 500 480)
4(79 499 500 80)
4(80 500 501 81)
4(62 82 502 482)
4(2 23 502 82)
4(63 83 503 483)
4(82 502 503 83)
4(64 84 504 484)
4(83 503 504 84)
4(65 85 505 485)
4(84 504 505 85)
4(66 86 506 486)
4(85 505 506 86)
4(67 87 507 487)
4(86 506 507 87)
4(68 88 508 488)
4(87 507 508 88)
4(69 89 509 489)
4(88 508 509 89)
4(70 90 510 490)
4(89 509 510 90)
4(71 91 511 491)
4(90 510 511 91)
4(72 92 512 492)
4(91 511 512 92)
4(73 93 513 493)
4(92 512 513 93)
4(74 94 514 494)
4(93 513 514 94)
4(75 95 515 495)
4(94 514 515 95)
4(76 96 516 496)
4(95 515 516 96)
4(77 97 517 497)
4(96 516 517 97)
4(78 98 518 498)
4(97 517 518 98)
4(79 99 519 499)
4(98 518 519 99)
4(80 100 520 500)
4(99 519 520 100)
4(100 520 521 101)
4(82 102 522 502)
4(3 24 522 102)
4(83 103 523 503)
4(102 522 523 103)
4(84 104 524 504)
4(103 523 524 104)
4(85 105 525 505)
4(104 524 525 105)
4(86 106 526 506)
4(105 525 526 106)
4(87 107 527 507)
4(106 526 527 107)
4(88 108 528 508)
4(107 527 528 108)
4(89 109 529 509)
4(108 528 529 109)
4(90 110 530 510)
4(109 529 530 110)
4(91 111 531 511)
4(110 530 531 111)
4(92 112 532 512)
4(111 531 532 112)
4(93 113 533 513)
4(112 532 533 113)
4(94 114 534 514)
4(113 533 534 114)
4(95 115 535 515)
4(114 534 535 115)
4(96 116 536 516)
4(115 535 536 116)
4(97 117 537 517)
4(116 536 537 117)
4(98 118 538 518)
4(117 537 538 118)
4(99 119 539 519)
4(118 538 539 119)
4(100 120 540 520)
4(119 539 540 120)
4(120 540 541 121)
4(102 122 542 522)
4(4 25 542 122)
4(103 123 543 523)
4(122 542 543 123)
4(104 124 544 524)
4(123 543 544 124)
4(105 125 545 525)
4(124 544 545 125)
4(106 126 546 526)
4(125 545 546 126)
4(107 127 547 527)
4(126 546 547 127)
4(108 128 548 528)
4(127 547 548 128)
4(109 129 549 529)
4(128 548 549 129)
4(110 130 550 530)
4(129 549 550 130)
4(111 131 551 531)
4(130 550 551 131)
4(112 132 552 532)
4(131 551 552 132)
4(113 133 553 533)
4(132 552 553 133)
4(114 134 554 534)
4(133 553 554 134)
4(115 135 555 535)
4(134 554 555 135)
4(116 136 556 536)
4(135 555 556 136)
4(117 137 557 537)
4(136 556 557 137)
4(118 138 558 538)
4(137 557 558 138)
4(119 139 559 539)
4(138 558 559 139)
4(120 140 560 540)
4(139 559 560 140)
4(140 560 561 141)
4(122 142 562 542)
4(5 26 562 142)
4(123 143 563 543)
4(142 562 563 143)
4(124 144 564 544)
4(143 563 564 144)
4(125 145 565 545)
4(144 564 565 145)
4(126 146 566 546)
4(145 565 566 146)
4(127 147 567 547)
4(146 566 567 147)
4(128 148 568 548)
4(147 567 568 148)
4(129 149 569 549)
4(148 568 569 149)
4(130 150 570 550)
4(149 569 570 150)
4(131 151 571 551)
4(150 570 571 151)
4(132 152 572 552)
4(151 571 572 152)
4(133 153 573 553)
4(152 572 573 153)
4(134 154 574 554)
4(153 573 574 154)
4(135 155 575 555)
4(154 574 575 155)
4(136 156 576 556)
4(155 575 576 156)
4(137 157 577 557)
4(156 576 577 157)
4(138 158 578 558)
4(157 577 578 158)
4(139 159 579 559)
4(158 578 579 159)
4(140 160 580 560)
4(159 579 580 160)
4(160 580 581 161)
4(142 162 582 562)
4(6 27 582 162)
4(143 163 583 563)
4(162 582 583 163)
4(144 164 584 564)
4(163 583 584 164)
4(145 165 585 565)
4(164 584 585 165)
4(146 166 586 566)
4(165 585 586 166)
4(147 167 587 567)
4(166 586 587 167)
4(148 168 588 568)
4(167 587 588 168)
4(149 169 589 569)
4(168 588 589 169)
4(150 170 590 570)
4(169 589 590 170)
4(151 171 591 571)
4(170 590 591 171)
4(152 172 592 572)
4(171 591 592 172)
4(153 173 593 573)
4(172 592 593 173)
4(154 174 594 574)
4(173 593 594 174)
4(155 175 595 575)
4(174 594 595 175)
4(156 176 596 576)
4(175 595 596 176)
4(157 177 597 577)
4(176 596 597 177)
4(158 178 598 578)
4(177 597 598 178)
4(159 179 599 579)
4(178 598 599 179)
4(160 180 600 580)
4(179 599 600 180)
4(180 600 601 181)
4(162 182 602 582)
4(7 28 602 182)
4(163 183 603 583)
4(182 602 603 183)
4(164 184 604 584)
4(183 603 604 184)
4(165 185 605 585)
4(184 604 605 185)
4(166 186 606 586)
4(185 605 606 186)
4(167 187 607 587)
4(186 606 607 187)
4(168 188 608 588)
4(187 607 608 188)
4(169 189 609 589)
4(188 608 609 189)
4(170 190 610 590)
4(189 609 610 190)
4(171 191 611 591)
4(190 610 611 191)
4(172 192 612 592)
4(191 611 612 192)
4(173 193 613 593)
4(192 612 613 193)
4(174 194 614 594)
4(193 613 614 194)
4(175 195 615 595)
4(194 614 615 195)
4(176 196 616 596)
4(195 615 616 196)
4(177 197 617 597)
4(196 616 617 197)
4(178 198 618 598)
4(197 617 618 198)
4(179 199 619 599)
4(198 618 619 199)
4(180 200 620 600)
4(199 619 620 200)
4(200 620 621 201)
4(182 202 622 602)
4(8 29 622 202)
4(183 203 623 603)
4(202 622 623 203)
4(184 204 624 604)
4(203 623 624 204)
4(185 205 625 605)
4(204 624 625 205)
4(186 206 626 606)
4(205 625 626 206)
4(187 207 627 607)
4(206 626 627 207)
4(188 208 628 608)
4(207 627 628 208)
4(189 209 629 609)
4(208 628 629 209)
4(190 210 630 610)
4(209 629 630 210)
4(191 211 631 611)
4(210 630 631 211)
4(192 212 632 612)
4(211 631 632 212)
4(193 213 633 613)
4(212 632 633 213)
4(194 214 634 614)
4(213 633 634 214)
4(195 215 635 615)
4(214 634 635 215)
4(196 216 636 616)
4(215 635 636 216)
4(197 217 637 617)
4(216 636 637 217)
4(198 218 638 618)
4(217 637 638 218)
4(199 219 639 619)
4(218 638 639 219)
4(200 220 640 620)
4(219 639 640 220)
4(220 640 641 221)
4(202 222 642 622)
4(9 30 642 222)
4(203 223 643 623)
4(222 642 643 223)
4(204 224 644 624)
4(223 643 644 224)
4(205 225 645 625)
4(224 644 645 225)
4(206 226 646 626)
4(225 645 646 226)
4(207 227 647 627)
4(226 646 647 227)
4(208 228 648 628)
4(227 647 648 228)
4(209 229 649 629)
4(228 648 649 229)
4(210 230 650 630)
4(229 649 650 230)
4(211 231 651 631)
4(230 650 651 231)
4(212 232 652 632)
4(231 651 652 232)
4(213 233 653 633)
4(232 652 653 233)
4(214 234 654 634)
4(233 653 654 234)
4(215 235 655 635)
4(234 654 655 235)
4(216 236 656 636)
4(235 655 656 236)
4(217 237 657 637)
4(236 656 657 237)
4(218 238 658 638)
4(237 657 658 238)
4(219 239 659 639)
4(238 658 659 239)
4(220 240 660 640)
4(239 659 660 240)
4(240 660 661 241)
4(222 242 662 642)
4(10 31 662 242)
4(223 243 663 643)
4(242 662 663 243)
4(224 244 664 644)
4(243 663 664 244)
4(225 245 665 645)
4(244 664 665 245)
4(226 246 666 646)
4(245 665 666 246)
4(227 247 667 647)
4(246 666 667 247)
4(228 248 668 648)
4(247 667 668 248)
4(229 249 669 649)
4(248 668 669 249)
4(230 250 670 650)
4(249 669 670 250)
4(231 251 671 651)
4(250 670 671 251)
4(232 252 672 652)
4(251 671 672 252)
4(233 253 673 653)
4(252 672 673 253)
4(234 254 674 654)
4(253 673 674 254)
4(235 255 675 655)
4(254 674 675 255)
4(236 256 676 656)
4(255 675 676 256)
4(237 257 677 657)
4(256 676 677 257)
4(238 258 678 658)
4(257 677 678 258)
4(239 259 679 659)
4(258 678 679 259)
4(240 260 680 660)
4(259 679 680 260)
4(260 680 681 261)
4(242 262 682 662)
4(11 32 682 262)
4(243 263 683 663)
4(262 682 683 263)
4(244 264 684 664)
4(263 683 684 264)
4(245 265 685 665)
4(264 684 685 265)
4(246 266 686 666)
4(265 685 686 266)
4(247 267 687 667)
4(266 686 687 267)
4(248 268 688 668)
4(267 687 688 268)
4(249 269 689 669)
4(268 688 689 269)
4(250 270 690 670)
4(269 689 690 270)
4(251 271 691 671)
4(270 690 691 271)
4(252 272 692 672)
4(271 691 692 272)
4(253 273 693 673)
4(272 692 693 273)
4(254 274 694 674)
4(273 693 694 274)
4(255 275 695 675)
4(274 694 695 275)
4(256 276 696 676)
4(275 695 696 276)
4(257 277 697 677)
4(276 696 697 277)
4(258 278 698 678)
4(277 697 698 278)
4(259 279 699 679)
4(278 698 699 279)
4(260 280 700 680)
4(279 699 700 280)
4(280 700 701 281)
4(262 282 702 682)
4(12 33 702 282)
4(263 283 703 683)
4(282 702 703 283)
4(264 284 704 684)
4(283 703 704 284)
4(265 285 705 685)
4(284 704 705 285)
4(266 286 706 686)
4(285 705 706 286)
4(267 287 707 687)
4(286 706 707 287)
4(268 288 708 688)
4(287 707 708 288)
4(269 289 709 689)
4(288 708 709 289)
4(270 290 710 690)
4(289 709 710 290)
4(271 291 711 691)
4(290 710 711 291)
4(272 292 712 692)
4(291 711 712 292)
4(273 293 713 693)
4(292 712 713 293)
4(274 294 714 694)
4(293 713 714 294)
4(275 295 715 695)
4(294 714 715 295)
4(276 296 716 696)
4(295 715 716 296)
4(277 297 717 697)
4(296 716 717 297)
4(278 298 718 698)
4(297 717 718 298)
4(279 299 719 699)
4(298 718 719 299)
4(280 300 720 700)
4(299 719 720 300)
4(300 720 721 301)
4(282 302 722 702)
4(13 34 722 302)
4(283 303 723 703)
4(302 722 723 303)
4(284 304 724 704)
4(303 723 724 304)
4(285 305 725 705)
4(304 724 725 305)
4(286 306 726 706)
4(305 725 726 306)
4(287 307 727 707)
4(306 726 727 307)
4(288 308 728 708)
4(307 727 728 308)
4(289 309 729 709)
4(308 728 729 309)
4(290 310 730 710)
4(309 729 730 310)
4(291 311 731 711)
4(310 730 731 311)
4(292 312 732 712)
4(311 731 732 312)
4(293 313 733 713)
4(312 732 733 313)
4(294 314 734 714)
4(313 733 734 314)
4(295 315 735 715)
4(314 734 735 315)
4(296 316 736 716)
4(315 735 736 316)
4(297 317 737 717)
4(316 736 737 317)
4(298 318 738 718)
4(317 737 738 318)
4(299 319 739 719)
4(318 738 739 319)
4(300 320 740 720)
4(319 739 740 320)
4(320 740 741 321)
4(302 322 742 722)
4(14 35 742 322)
4(303 323 743 723)
4(322 742 743 323)
4(304 324 744 724)
4(323 743 744 324)
4(305 325 745 725)
4(324 744 745 325)
4(306 326 746 726)
4(325 745 746 326)
4(307 327 747 727)
4(326 746 747 327)
4(308 328 748 728)
4(327 747 748 328)
4(309 329 749 729)
4(328 748 749 329)
4(310 330 750 730)
4(329 749 750 330)
4(311 331 751 731)
4(330 750 751 331)
4(312 332 752 732)
4(331 751 752 332)
4(313 333 753 733)
4(332 752 753 333)
4(314 334 754 734)
4(333 753 754 334)
4(315 335 755 735)
4(334 754 755 335)
4(316 336 756 736)
4(335 755 756 336)
4(317 337 757 737)
4(336 756 757 337)
4(318 338 758 738)
4(337 757 758 338)
4(319 339 759 739)
4(338 758 759 339)
4(320 340 760 740)
4(339 759 760 340)
4(340 760 761 341)
4(322 342 762 742)
4(15 36 762 342)
4(323 343 763 743)
4(342 762 763 343)
4(324 344 764 744)
4(343 763 764 344)
4(325 345 765 745)
4(344 764 765 345)
4(326 346 766 746)
4(345 765 766 346)
4(327 347 767 747)
4(346 766 767 347)
4(328 348 768 748)
4(347 767 768 348)
4(329 349 769 749)
4(348 768 769 349)
4(330 350 770 750)
4(349 769 770 350)
4(331 351 771 751)
4(350 770 771 351)
4(332 352 772 752)
4(351 771 772 352)
4(333 353 773 753)
4(352 772 773 353)
4(334 354 774 754)
4(353 773 774 354)
4(335 355 775 755)
4(354 774 775 355)
4(336 356 776 756)
4(355 775 776 356)
4(337 357 777 757)
4(356 776 777 357)
4(338 358 778 758)
4(357 777 778 358)
4(339 359 779 759)
4(358 778 779 359)
4(340 360 780 760)
4(359 779 780 360)
4(360 780 781 361)
4(342 362 782 762)
4(16 37 782 362)
4(343 363 783 763)
4(362 782 783 363)
4(344 364 784 764)
4(363 783 784 364)
4(345 365 785 765)
4(364 784 785 365)
4(346 366 786 766)
4(365 785 786 366)
4(347 367 787 767)
4(366 786 787 367)
4(348 368 788 768)
4(367 787 788 368)
4(349 369 789 769)
4(368 788 789 369)
4(350 370 790 770)
4(369 789 790 370)
4(351 371 791 771)
4(370 790 791 371)
4(352 372 792 772)
4(371 791 792 372)
4(353 373 793 773)
4(372 792 793 373)
4(354 374 794 774)
4(373 793 794 374)
4(355 375 795 775)
4(374 794 795 375)
4(356 376 796 776)
4(375 795 796 376)
4(357 377 797 777)
4(376 796 797 377)
4(358 378 798 778)
4(377 797 798 378)
4(359 379 799 779)
4(378 798 799 379)
4(360 380 800 780)
4(379 799 800 380)
4(380 800 801 381)
4(362 382 802 782)
4(17 38 802 382)
4(363 383 803 783)
4(382 802 803 383)
4(364 384 804 784)
4(383 803 804 384)
4(365 385 805 785)
4(384 804 805 385)
4(366 386 806 786)
4(385 805 806 386)
4(367 387 807 787)
4(386 806 807 387)
4(368 388 808 788)
4(387 807 808 388)
4(369 389 809 789)
4(388 808 809 389)
4(370 390 810 790)
4(389 809 810 390)
4(371 391 811 791)
4(390 810 811 391)
4(372 392 812 792)
4(391 811 812 392)
4(373 393 813 793)
4(392 812 813 393)
4(374 394 814 794)
4(393 813 814 394)
4(375 395 815 795)
4(394 814 815 395)
4(376 396 816 796)
4(395 815 816 396)
4(377 397 817 797)
4(396 816 817 397)
4(378 398 818 798)
4(397 817 818 398)
4(379 399 819 799)
4(398 818 819 399)
4(380 400 820 800)
4(399 819 820 400)
4(400 820 821 401)
4(382 402 822 802)
4(18 39 822 402)
4(383 403 823 803)
4(402 822 823 403)
4(384 404 824 804)
4(403 823 824 404)
4(385 405 825 805)
4(404 824 825 405)
4(386 406 826 806)
4(405 825 826 406)
4(387 407 827 807)
4(406 826 827 407)
4(388 408 828 808)
4(407 827 828 408)
4(389 409 829 809)
4(408 828 829 409)
4(390 410 830 810)
4(409 829 830 410)
4(391 411 831 811)
4(410 830 831 411)
4(392 412 832 812)
4(411 831 832 412)
4(393 413 833 813)
4(412 832 833 413)
4(394 414 834 814)
4(413 833 834 414)
4(395 415 835 815)
4(414 834 835 415)
4(396 416 836 816)
4(415 835 836 416)
4(397 417 837 817)
4(416 836 837 417)
4(398 418 838 818)
4(417 837 838 418)
4(399 419 839 819)
4(418 838 839 419)
4(400 420 840 820)
4(419 839 840 420)
4(420 840 841 421)
4(402 422 842 822)
4(19 40 842 422)
4(403 423 843 823)
4(422 842 843 423)
4(404 424 844 824)
4(423 843 844 424)
4(405 425 845 825)
4(424 844 845 425)
4(406 426 846 826)
4(425 845 846 426)
4(407 427 847 827)
4(426 846 847 427)
4(408 428 848 828)
4(427 847 848 428)
4(409 429 849 829)
4(428 848 849 429)
4(410 430 850 830)
4(429 849 850 430)
4(411 431 851 831)
4(430 850 851 431)
4(412 432 852 832)
4(431 851 852 432)
4(413 433 853 833)
4(432 852 853 433)
4(414 434 854 834)
4(433 853 854 434)
4(415 435 855 835)
4(434 854 855 435)
4(416 436 856 836)
4(435 855 856 436)
4(417 437 857 837)
4(436 856 857 437)
4(418 438 858 838)
4(437 857 858 438)
4(419 439 859 839)
4(438 858 859 439)
4(420 440 860 840)
4(439 859 860 440)
4(440 860 861 441)
4(422 442 862 842)
4(423 443 863 843)
4(424 444 864 844)
4(425 445 865 845)
4(426 446 866 846)
4(427 447 867 847)
4(428 448 868 848)
4(429 449 869 849)
4(430 450 870 850)
4(431 451 871 851)
4(432 452 872 852)
4(433 453 873 853)
4(434 454 874 854)
4(435 455 875 855)
4(436 456 876 856)
4(437 457 877 857)
4(438 458 878 858)
4(439 459 879 859)
4(440 460 880 860)
4(20 41 862 442)
4(442 862 863 443)
4(443 863 864 444)
4(444 864 865 445)
4(445 865 866 446)
4(446 866 867 447)
4(447 867 868 448)
4(448 868 869 449)
4(449 869 870 450)
4(450 870 871 451)
4(451 871 872 452)
4(452 872 873 453)
4(453 873 874 454)
4(454 874 875 455)
4(455 875 876 456)
4(456 876 877 457)
4(457 877 878 458)
4(458 878 879 459)
4(459 879 880 460)
4(460 880 881 461)
4(61 81 501 481)
4(81 101 521 501)
4(101 121 541 521)
4(121 141 561 541)
4(141 161 581 561)
4(161 181 601 581)
4(181 201 621 601)
4(201 221 641 621)
4(221 241 661 641)
4(241 261 681 661)
4(261 281 701 681)
4(281 301 721 701)
4(301 321 741 721)
4(321 341 761 741)
4(341 361 781 761)
4(361 381 801 781)
4(381 401 821 801)
4(401 421 841 821)
4(421 441 861 841)
4(441 461 881 861)
4(0 42 462 21)
4(42 43 463 462)
4(43 44 464 463)
4(44 45 465 464)
4(45 46 466 465)
4(46 47 467 466)
4(47 48 468 467)
4(48 49 469 468)
4(49 50 470 469)
4(50 51 471 470)
4(51 52 472 471)
4(52 53 473 472)
4(53 54 474 473)
4(54 55 475 474)
4(55 56 476 475)
4(56 57 477 476)
4(57 58 478 477)
4(58 59 479 478)
4(59 60 480 479)
4(60 61 481 480)
4(0 1 62 42)
4(1 2 82 62)
4(2 3 102 82)
4(3 4 122 102)
4(4 5 142 122)
4(5 6 162 142)
4(6 7 182 162)
4(7 8 202 182)
4(8 9 222 202)
4(9 10 242 222)
4(10 11 262 242)
4(11 12 282 262)
4(12 13 302 282)
4(13 14 322 302)
4(14 15 342 322)
4(15 16 362 342)
4(16 17 382 362)
4(17 18 402 382)
4(18 19 422 402)
4(19 20 442 422)
4(42 62 63 43)
4(62 82 83 63)
4(82 102 103 83)
4(102 122 123 103)
4(122 142 143 123)
4(142 162 163 143)
4(162 182 183 163)
4(182 202 203 183)
4(202 222 223 203)
4(222 242 243 223)
4(242 262 263 243)
4(262 282 283 263)
4(282 302 303 283)
4(302 322 323 303)
4(322 342 343 323)
4(342 362 363 343)
4(362 382 383 363)
4(382 402 403 383)
4(402 422 423 403)
4(422 442 443 423)
4(43 63 64 44)
4(63 83 84 64)
4(83 103 104 84)
4(103 123 124 104)
4(123 143 144 124)
4(143 163 164 144)
4(163 183 184 164)
4(183 203 204 184)
4(203 223 224 204)
4(223 243 244 224)
4(243 263 264 244)
4(263 283 284 264)
4(283 303 304 284)
4(303 323 324 304)
4(323 343 344 324)
4(343 363 364 344)
4(363 383 384 364)
4(383 403 404 384)
4(403 423 424 404)
4(423 443 444 424)
4(44 64 65 45)
4(64 84 85 65)
4(84 104 105 85)
4(104 124 125 105)
4(124 144 145 125)
4(144 164 165 145)
4(164 184 185 165)
4(184 204 205 185)
4(204 224 225 205)
4(224 244 245 225)
4(244 264 265 245)
4(264 284 285 265)
4(284 304 305 285)
4(304 324 325 305)
4(324 344 345 325)
4(344 364 365 345)
4(364 384 385 365)
4(384 404 405 385)
4(404 424 425 405)
4(424 444 445 425)
4(45 65 66 46)
4(65 85 86 66)
4(85 105 106 86)
4(105 125 126 106)
4(125 145 146 126)
4(145 165 166 146)
4(165 185 186 166)
4(185 205 206 186)
4(205 225 226 206)
4(225 245 246 226)
4(245 265 266 246)
4(265 285 286 266)
4(285 305 306 286)
4(305 325 326 306)
4(325 345 346 326)
4(345 365 366 346)
4(365 385 386 366)
4(385 405 406 386)
4(405 425 426 406)
4(425 445 446 426)
4(46 66 67 47)
4(66 86 87 67)
4(86 106 107 87)
4(106 126 127 107)
4(126 146 147 127)
4(146 166 167 147)
4(166 186 187 167)
4(186 206 207 187)
4(206 226 227 207)
4(226 246 247 227)
4(246 266 267 247)
4(266 286 287 267)
4(286 306 307 287)
4(306 326 327 307)
4(326 346 347 327)
4(346 366 367 347)
4(366 386 387 367)
4(386 406 407 387)
4(406 426 427 407)
4(426 446 447 427)
4(47 67 68 48)
4(67 87 88 68)
4(87 107 108 88)
4(107 127 128 108)
4(127 147 148 128)
4(147 167 168 148)
4(167 187 188 168)
4(187 207 208 188)
4(207 227 228 208)
4(227 247 248 228)
4(247 267 268 248)
4(267 287 288 268)
4(287 307 308 288)
4(307 327 328 308)
4(327 347 348 328)
4(347 367 368 348)
4(367 387 388 368)
4(387 407 408 388)
4(407 427 428 408)
4(427 447 448 428)
4(48 68 69 49)
4(68 88 89 69)
4(88 108 109 89)
4(108 128 129 109)
4(128 148 149 129)
4(148 168 169 149)
4(168 188 189 169)
4(188 208 209 189)
4(208 228 229 209)
4(228 248 249 229)
4(248 268 269 249)
4(268 288 289 269)
4(288 308 309 289)
4(308 328 329 309)
4(328 348 349 329)
4(348 368 369 349)
4(368 388 389 369)
4(388 408 409 389)
4(408 428 429 409)
4(428 448 449 429)
4(49 69 70 50)
4(69 89 90 70)
4(89 109 110 90)
4(109 129 130 110)
4(129 149 150 130)
4(149 169 170 150)
4(169 189 190 170)
4(189 209 210 190)
4(209 229 230 210)
4(229 249 250 230)
4(249 269 270 250)
4(269 289 290 270)
4(289 309 310 290)
4(309 329 330 310)
4(329 349 350 330)
4(349 369 370 350)
4(369 389 390 370)
4(389 409 410 390)
4(409 429 430 410)
4(429 449 450 430)
4(50 70 71 51)
4(70 90 91 71)
4(90 110 111 91)
4(110 130 131 111)
4(130 150 151 131)
4(150 170 171 151)
4(170 190 191 171)
4(190 210 211 191)
4(210 230 231 211)
4(230 250 251 231)
4(250 270 271 251)
4(270 290 291 271)
4(290 310 311 291)
4(310 330 331 311)
4(330 350 351 331)
4(350 370 371 351)
4(370 390 391 371)
4(390 410 411 391)
4(410 430 431 411)
4(430 450 451 431)
4(51 71 72 52)
4(71 91 92 72)
4(91 111 112 92)
4(111 131 132 112)
4(131 151 152 132)
4(151 171 172 152)
4(171 191 192 172)
4(191 211 212 192)
4(211 231 232 212)
4(231 251 252 232)
4(251 271 272 252)
4(271 291 292 272)
4(291 311 312 292)
4(311 331 332 312)
4(331 351 352 332)
4(351 371 372 352)
4(371 391 392 372)
4(391 411 412 392)
4(411 431 432 412)
4(431 451 452 432)
4(52 72 73 53)
4(72 92 93 73)
4(92 112 113 93)
4(112 132 133 113)
4(132 152 153 133)
4(152 172 173 153)
4(172 192 193 173)
4(192 212 213 193)
4(212 232 233 213)
4(232 252 253 233)
4(252 272 273 253)
4(272 292 293 273)
4(292 312 313 293)
4(312 332 333 313)
4(332 352 353 333)
4(352 372 373 353)
4(372 392 393 373)
4(392 412 413 393)
4(412 432 433 413)
4(432 452 453 433)
4(53 73 74 54)
4(73 93 94 74)
4(93 113 114 94)
4(113 133 134 114)
4(133 153 154 134)
4(153 173 174 154)
4(173 193 194 174)
4(193 213 214 194)
4(213 233 234 214)
4(233 253 254 234)
4(253 273 274 254)
4(273 293 294 274)
4(293 313 314 294)
4(313 333 334 314)
4(333 353 354 334)
4(353 373 374 354)
4(373 393 394 374)
4(393 413 414 394)
4(413 433 434 414)
4(433 453 454 434)
4(54 74 75 55)
4(74 94 95 75)
4(94 114 115 95)
4(114 134 135 115)
4(134 154 155 135)
4(154 174 175 155)
4(174 194 195 175)
4(194 214 215 195)
4(214 234 235 215)
4(234 254 255 235)
4(254 274 275 255)
4(274 294 295 275)
4(294 314 315 295)
4(314 334 335 315)
4(334 354 355 335)
4(354 374 375 355)
4(374 394 395 375)
4(394 414 415 395)
4(414 434 435 415)
4(434 454 455 435)
4(55 75 76 56)
4(75 95 96 76)
4(95 115 116 96)
4(115 135 136 116)
4(135 155 156 136)
4(155 175 176 156)
4(175 195 196 176)
4(195 215 216 196)
4(215 235 236 216)
4(235 255 256 236)
4(255 275 276 256)
4(275 295 296 276)
4(295 315 316 296)
4(315 335 336 316)
4(335 355 356 336)
4(355 375 376 356)
4(375 395 396 376)
4(395 415 416 396)
4(415 435 436 416)
4(435 455 456 436)
4(56 76 77 57)
4(76 96 97 77)
4(96 116 117 97)
4(116 136 137 117)
4(136 156 157 137)
4(156 176 177 157)
4(176 196 197 177)
4(196 216 217 197)
4(216 236 237 217)
4(236 256 257 237)
4(256 276 277 257)
4(276 296 297 277)
4(296 316 317 297)
4(316 336 337 317)
4(336 356 357 337)
4(356 376 377 357)
4(376 396 397 377)
4(396 416 417 397)
4(416 436 437 417)
4(436 456 457 437)
4(57 77 78 58)
4(77 97 98 78)
4(97 117 118 98)
4(117 137 138 118)
4(137 157 158 138)
4(157 177 178 158)
4(177 197 198 178)
4(197 217 218 198)
4(217 237 238 218)
4(237 257 258 238)
4(257 277 278 258)
4(277 297 298 278)
4(297 317 318 298)
4(317 337 338 318)
4(337 357 358 338)
4(357 377 378 358)
4(377 397 398 378)
4(397 417 418 398)
4(417 437 438 418)
4(437 457 458 438)
4(58 78 79 59)
4(78 98 99 79)
4(98 118 119 99)
4(118 138 139 119)
4(138 158 159 139)
4(158 178 179 159)
4(178 198 199 179)
4(198 218 219 199)
4(218 238 239 219)
4(238 258 259 239)
4(258 278 279 259)
4(278 298 299 279)
4(298 318 319 299)
4(318 338 339 319)
4(338 358 359 339)
4(358 378 379 359)
4(378 398 399 379)
4(398 418 419 399)
4(418 438 439 419)
4(438 458 459 439)
4(59 79 80 60)
4(79 99 100 80)
4(99 119 120 100)
4(119 139 140 120)
4(139 159 160 140)
4(159 179 180 160)
4(179 199 200 180)
4(199 219 220 200)
4(219 239 240 220)
4(239 259 260 240)
4(259 279 280 260)
4(279 299 300 280)
4(299 319 320 300)
4(319 339 340 320)
4(339 359 360 340)
4(359 379 380 360)
4(379 399 400 380)
4(399 419 420 400)
4(419 439 440 420)
4(439 459 460 440)
4(60 80 81 61)
4(80 100 101 81)
4(100 120 121 101)
4(120 140 141 121)
4(140 160 161 141)
4(160 180 181 161)
4(180 200 201 181)
4(200 220 221 201)
4(220 240 241 221)
4(240 260 261 241)
4(260 280 281 261)
4(280 300 301 281)
4(300 320 321 301)
4(320 340 341 321)
4(340 360 361 341)
4(360 380 381 361)
4(380 400 401 381)
4(400 420 421 401)
4(420 440 441 421)
4(440 460 461 441)
4(21 462 482 22)
4(22 482 502 23)
4(23 502 522 24)
4(24 522 542 25)
4(25 542 562 26)
4(26 562 582 27)
4(27 582 602 28)
4(28 602 622 29)
4(29 622 642 30)
4(30 642 662 31)
4(31 662 682 32)
4(32 682 702 33)
4(33 702 722 34)
4(34 722 742 35)
4(35 742 762 36)
4(36 762 782 37)
4(37 782 802 38)
4(38 802 822 39)
4(39 822 842 40)
4(40 842 862 41)
4(462 463 483 482)
4(482 483 503 502)
4(502 503 523 522)
4(522 523 543 542)
4(542 543 563 562)
4(562 563 583 582)
4(582 583 603 602)
4(602 603 623 622)
4(622 623 643 642)
4(642 643 663 662)
4(662 663 683 682)
4(682 683 703 702)
4(702 703 723 722)
4(722 723 743 742)
4(742 743 763 762)
4(762 763 783 782)
4(782 783 803 802)
4(802 803 823 822)
4(822 823 843 842)
4(842 843 863 862)
4(463 464 484 483)
4(483 484 504 503)
4(503 504 524 523)
4(523 524 544 543)
4(543 544 564 563)
4(563 564 584 583)
4(583 584 604 603)
4(603 604 624 623)
4(623 624 644 643)
4(643 644 664 663)
4(663 664 684 683)
4(683 684 704 703)
4(703 704 724 723)
4(723 724 744 743)
4(743 744 764 763)
4(763 764 784 783)
4(783 784 804 803)
4(803 804 824 823)
4(823 824 844 843)
4(843 844 864 863)
4(464 465 485 484)
4(484 485 505 504)
4(504 505 525 524)
4(524 525 545 544)
4(544 545 565 564)
4(564 565 585 584)
4(584 585 605 604)
4(604 605 625 624)
4(624 625 645 644)
4(644 645 665 664)
4(664 665 685 684)
4(684 685 705 704)
4(704 705 725 724)
4(724 725 745 744)
4(744 745 765 764)
4(764 765 785 784)
4(784 785 805 804)
4(804 805 825 824)
4(824 825 845 844)
4(844 845 865 864)
4(465 466 486 485)
4(485 486 506 505)
4(505 506 526 525)
4(525 526 546 545)
4(545 546 566 565)
4(565 566 586 585)
4(585 586 606 605)
4(605 606 626 625)
4(625 626 646 645)
4(645 646 666 665)
4(665 666 686 685)
4(685 686 706 705)
4(705 706 726 725)
4(725 726 746 745)
4(745 746 766 765)
4(765 766 786 785)
4(785 786 806 805)
4(805 806 826 825)
4(825 826 846 845)
4(845 846 866 865)
4(466 467 487 486)
4(486 487 507 506)
4(506 507 527 526)
4(526 527 547 546)
4(546 547 567 566)
4(566 567 587 586)
4(586 587 607 606)
4(606 607 627 626)
4(626 627 647 646)
4(646 647 667 666)
4(666 667 687 686)
4(686 687 707 706)
4(706 707 727 726)
4(726 727 747 746)
4(746 747 767 766)
4(766 767 787 786)
4(786 787 807 806)
4(806 807 827 826)
4(826 827 847 846)
4(846 847 867 866)
4(467 468 488 487)
4(487 488 508 507)
4(507 508 528 527)
4(527 528 548 547)
4(547 548 568 567)
4(567 568 588 587)
4(587 588 608 607)
4(607 608 628 627)
4(627 628 648 647)
4(647 648 668 667)
4(667 668 688 687)
4(687 688 708 707)
4(707 708 728 727)
4(727 728 748 747)
4(747 748 768 767)
4(767 768 788 787)
4(787 788 808 807)
4(807 808 828 827)
4(827 828 848 847)
4(847 848 868 867)
4(468 469 489 488)
4(488 489 509 508)
4(508 509 529 528)
4(528 529 549 548)
4(548 549 569 568)
4(568 569 589 588)
4(588 589 609 608)
4(608 609 629 628)
4(628 629 649 648)
4(648 649 669 668)
4(668 669 689 688)
4(688 689 709 708)
4(708 709 729 728)
4(728 729 749 748)
4(748 749 769 768)
4(768 769 789 788)
4(788 789 809 808)
4(808 809 829 828)
4(828 829 849 848)
4(848 849 869 868)
4(469 470 490 489)
4(489 490 510 509)
4(509 510 530 529)
4(529 530 550 549)
4(549 550 570 569)
4(569 570 590 589)
4(589 590 610 609)
4(609 610 630 629)
4(629 630 650 649)
4(649 650 670 669)
4(669 670 690 689)
4(689 690 710 709)
4(709 710 730 729)
4(729 730 750 749)
4(749 750 770 769)
4(769 770 790 789)
4(789 790 810 809)
4(809 810 830 829)
4(829 830 850 849)
4(849 850 870 869)
4(470 471 491 490)
4(490 491 511 510)
4(510 511 531 530)
4(530 531 551 550)
4(550 551 571 570)
4(570 571 591 590)
4(590 591 611 610)
4(610 611 631 630)
4(630 631 651 650)
4(650 651 671 670)
4(670 671 691 690)
4(690 691 711 710)
4(710 711 731 730)
4(730 731 751 750)
4(750 751 771 770)
4(770 771 791 790)
4(790 791 811 810)
4(810 811 831 830)
4(830 831 851 850)
4(850 851 871 870)
4(471 472 492 491)
4(491 492 512 511)
4(511 512 532 531)
4(531 532 552 551)
4(551 552 572 571)
4(571 572 592 591)
4(591 592 612 611)
4(611 612 632 631)
4(631 632 652 651)
4(651 652 672 671)
4(671 672 692 691)
4(691 692 712 711)
4(711 712 732 731)
4(731 732 752 751)
4(751 752 772 771)
4(771 772 792 791)
4(791 792 812 811)
4(811 812 832 831)
4(831 832 852 851)
4(851 852 872 871)
4(472 473 493 492)
4(492 493 513 512)
4(512 513 533 532)
4(532 533 553 552)
4(552 553 573 572)
4(572 573 593 592)
4(592 593 613 612)
4(612 613 633 632)
4(632 633 653 652)
4(652 653 673 672)
4(672 673 693 692)
4(692 693 713 712)
4(712 713 733 732)
4(732 733 753 752)
4(752 753 773 772)
4(772 773 793 792)
4(792 793 813 812)
4(812 813 833 832)
4(832 833 853 852)
4(852 853 873 872)
4(473 474 494 493)
4(493 494 514 513)
4(513 514 534 533)
4(533 534 554 553)
4(553 554 574 573)
4(573 574 594 593)
4(593 594 614 613)
4(613 614 634 633)
4(633 634 654 653)
4(653 654 674 673)
4(673 674 694 693)
4(693 694 714 713)
4(713 714 734 733)
4(733 734 754 753)
4(753 754 774 773)
4(773 774 794 793)
4(793 794 814 813)
4(813 814 834 833)
4(833 834 854 853)
4(853 854 874 873)
4(474 475 495 494)
4(494 495 515 514)
4(514 515 535 534)
4(534 535 555 554)
4(554 555 575 574)
4(574 575 595 594)
4(594 595 615 614)
4(614 615 635 634)
4(634 635 655 654)
4(654 655 675 674)
4(674 675 695 694)
4(694 695 715 714)
4(714 715 735 734)
4(734 735 755 754)
4(754 755 775 774)
4(774 775 795 794)
4(794 795 815 814)
4(814 815 835 834)
4(834 835 855 854)
4(854 855 875 874)
4(475 476 496 495)
4(495 496 516 515)
4(515 516 536 535)
4(535 536 556 555)
4(555 556 576 575)
4(575 576 596 595)
4(595 596 616 615)
4(615 616 636 635)
4(635 636 656 655)
4(655 656 676 675)
4(675 676 696 695)
4(695 696 716 715)
4(715 716 736 735)
4(735 736 756 755)
4(755 756 776 775)
4(775 776 796 795)
4(795 796 816 815)
4(815 816 836 835)
4(835 836 856 855)
4(855 856 876 875)
4(476 477 497 496)
4(496 497 517 516)
4(516 517 537 536)
4(536 537 557 556)
4(556 557 577 576)
4(576 577 597 596)
4(596 597 617 616)
4(616 617 637 636)
4(636 637 657 656)
4(656 657 677 676)
4(676 677 697 696)
4(696 697 717 716)
4(716 717 737 736)
4(736 737 757 756)
4(756 757 777 776)
4(776 777 797 796)
4(796 797 817 816)
4(816 817 837 836)
4(836 837 857 856)
4(856 857 877 876)
4(477 478 498 497)
4(497 498 518 517)
4(517 518 538 537)
4(537 538 558 557)
4(557 558 578 577)
4(577 578 598 597)
4(597 598 618 617)
4(617 618 638 637)
4(637 638 658 657)
4(657 658 678 677)
4(677 678 698 697)
4(697 698 718 717)
4(717 718 738 737)
4(737 738 758 757)
4(757 758 778 777)
4(777 778 798 797)
4(797 798 818 817)
4(817 818 838 837)
4(837 838 858 857)
4(857 858 878 877)
4(478 479 499 498)
4(498 499 519 518)
4(518 519 539 538)
4(538 539 559 558)
4(558 559 579 578)
4(578 579 599 598)
4(598 599 619 618)
4(618 619 639 638)
4(638 639 659 658)
4(658 659 679 678)
4(678 679 699 698)
4(698 699 719 718)
4(718 719 739 738)
4(738 739 759 758)
4(758 759 779 778)
4(778 779 799 798)
4(798 799 819 818)
4(818 819 839 838)
4(838 839 859 858)
4(858 859 879 878)
4(479 480 500 499)
4(499 500 520 519)
4(519 520 540 539)
4(539 540 560 559)
4(559 560 580 579)
4(579 580 600 599)
4(599 600 620 619)
4(619 620 640 639)
4(639 640 660 659)
4(659 660 680 679)
4(679 680 700 699)
4(699 700 720 719)
4(719 720 740 739)
4(739 740 760 759)
4(759 760 780 779)
4(779 780 800 799)
4(799 800 820 819)
4(819 820 840 839)
4(839 840 860 859)
4(859 860 880 879)
4(480 481 501 500)
4(500 501 521 520)
4(520 521 541 540)
4(540 541 561 560)
4(560 561 581 580)
4(580 581 601 600)
4(600 601 621 620)
4(620 621 641 640)
4(640 641 661 660)
4(660 661 681 680)
4(680 681 701 700)
4(700 701 721 720)
4(720 721 741 740)
4(740 741 761 760)
4(760 761 781 780)
4(780 781 801 800)
4(800 801 821 820)
4(820 821 841 840)
4(840 841 861 860)
4(860 861 881 880)
4(0 21 22 1)
4(1 22 23 2)
4(2 23 24 3)
4(3 24 25 4)
4(4 25 26 5)
4(5 26 27 6)
4(6 27 28 7)
4(7 28 29 8)
4(8 29 30 9)
4(9 30 31 10)
4(10 31 32 11)
4(11 32 33 12)
4(12 33 34 13)
4(13 34 35 14)
4(14 35 36 15)
4(15 36 37 16)
4(16 37 38 17)
4(17 38 39 18)
4(18 39 40 19)
4(19 40 41 20)
)


// ************************************************************************* //
