/*--------------------------------*- C++ -*----------------------------------*\
  =========                 |
  \\      /  F ield         | OpenFOAM: The Open Source CFD Toolbox
   \\    /   O peration     | Website:  https://openfoam.org
    \\  /    A nd           | Version:  7
     \\/     M anipulation  |
\*---------------------------------------------------------------------------*/
FoamFile
{
    version     2.0;
    format      ascii;
    class       labelList;
    note        "nPoints: 10364 nCells: 5027 nFaces: 20262 nInternalFaces: 9900";
    location    "constant/dielectric/polyMesh";
    object      neighbour;
}
// * * * * * * * * * * * * * * * * * * * * * * * * * * * * * * * * * * * * * //


9900
(
1
104
2
105
3
106
4
107
5
108
6
109
7
110
8
111
9
112
10
113
11
114
12
115
13
116
14
117
15
118
16
119
17
120
18
121
19
122
20
123
21
124
22
125
23
126
24
127
25
128
26
129
27
130
28
131
29
132
30
133
31
134
32
135
33
136
34
137
35
138
36
139
37
140
38
141
39
142
40
143
41
144
42
145
43
146
44
147
45
148
46
149
47
150
48
151
49
152
50
153
51
154
52
155
53
156
54
157
55
158
56
159
57
160
58
161
59
162
60
163
61
164
62
165
63
166
64
167
65
168
66
169
67
170
68
171
69
172
70
173
71
174
72
175
73
176
74
177
75
178
76
179
77
180
78
181
79
182
80
183
81
184
82
185
83
186
84
187
85
188
86
189
87
190
88
191
89
192
90
193
91
194
92
195
93
196
94
197
95
198
96
199
97
200
98
201
99
202
100
203
101
204
102
205
103
206
207
105
208
106
209
107
210
108
211
109
212
110
213
111
214
112
215
113
216
114
217
115
218
116
219
117
220
118
221
119
222
120
223
121
224
122
225
123
226
124
227
125
228
126
229
127
230
128
231
129
232
130
233
131
234
132
235
133
236
134
237
135
238
136
239
137
240
138
241
139
242
140
243
141
244
142
245
143
246
144
247
145
248
146
249
147
250
148
251
149
252
150
253
151
254
152
255
153
256
154
257
155
258
156
259
157
260
158
261
159
262
160
263
161
264
162
265
163
266
164
267
165
268
166
269
167
270
168
271
169
272
170
273
171
274
172
275
173
276
174
277
175
278
176
279
177
280
178
281
179
282
180
283
181
284
182
285
183
286
184
287
185
288
186
289
187
290
188
291
189
292
190
293
191
294
192
295
193
296
194
297
195
298
196
299
197
300
198
301
199
302
200
303
201
304
202
305
203
306
204
307
205
308
206
309
207
310
311
209
312
210
313
211
314
212
315
213
316
214
317
215
318
216
319
217
320
218
321
219
322
220
323
221
324
222
325
223
326
224
327
225
328
226
329
227
330
228
331
229
332
230
333
231
334
232
335
233
336
234
337
235
338
236
339
237
340
238
341
239
342
240
343
241
344
242
345
243
346
244
347
245
348
246
349
247
350
248
351
249
352
250
353
251
354
252
355
253
356
254
357
255
358
256
359
257
360
258
361
259
362
260
363
261
364
262
365
263
366
264
367
265
368
266
369
267
370
268
371
269
372
270
373
271
374
272
375
273
376
274
377
275
378
276
379
277
380
278
381
279
382
280
383
281
384
282
385
283
386
284
387
285
388
286
389
287
390
288
391
289
392
290
393
291
394
292
395
293
396
294
397
295
398
296
399
297
400
298
401
299
402
300
403
301
404
302
405
303
406
304
407
305
408
306
409
307
410
308
411
309
412
310
413
311
414
415
313
416
314
417
315
418
316
419
317
420
318
421
319
422
320
423
321
424
322
425
323
426
324
427
325
428
326
429
327
430
328
431
329
432
330
433
331
434
332
435
333
436
334
437
335
438
336
439
337
440
338
441
339
442
340
443
341
444
342
445
343
446
344
447
345
448
346
449
347
450
348
451
349
452
350
453
351
454
352
455
353
456
354
457
355
458
356
459
357
460
358
461
359
462
360
463
361
464
362
465
363
466
364
467
365
468
366
469
367
470
368
471
369
472
370
473
371
474
372
475
373
476
374
477
375
478
376
479
377
480
378
481
379
482
380
483
381
484
382
485
383
486
384
487
385
488
386
489
387
490
388
491
389
492
390
493
391
494
392
495
393
496
394
497
395
498
396
499
397
500
398
501
399
502
400
503
401
504
402
505
403
506
404
507
405
508
406
509
407
510
408
511
409
512
410
513
411
514
412
515
413
516
414
517
415
518
519
417
520
418
521
419
522
420
523
421
524
422
525
423
526
424
527
425
528
426
529
427
530
428
531
429
532
430
533
431
534
432
535
433
536
434
537
435
538
436
539
437
540
438
541
439
542
440
543
441
544
442
545
443
546
444
547
445
548
446
549
447
550
448
551
449
552
450
553
451
554
452
555
453
556
454
557
455
558
456
559
457
560
458
561
459
562
460
563
461
564
462
565
463
566
464
567
465
568
466
569
467
570
468
571
469
572
470
573
471
574
472
575
473
576
474
577
475
578
476
579
477
580
478
581
479
582
480
583
481
584
482
585
483
586
484
587
485
588
486
589
487
590
488
591
489
592
490
593
491
594
492
595
493
596
494
597
495
598
496
599
497
600
498
601
499
602
500
603
501
604
502
605
503
606
504
607
505
608
506
609
507
610
508
611
509
612
510
613
511
614
512
615
513
616
514
617
515
618
516
619
517
620
518
621
519
622
623
521
624
522
625
523
626
524
627
525
628
526
629
527
630
528
631
529
632
530
633
531
634
532
635
533
636
534
637
535
638
536
639
537
640
538
641
539
642
540
643
541
644
542
645
543
646
544
647
545
648
546
649
547
650
548
651
549
652
550
653
551
654
552
655
553
656
554
657
555
658
556
659
557
660
558
661
559
662
560
663
561
664
562
665
563
666
564
667
565
668
566
669
567
670
568
671
569
672
570
673
571
674
572
675
573
676
574
677
575
678
576
679
577
680
578
681
579
682
580
683
581
684
582
685
583
686
584
687
585
688
586
689
587
690
588
691
589
692
590
693
591
694
592
695
593
696
594
697
595
698
596
699
597
700
598
701
599
702
600
703
601
704
602
705
603
706
604
707
605
708
606
709
607
710
608
711
609
712
610
713
611
714
612
715
613
716
614
717
615
718
616
719
617
720
618
721
619
722
620
723
621
724
622
725
623
726
727
625
728
626
729
627
730
628
731
629
732
630
733
631
734
632
735
633
736
634
737
635
738
636
739
637
740
638
741
639
742
640
743
641
744
642
745
643
746
644
747
645
748
646
749
647
750
648
751
649
752
650
753
651
754
652
755
653
756
654
757
655
758
656
759
657
760
658
761
659
762
660
763
661
764
662
765
663
766
664
767
665
768
666
769
667
770
668
771
669
772
670
773
671
774
672
775
673
776
674
777
675
778
676
779
677
780
678
781
679
782
680
783
681
784
682
785
683
786
684
787
685
788
686
789
687
790
688
791
689
792
690
793
691
794
692
795
693
796
694
797
695
798
696
799
697
800
698
801
699
802
700
803
701
804
702
805
703
806
704
807
705
808
706
809
707
810
708
811
709
812
710
813
711
814
712
815
713
816
714
817
715
818
716
819
717
820
718
821
719
822
720
823
721
824
722
825
723
826
724
827
725
828
726
829
727
830
831
729
832
730
833
731
834
732
835
733
836
734
837
735
838
736
839
737
840
738
841
739
842
740
843
741
844
742
845
743
846
744
847
745
848
746
849
747
850
748
851
749
852
750
853
751
854
752
855
753
856
754
857
755
858
756
859
757
860
758
861
759
862
760
863
761
864
762
865
763
866
764
867
765
868
766
869
767
870
768
871
769
872
770
873
771
874
772
875
773
876
774
877
775
878
776
879
777
880
778
881
779
882
780
883
781
884
782
885
783
886
784
887
785
888
786
889
787
890
788
891
789
892
790
893
791
894
792
895
793
896
794
897
795
898
796
899
797
900
798
901
799
902
800
903
801
904
802
905
803
906
804
907
805
908
806
909
807
910
808
911
809
912
810
913
811
914
812
915
813
916
814
917
815
918
816
919
817
920
818
921
819
922
820
923
821
924
822
925
823
926
824
927
825
928
826
929
827
930
828
931
829
932
830
933
831
934
935
833
936
834
937
835
938
836
939
837
940
838
941
839
942
840
943
841
944
842
945
843
946
844
947
845
948
846
949
847
950
848
951
849
952
850
953
851
954
852
955
853
956
854
957
855
958
856
959
857
960
858
961
859
962
860
963
861
964
862
965
863
966
864
967
865
968
866
969
867
970
868
971
869
972
870
973
871
974
872
975
873
976
874
977
875
978
876
979
877
980
878
981
879
982
880
983
881
984
882
985
883
986
884
987
885
988
886
989
887
990
888
991
889
992
890
993
891
994
892
995
893
996
894
997
895
998
896
999
897
1000
898
1001
899
1002
900
1003
901
1004
902
1005
903
1006
904
1007
905
1008
906
1009
907
1010
908
1011
909
1012
910
1013
911
1014
912
1015
913
1016
914
1017
915
1018
916
1019
917
1020
918
1021
919
1022
920
1023
921
1024
922
1025
923
1026
924
1027
925
1028
926
1029
927
1030
928
1031
929
1032
930
1033
931
1034
932
1035
933
1036
934
1037
935
1038
1039
937
1040
938
1041
939
1042
940
1043
941
1044
942
1045
943
1046
944
1047
945
1048
946
1049
947
1050
948
1051
949
1052
950
1053
951
1054
952
1055
953
1056
954
1057
955
1058
956
1059
957
1060
958
1061
959
1062
960
1063
961
1064
962
1065
963
1066
964
1067
965
1068
966
1069
967
1070
968
1071
969
1072
970
1073
971
1074
972
1075
973
1076
974
1077
975
1078
976
1079
977
1080
978
1081
979
1082
980
1083
981
1084
982
1085
983
1086
984
1087
985
1088
986
1089
987
1090
988
1091
989
1092
990
1093
991
1094
992
1095
993
1096
994
1097
995
1098
996
1099
997
1100
998
1101
999
1102
1000
1103
1001
1104
1002
1105
1003
1106
1004
1107
1005
1108
1006
1109
1007
1110
1008
1111
1009
1112
1010
1113
1011
1114
1012
1115
1013
1116
1014
1117
1015
1118
1016
1119
1017
1120
1018
1121
1019
1122
1020
1123
1021
1124
1022
1125
1023
1126
1024
1127
1025
1128
1026
1129
1027
1130
1028
1131
1029
1132
1030
1133
1031
1134
1032
1135
1033
1136
1034
1137
1035
1138
1036
1139
1037
1140
1038
1141
1039
1142
1143
1041
1144
1042
1145
1043
1146
1044
1147
1045
1148
1046
1149
1047
1150
1048
1151
1049
1152
1050
1153
1051
1154
1052
1155
1053
1156
1054
1157
1055
1158
1056
1159
1057
1160
1058
1161
1059
1162
1060
1163
1061
1164
1062
1165
1063
1166
1064
1167
1065
1168
1066
1169
1067
1170
1068
1171
1069
1172
1070
1173
1071
1174
1072
1175
1073
1176
1074
1177
1075
1178
1076
1179
1077
1180
1078
1181
1079
1182
1080
1183
1081
1184
1082
1185
1083
1186
1084
1187
1085
1188
1086
1189
1087
1190
1088
1191
1089
1192
1090
1193
1091
1194
1092
1195
1093
1196
1094
1197
1095
1198
1096
1199
1097
1200
1098
1201
1099
1202
1100
1203
1101
1204
1102
1205
1103
1206
1104
1207
1105
1208
1106
1209
1107
1210
1108
1211
1109
1212
1110
1213
1111
1214
1112
1215
1113
1216
1114
1217
1115
1218
1116
1219
1117
1220
1118
1221
1119
1222
1120
1223
1121
1224
1122
1225
1123
1226
1124
1227
1125
1228
1126
1229
1127
1230
1128
1231
1129
1232
1130
1233
1131
1234
1132
1235
1133
1236
1134
1237
1135
1238
1136
1239
1137
1240
1138
1241
1139
1242
1140
1243
1141
1244
1142
1245
1143
1246
1247
1145
1248
1146
1249
1147
1250
1148
1251
1149
1252
1150
1253
1151
1254
1152
1255
1153
1256
1154
1257
1155
1258
1156
1259
1157
1260
1158
1261
1159
1262
1160
1263
1161
1264
1162
1265
1163
1266
1164
1267
1165
1268
1166
1269
1167
1270
1168
1271
1169
1272
1170
1273
1171
1274
1172
1275
1173
1276
1174
1277
1175
1278
1176
1279
1177
1280
1178
1281
1179
1282
1180
1283
1181
1284
1182
1285
1183
1286
1184
1287
1185
1288
1186
1289
1187
1290
1188
1291
1189
1292
1190
1293
1191
1294
1192
1295
1193
1296
1194
1297
1195
1298
1196
1299
1197
1300
1198
1301
1199
1302
1200
1303
1201
1304
1202
1305
1203
1306
1204
1307
1205
1308
1206
1309
1207
1310
1208
1311
1209
1312
1210
1313
1211
1314
1212
1315
1213
1316
1214
1317
1215
1318
1216
1319
1217
1320
1218
1321
1219
1322
1220
1323
1221
1324
1222
1325
1223
1326
1224
1327
1225
1328
1226
1329
1227
1330
1228
1331
1229
1332
1230
1333
1231
1334
1232
1335
1233
1336
1234
1337
1235
1338
1236
1339
1237
1340
1238
1341
1239
1342
1240
1343
1241
1344
1242
1345
1243
1346
1244
1347
1245
1348
1246
1349
1247
1350
1351
1249
1352
1250
1353
1251
1354
1252
1355
1253
1356
1254
1357
1255
1358
1256
1359
1257
1360
1258
1361
1259
1362
1260
1363
1261
1364
1262
1365
1263
1366
1264
1367
1265
1368
1266
1369
1267
1370
1268
1371
1269
1372
1270
1373
1271
1374
1272
1375
1273
1376
1274
1377
1275
1378
1276
1379
1277
1380
1278
1381
1279
1382
1280
1383
1281
1384
1282
1385
1283
1386
1284
1387
1285
1388
1286
1389
1287
1390
1288
1391
1289
1392
1290
1393
1291
1394
1292
1395
1293
1396
1294
1397
1295
1398
1296
1399
1297
1400
1298
1401
1299
1402
1300
1403
1301
1404
1302
1405
1303
1406
1304
1407
1305
1408
1306
1409
1307
1410
1308
1411
1309
1412
1310
1413
1311
1414
1312
1415
1313
1416
1314
1417
1315
1418
1316
1419
1317
1420
1318
1421
1319
1422
1320
1423
1321
1424
1322
1425
1323
1426
1324
1427
1325
1428
1326
1429
1327
1430
1328
1431
1329
1432
1330
1433
1331
1434
1332
1435
1333
1436
1334
1437
1335
1438
1336
1439
1337
1440
1338
1441
1339
1442
1340
1443
1341
1444
1342
1445
1343
1446
1344
1447
1345
1448
1346
1449
1347
1450
1348
1451
1349
1452
1350
1453
1351
1454
1455
1353
1456
1354
1457
1355
1458
1356
1459
1357
1460
1358
1461
1359
1462
1360
1463
1361
1464
1362
1465
1363
1466
1364
1467
1365
1468
1366
1469
1367
1470
1368
1471
1369
1472
1370
1473
1371
1474
1372
1475
1373
1476
1374
1477
1375
1478
1376
1479
1377
1480
1378
1481
1379
1482
1380
1483
1381
1484
1382
1485
1383
1486
1384
1487
1385
1488
1386
1489
1387
1490
1388
1491
1389
1492
1390
1493
1391
1494
1392
1495
1393
1496
1394
1497
1395
1498
1396
1499
1397
1500
1398
1501
1399
1502
1400
1503
1401
1504
1402
1505
1403
1506
1404
1507
1405
1508
1406
1509
1407
1510
1408
1511
1409
1512
1410
1513
1411
1514
1412
1515
1413
1516
1414
1517
1415
1518
1416
1519
1417
1520
1418
1521
1419
1522
1420
1523
1421
1524
1422
1525
1423
1526
1424
1527
1425
1528
1426
1529
1427
1530
1428
1531
1429
1532
1430
1533
1431
1534
1432
1535
1433
1536
1434
1537
1435
1538
1436
1539
1437
1540
1438
1541
1439
1542
1440
1543
1441
1544
1442
1545
1443
1546
1444
1547
1445
1548
1446
1549
1447
1550
1448
1551
1449
1552
1450
1553
1451
1554
1452
1555
1453
1556
1454
1557
1455
1558
1559
1457
1560
1458
1561
1459
1562
1460
1563
1461
1564
1462
1565
1463
1566
1464
1567
1465
1568
1466
1569
1467
1570
1468
1571
1469
1572
1470
1573
1471
1574
1472
1575
1473
1576
1474
1577
1475
1578
1476
1579
1477
1580
1478
1581
1479
1582
1480
1583
1481
1584
1482
1585
1483
1586
1484
1587
1485
1588
1486
1589
1487
1590
1488
1591
1489
1592
1490
1593
1491
1594
1492
1595
1493
1596
1494
1597
1495
1598
1496
1599
1497
1600
1498
1601
1499
1602
1500
1603
1501
1604
1502
1605
1503
1606
1504
1607
1505
1608
1506
1609
1507
1610
1508
1611
1509
1612
1510
1613
1511
1614
1512
1615
1513
1616
1514
1617
1515
1618
1516
1619
1517
1620
1518
1621
1519
1622
1520
1623
1521
1624
1522
1625
1523
1626
1524
1627
1525
1628
1526
1629
1527
1630
1528
1631
1529
1632
1530
1633
1531
1634
1532
1635
1533
1636
1534
1637
1535
1638
1536
1639
1537
1640
1538
1641
1539
1642
1540
1643
1541
1644
1542
1645
1543
1646
1544
1647
1545
1648
1546
1649
1547
1650
1548
1651
1549
1652
1550
1653
1551
1654
1552
1655
1553
1656
1554
1657
1555
1658
1556
1659
1557
1660
1558
1661
1559
1662
1663
1561
1664
1562
1665
1563
1666
1564
1667
1565
1668
1566
1669
1567
1670
1568
1671
1569
1672
1570
1673
1571
1674
1572
1675
1573
1676
1574
1677
1575
1678
1576
1679
1577
1680
1578
1681
1579
1682
1580
1683
1581
1684
1582
1685
1583
1686
1584
1687
1585
1688
1586
1689
1587
1690
1588
1691
1589
1692
1590
1693
1591
1694
1592
1695
1593
1696
1594
1697
1595
1698
1596
1699
1597
1700
1598
1701
1599
1702
1600
1703
1601
1704
1602
1705
1603
1706
1604
1707
1605
1708
1606
1709
1607
1710
1608
1711
1609
1712
1610
1713
1611
1714
1612
1715
1613
1716
1614
1717
1615
1718
1616
1719
1617
1720
1618
1721
1619
1722
1620
1723
1621
1724
1622
1725
1623
1726
1624
1727
1625
1728
1626
1729
1627
1730
1628
1731
1629
1732
1630
1733
1631
1734
1632
1735
1633
1736
1634
1737
1635
1738
1636
1739
1637
1740
1638
1741
1639
1742
1640
1743
1641
1744
1642
1745
1643
1746
1644
1747
1645
1748
1646
1749
1647
1750
1648
1751
1649
1752
1650
1753
1651
1754
1652
1755
1653
1756
1654
1757
1655
1758
1656
1759
1657
1760
1658
1761
1659
1762
1660
1763
1661
1764
1662
1765
1663
1766
1767
1665
1768
1666
1769
1667
1770
1668
1771
1669
1772
1670
1773
1671
1774
1672
1775
1673
1776
1674
1777
1675
1778
1676
1779
1677
1780
1678
1781
1679
1782
1680
1783
1681
1784
1682
1785
1683
1786
1684
1787
1685
1788
1686
1789
1687
1790
1688
1791
1689
1792
1690
1793
1691
1794
1692
1795
1693
1796
1694
1797
1695
1798
1696
1799
1697
1800
1698
1801
1699
1802
1700
1803
1701
1804
1702
1805
1703
1806
1704
1807
1705
1808
1706
1809
1707
1810
1708
1811
1709
1812
1710
1813
1711
1814
1712
1815
1713
1816
1714
1817
1715
1818
1716
1819
1717
1820
1718
1821
1719
1822
1720
1823
1721
1824
1722
1825
1723
1826
1724
1827
1725
1828
1726
1829
1727
1830
1728
1831
1729
1832
1730
1833
1731
1834
1732
1835
1733
1836
1734
1837
1735
1838
1736
1839
1737
1840
1738
1841
1739
1842
1740
1843
1741
1844
1742
1845
1743
1846
1744
1847
1745
1848
1746
1849
1747
1850
1748
1851
1749
1852
1750
1853
1751
1854
1752
1855
1753
1856
1754
1857
1755
1858
1756
1859
1757
1860
1758
1861
1759
1862
1760
1863
1761
1864
1762
1865
1763
1866
1764
1867
1765
1868
1766
1869
1767
1870
1871
1769
1872
1770
1873
1771
1874
1772
1875
1773
1876
1774
1877
1775
1878
1776
1879
1777
1880
1778
1881
1779
1882
1780
1883
1781
1884
1782
1885
1783
1886
1784
1887
1785
1888
1786
1889
1787
1890
1788
1891
1789
1892
1790
1893
1791
1894
1792
1895
1793
1896
1794
1897
1795
1898
1796
1899
1797
1900
1798
1901
1799
1902
1800
1903
1801
1904
1802
1905
1803
1906
1804
1907
1805
1908
1806
1909
1807
1910
1808
1911
1809
1912
1810
1913
1811
1914
1812
1915
1813
1916
1814
1917
1815
1918
1816
1919
1817
1920
1818
1921
1819
1922
1820
1923
1821
1924
1822
1925
1823
1926
1824
1927
1825
1928
1826
1929
1827
1930
1828
1931
1829
1932
1830
1933
1831
1934
1832
1935
1833
1936
1834
1937
1835
1938
1836
1939
1837
1940
1838
1941
1839
1942
1840
1943
1841
1944
1842
1945
1843
1946
1844
1947
1845
1948
1846
1949
1847
1950
1848
1951
1849
1952
1850
1953
1851
1954
1852
1955
1853
1956
1854
1957
1855
1958
1856
1959
1857
1960
1858
1961
1859
1962
1860
1963
1861
1964
1862
1965
1863
1966
1864
1967
1865
1968
1866
1969
1867
1970
1868
1971
1869
1972
1870
1973
1871
1974
1975
1873
1976
1874
1977
1875
1978
1876
1979
1877
1980
1878
1981
1879
1982
1880
1983
1881
1984
1882
1985
1883
1986
1884
1987
1885
1988
1886
1989
1887
1990
1888
1991
1889
1992
1890
1993
1891
1994
1892
1995
1893
1996
1894
1997
1895
1998
1896
1999
1897
2000
1898
2001
1899
2002
1900
2003
1901
2004
1902
2005
1903
2006
1904
2007
1905
2008
1906
2009
1907
2010
1908
2011
1909
2012
1910
2013
1911
2014
1912
2015
1913
2016
1914
2017
1915
2018
1916
2019
1917
2020
1918
2021
1919
2022
1920
2023
1921
2024
1922
2025
1923
2026
1924
2027
1925
2028
1926
2029
1927
2030
1928
2031
1929
2032
1930
2033
1931
2034
1932
2035
1933
2036
1934
2037
1935
2038
1936
2039
1937
2040
1938
2041
1939
2042
1940
2043
1941
2044
1942
2045
1943
2046
1944
2047
1945
2048
1946
2049
1947
2050
1948
2051
1949
2052
1950
2053
1951
2054
1952
2055
1953
2056
1954
2057
1955
2058
1956
2059
1957
2060
1958
2061
1959
2062
1960
2063
1961
2064
1962
2065
1963
2066
1964
2067
1965
2068
1966
2069
1967
2070
1968
2071
1969
2072
1970
2073
1971
2074
1972
2075
1973
2076
1974
2077
1975
2078
2079
1977
2080
1978
2081
1979
2082
1980
2083
1981
2084
1982
2085
1983
2086
1984
2087
1985
2088
1986
2089
1987
2090
1988
2091
1989
2092
1990
2093
1991
2094
1992
2095
1993
2096
1994
2097
1995
2098
1996
2099
1997
2100
1998
2101
1999
2102
2000
2103
2001
2104
2002
2105
2003
2106
2004
2107
2005
2108
2006
2109
2007
2110
2008
2111
2009
2112
2010
2113
2011
2114
2012
2115
2013
2116
2014
2117
2015
2118
2016
2119
2017
2120
2018
2121
2019
2122
2020
2123
2021
2124
2022
2125
2023
2126
2024
2127
2025
2128
2026
2129
2027
2130
2028
2131
2029
2132
2030
2133
2031
2134
2032
2135
2033
2136
2034
2137
2035
2138
2036
2139
2037
2140
2038
2141
2039
2142
2040
2143
2041
2144
2042
2145
2043
2146
2044
2147
2045
2148
2046
2149
2047
2150
2048
2151
2049
2152
2050
2153
2051
2154
2052
2155
2053
2156
2054
2157
2055
2158
2056
2159
2057
2160
2058
2161
2059
2162
2060
2163
2061
2164
2062
2165
2063
2166
2064
2167
2065
2168
2066
2169
2067
2170
2068
2171
2069
2172
2070
2173
2071
2174
2072
2175
2073
2176
2074
2177
2075
2178
2076
2179
2077
2180
2078
2181
2079
2182
2183
2081
2184
2082
2185
2083
2186
2084
2187
2085
2188
2086
2189
2087
2190
2088
2191
2089
2192
2090
2193
2091
2194
2092
2195
2093
2196
2094
2197
2095
2198
2096
2199
2097
2200
2098
2201
2099
2202
2100
2203
2101
2204
2102
2205
2103
2206
2104
2207
2105
2208
2106
2209
2107
2210
2108
2211
2109
2212
2110
2213
2111
2214
2112
2215
2113
2216
2114
2217
2115
2218
2116
2219
2117
2220
2118
2221
2119
2222
2120
2223
2121
2224
2122
2225
2123
2226
2124
2227
2125
2228
2126
2229
2127
2230
2128
2231
2129
2232
2130
2233
2131
2234
2132
2235
2133
2236
2134
2237
2135
2238
2136
2239
2137
2240
2138
2241
2139
2242
2140
2243
2141
2244
2142
2245
2143
2246
2144
2247
2145
2248
2146
2249
2147
2250
2148
2251
2149
2252
2150
2253
2151
2254
2152
2255
2153
2256
2154
2257
2155
2258
2156
2259
2157
2260
2158
2261
2159
2262
2160
2263
2161
2264
2162
2265
2163
2266
2164
2267
2165
2268
2166
2269
2167
2270
2168
2271
2169
2272
2170
2273
2171
2274
2172
2275
2173
2276
2174
2277
2175
2278
2176
2279
2177
2280
2178
2281
2179
2282
2180
2283
2181
2284
2182
2285
2183
2286
2287
2185
2288
2186
2289
2187
2290
2188
2291
2189
2292
2190
2293
2191
2294
2192
2295
2193
2296
2194
2297
2195
2298
2196
2299
2197
2300
2198
2301
2199
2302
2200
2303
2201
2304
2202
2305
2203
2306
2204
2307
2205
2308
2206
2309
2207
2310
2208
2311
2209
2312
2210
2313
2211
2314
2212
2315
2213
2316
2214
2317
2215
2318
2216
2319
2217
2320
2218
2321
2219
2322
2220
2323
2221
2324
2222
2325
2223
2326
2224
2327
2225
2328
2226
2329
2227
2330
2228
2331
2229
2332
2230
2333
2231
2334
2232
2335
2233
2336
2234
2337
2235
2338
2236
2339
2237
2340
2238
2341
2239
2342
2240
2343
2241
2344
2242
2345
2243
2346
2244
2347
2245
2348
2246
2349
2247
2350
2248
2351
2249
2352
2250
2353
2251
2354
2252
2355
2253
2356
2254
2357
2255
2358
2256
2359
2257
2360
2258
2361
2259
2362
2260
2363
2261
2364
2262
2365
2263
2366
2264
2367
2265
2368
2266
2369
2267
2370
2268
2371
2269
2372
2270
2373
2271
2374
2272
2375
2273
2376
2274
2377
2275
2378
2276
2379
2277
2380
2278
2381
2279
2382
2280
2383
2281
2384
2282
2385
2283
2386
2284
2387
2285
2388
2286
2389
2287
2390
2289
2391
2290
2392
2291
2393
2292
2394
2293
2395
2294
2396
2295
2397
2296
2398
2297
2399
2298
2400
2299
2401
2300
2402
2301
2403
2302
2404
2303
2405
2304
2406
2305
2407
2306
2408
2307
2409
2308
2410
2309
2411
2310
2412
2311
2413
2312
2414
2313
2415
2314
2416
2315
2417
2316
2418
2317
2419
2318
2420
2319
2421
2320
2422
2321
2423
2322
2424
2323
2425
2324
2426
2325
2427
2326
2428
2327
2429
2328
2430
2329
2431
2330
2432
2331
2433
2332
2434
2333
2435
2334
2436
2335
2437
2336
2438
2337
2439
2338
2440
2339
2441
2340
2442
2341
2443
2342
2444
2343
2445
2344
2446
2345
2447
2346
2448
2347
2449
2348
2450
2349
2451
2350
2452
2351
2453
2352
2454
2353
2455
2354
2456
2355
2457
2356
2458
2357
2459
2358
2460
2359
2461
2360
2462
2361
2463
2362
2464
2363
2465
2364
2466
2365
2467
2366
2468
2367
2469
2368
2470
2369
2471
2370
2472
2371
2473
2372
2474
2373
2475
2374
2476
2375
2477
2376
2478
2377
2479
2378
2480
2379
2481
2380
2482
2381
2483
2382
2484
2383
2485
2384
2486
2385
2487
2386
2488
2387
2489
2388
2490
2389
2491
2390
2492
2493
2392
2494
2393
2495
2394
2496
2395
2497
2396
2498
2397
2499
2398
2500
2399
2501
2400
2502
2401
2503
2402
2504
2403
2505
2404
2506
2405
2507
2406
2508
2407
2509
2408
2510
2409
2511
2410
2512
2411
2513
2412
2514
2413
2515
2414
2516
2415
2517
2416
2518
2417
2519
2418
2520
2419
2521
2420
2522
2421
2523
2422
2524
2423
2525
2424
2526
2425
2527
2426
2528
2427
2529
2428
2530
2429
2531
2430
2532
2431
2533
2432
2534
2433
2535
2434
2536
2435
2537
2436
2538
2437
2539
2438
2540
2439
2541
2440
2542
2441
2543
2442
2544
2443
2545
2444
2546
2445
2547
2446
2548
2447
2549
2448
2550
2449
2551
2450
2552
2451
2553
2452
2554
2453
2555
2454
2556
2455
2557
2456
2558
2457
2559
2458
2560
2459
2561
2460
2562
2461
2563
2462
2564
2463
2565
2464
2566
2465
2567
2466
2568
2467
2569
2468
2570
2469
2571
2470
2572
2471
2573
2472
2574
2473
2575
2474
2576
2475
2577
2476
2578
2477
2579
2478
2580
2479
2581
2480
2582
2481
2583
2482
2584
2483
2585
2484
2586
2485
2587
2486
2588
2487
2589
2488
2590
2489
2591
2490
2592
2491
2593
2492
2594
2493
2595
2596
2495
2597
2496
2598
2497
2599
2498
2600
2499
2601
2500
2602
2501
2603
2502
2604
2503
2605
2504
2606
2505
2607
2506
2608
2507
2609
2508
2610
2509
2611
2510
2612
2511
2613
2512
2614
2513
2615
2514
2616
2515
2617
2516
2618
2517
2619
2518
2620
2519
2621
2520
2622
2521
2623
2522
2624
2523
2625
2524
2626
2525
2627
2526
2628
2527
2629
2528
2630
2529
2631
2530
2632
2531
2633
2532
2634
2533
2635
2534
2636
2535
2637
2536
2638
2537
2639
2538
2640
2539
2641
2540
2642
2541
2643
2542
2644
2543
2645
2544
2646
2545
2647
2546
2648
2547
2649
2548
2650
2549
2651
2550
2652
2551
2653
2552
2654
2553
2655
2554
2656
2555
2657
2556
2658
2557
2659
2558
2660
2559
2661
2560
2662
2561
2663
2562
2664
2563
2665
2564
2666
2565
2667
2566
2668
2567
2669
2568
2670
2569
2671
2570
2672
2571
2673
2572
2674
2573
2675
2574
2676
2575
2677
2576
2678
2577
2679
2578
2680
2579
2681
2580
2682
2581
2683
2582
2684
2583
2685
2584
2686
2585
2687
2586
2688
2587
2689
2588
2690
2589
2691
2590
2692
2591
2693
2592
2694
2593
2695
2594
2696
2595
2697
2596
2698
2598
2699
2599
2700
2600
2701
2601
2702
2602
2703
2603
2704
2604
2705
2605
2706
2606
2707
2607
2708
2608
2709
2609
2710
2610
2711
2611
2712
2612
2713
2613
2714
2614
2715
2615
2716
2616
2717
2617
2718
2618
2719
2619
2720
2620
2721
2621
2722
2622
2723
2623
2724
2624
2725
2625
2726
2626
2727
2627
2728
2628
2729
2629
2730
2630
2731
2631
2732
2632
2733
2633
2734
2634
2735
2635
2736
2636
2737
2637
2738
2638
2739
2639
2740
2640
2741
2641
2742
2642
2743
2643
2744
2644
2745
2645
2746
2646
2747
2647
2748
2648
2749
2649
2750
2650
2751
2651
2752
2652
2753
2653
2754
2654
2755
2655
2756
2656
2757
2657
2758
2658
2759
2659
2760
2660
2761
2661
2762
2662
2763
2663
2764
2664
2765
2665
2766
2666
2767
2667
2768
2668
2769
2669
2770
2670
2771
2671
2772
2672
2773
2673
2774
2674
2775
2675
2776
2676
2777
2677
2778
2678
2779
2679
2780
2680
2781
2681
2782
2682
2783
2683
2784
2684
2785
2685
2786
2686
2787
2687
2788
2688
2789
2689
2790
2690
2791
2691
2792
2692
2793
2693
2794
2694
2795
2695
2696
2697
2698
2700
2796
2701
2797
2702
2798
2703
2799
2704
2800
2705
2801
2706
2802
2707
2803
2708
2804
2709
2805
2710
2806
2711
2807
2712
2808
2713
2809
2714
2810
2715
2811
2716
2812
2717
2813
2718
2814
2719
2815
2720
2816
2721
2817
2722
2818
2723
2819
2724
2820
2725
2821
2726
2822
2727
2823
2728
2824
2729
2825
2730
2826
2731
2827
2732
2828
2733
2829
2734
2830
2735
2831
2736
2832
2737
2833
2738
2834
2739
2835
2740
2836
2741
2837
2742
2838
2743
2839
2744
2840
2745
2841
2746
2842
2747
2843
2748
2844
2749
2845
2750
2846
2751
2847
2752
2848
2753
2849
2754
2850
2755
2851
2756
2852
2757
2853
2758
2854
2759
2855
2760
2856
2761
2857
2762
2858
2763
2859
2764
2860
2765
2861
2766
2862
2767
2863
2768
2864
2769
2865
2770
2866
2771
2867
2772
2868
2773
2869
2774
2870
2775
2871
2776
2872
2777
2873
2778
2874
2779
2875
2780
2876
2781
2877
2782
2878
2783
2879
2784
2880
2785
2881
2786
2882
2787
2883
2788
2884
2789
2885
2790
2886
2791
2887
2792
2888
2793
2889
2794
2890
2795
2891
2892
2797
2893
2798
2894
2799
2895
2800
2896
2801
2897
2802
2898
2803
2899
2804
2900
2805
2901
2806
2902
2807
2903
2808
2904
2809
2905
2810
2906
2811
2907
2812
2908
2813
2909
2814
2910
2815
2911
2816
2912
2817
2913
2818
2914
2819
2915
2820
2916
2821
2917
2822
2918
2823
2919
2824
2920
2825
2921
2826
2922
2827
2923
2828
2924
2829
2925
2830
2926
2831
2927
2832
2928
2833
2929
2834
2930
2835
2931
2836
2932
2837
2933
2838
2934
2839
2935
2840
2936
2841
2937
2842
2938
2843
2939
2844
2940
2845
2941
2846
2942
2847
2943
2848
2944
2849
2945
2850
2946
2851
2947
2852
2948
2853
2949
2854
2950
2855
2951
2856
2952
2857
2953
2858
2954
2859
2955
2860
2956
2861
2957
2862
2958
2863
2959
2864
2960
2865
2961
2866
2962
2867
2963
2868
2964
2869
2965
2870
2966
2871
2967
2872
2968
2873
2969
2874
2970
2875
2971
2876
2972
2877
2973
2878
2974
2879
2975
2880
2976
2881
2977
2882
2978
2883
2979
2884
2980
2885
2981
2886
2982
2887
2983
2888
2984
2889
2985
2890
2986
2891
2987
2892
2988
2989
2894
2990
2895
2991
2896
2992
2897
2993
2898
2994
2899
2995
2900
2996
2901
2997
2902
2998
2903
2999
2904
3000
2905
3001
2906
3002
2907
3003
2908
3004
2909
3005
2910
3006
2911
3007
2912
3008
2913
3009
2914
3010
2915
3011
2916
3012
2917
3013
2918
3014
2919
3015
2920
3016
2921
3017
2922
3018
2923
3019
2924
3020
2925
3021
2926
3022
2927
3023
2928
3024
2929
3025
2930
3026
2931
3027
2932
3028
2933
3029
2934
3030
2935
3031
2936
3032
2937
3033
2938
3034
2939
3035
2940
3036
2941
3037
2942
3038
2943
3039
2944
3040
2945
3041
2946
3042
2947
3043
2948
3044
2949
3045
2950
3046
2951
3047
2952
3048
2953
3049
2954
3050
2955
3051
2956
3052
2957
3053
2958
3054
2959
3055
2960
3056
2961
3057
2962
3058
2963
3059
2964
3060
2965
3061
2966
3062
2967
3063
2968
3064
2969
3065
2970
3066
2971
3067
2972
3068
2973
3069
2974
3070
2975
3071
2976
3072
2977
3073
2978
3074
2979
3075
2980
3076
2981
3077
2982
3078
2983
3079
2984
3080
2985
3081
2986
3082
2987
3083
2988
3084
2989
3085
3086
2991
3087
2992
3088
2993
3089
2994
3090
2995
3091
2996
3092
2997
3093
2998
3094
2999
3095
3000
3096
3001
3097
3002
3098
3003
3099
3004
3100
3005
3101
3006
3102
3007
3103
3008
3104
3009
3105
3010
3106
3011
3107
3012
3108
3013
3109
3014
3110
3015
3111
3016
3112
3017
3113
3018
3114
3019
3115
3020
3116
3021
3117
3022
3118
3023
3119
3024
3120
3025
3121
3026
3122
3027
3123
3028
3124
3029
3125
3030
3126
3031
3127
3032
3128
3033
3129
3034
3130
3035
3131
3036
3132
3037
3133
3038
3134
3039
3135
3040
3136
3041
3137
3042
3138
3043
3139
3044
3140
3045
3141
3046
3142
3047
3143
3048
3144
3049
3145
3050
3146
3051
3147
3052
3148
3053
3149
3054
3150
3055
3151
3056
3152
3057
3153
3058
3154
3059
3155
3060
3156
3061
3157
3062
3158
3063
3159
3064
3160
3065
3161
3066
3162
3067
3163
3068
3164
3069
3165
3070
3166
3071
3167
3072
3168
3073
3169
3074
3170
3075
3171
3076
3172
3077
3173
3078
3174
3079
3175
3080
3176
3081
3177
3082
3178
3083
3179
3084
3180
3085
3181
3086
3182
3183
3088
3184
3089
3185
3090
3186
3091
3187
3092
3188
3093
3189
3094
3190
3095
3191
3096
3192
3097
3193
3098
3194
3099
3195
3100
3196
3101
3197
3102
3198
3103
3199
3104
3200
3105
3201
3106
3202
3107
3203
3108
3204
3109
3205
3110
3206
3111
3207
3112
3208
3113
3209
3114
3210
3115
3211
3116
3212
3117
3213
3118
3214
3119
3215
3120
3216
3121
3217
3122
3218
3123
3219
3124
3220
3125
3221
3126
3222
3127
3223
3128
3224
3129
3225
3130
3226
3131
3227
3132
3228
3133
3229
3134
3230
3135
3231
3136
3232
3137
3233
3138
3234
3139
3235
3140
3236
3141
3237
3142
3238
3143
3239
3144
3240
3145
3241
3146
3242
3147
3243
3148
3244
3149
3245
3150
3246
3151
3247
3152
3248
3153
3249
3154
3250
3155
3251
3156
3252
3157
3253
3158
3254
3159
3255
3160
3256
3161
3257
3162
3258
3163
3259
3164
3260
3165
3261
3166
3262
3167
3263
3168
3264
3169
3265
3170
3266
3171
3267
3172
3268
3173
3269
3174
3270
3175
3271
3176
3272
3177
3273
3178
3274
3179
3275
3180
3276
3181
3277
3182
3278
3183
3279
3280
3185
3281
3186
3282
3187
3283
3188
3284
3189
3285
3190
3286
3191
3287
3192
3288
3193
3289
3194
3290
3195
3291
3196
3292
3197
3293
3198
3294
3199
3295
3200
3296
3201
3297
3202
3298
3203
3299
3204
3300
3205
3301
3206
3302
3207
3303
3208
3304
3209
3305
3210
3306
3211
3307
3212
3308
3213
3309
3214
3310
3215
3311
3216
3312
3217
3313
3218
3314
3219
3315
3220
3316
3221
3317
3222
3318
3223
3319
3224
3320
3225
3321
3226
3322
3227
3323
3228
3324
3229
3325
3230
3326
3231
3327
3232
3328
3233
3329
3234
3330
3235
3331
3236
3332
3237
3333
3238
3334
3239
3335
3240
3336
3241
3337
3242
3338
3243
3339
3244
3340
3245
3341
3246
3342
3247
3343
3248
3344
3249
3345
3250
3346
3251
3347
3252
3348
3253
3349
3254
3350
3255
3351
3256
3352
3257
3353
3258
3354
3259
3355
3260
3356
3261
3357
3262
3358
3263
3359
3264
3360
3265
3361
3266
3362
3267
3363
3268
3364
3269
3365
3270
3366
3271
3367
3272
3368
3273
3369
3274
3370
3275
3371
3276
3372
3277
3373
3278
3374
3279
3375
3280
3376
3377
3282
3378
3283
3379
3284
3380
3285
3381
3286
3382
3287
3383
3288
3384
3289
3385
3290
3386
3291
3387
3292
3388
3293
3389
3294
3390
3295
3391
3296
3392
3297
3393
3298
3394
3299
3395
3300
3396
3301
3397
3302
3398
3303
3399
3304
3400
3305
3401
3306
3402
3307
3403
3308
3404
3309
3405
3310
3406
3311
3407
3312
3408
3313
3409
3314
3410
3315
3411
3316
3412
3317
3413
3318
3414
3319
3415
3320
3416
3321
3417
3322
3418
3323
3419
3324
3420
3325
3421
3326
3422
3327
3423
3328
3424
3329
3425
3330
3426
3331
3427
3332
3428
3333
3429
3334
3430
3335
3431
3336
3432
3337
3433
3338
3434
3339
3435
3340
3436
3341
3437
3342
3438
3343
3439
3344
3440
3345
3441
3346
3442
3347
3443
3348
3444
3349
3445
3350
3446
3351
3447
3352
3448
3353
3449
3354
3450
3355
3451
3356
3452
3357
3453
3358
3454
3359
3455
3360
3456
3361
3457
3362
3458
3363
3459
3364
3460
3365
3461
3366
3462
3367
3463
3368
3464
3369
3465
3370
3466
3371
3467
3372
3468
3373
3469
3374
3470
3375
3471
3376
3472
3377
3473
3474
3379
3475
3380
3476
3381
3477
3382
3478
3383
3479
3384
3480
3385
3481
3386
3482
3387
3483
3388
3484
3389
3485
3390
3486
3391
3487
3392
3488
3393
3489
3394
3490
3395
3491
3396
3492
3397
3493
3398
3494
3399
3495
3400
3496
3401
3497
3402
3498
3403
3499
3404
3500
3405
3501
3406
3502
3407
3503
3408
3504
3409
3505
3410
3506
3411
3507
3412
3508
3413
3509
3414
3510
3415
3511
3416
3512
3417
3513
3418
3514
3419
3515
3420
3516
3421
3517
3422
3518
3423
3519
3424
3520
3425
3521
3426
3522
3427
3523
3428
3524
3429
3525
3430
3526
3431
3527
3432
3528
3433
3529
3434
3530
3435
3531
3436
3532
3437
3533
3438
3534
3439
3535
3440
3536
3441
3537
3442
3538
3443
3539
3444
3540
3445
3541
3446
3542
3447
3543
3448
3544
3449
3545
3450
3546
3451
3547
3452
3548
3453
3549
3454
3550
3455
3551
3456
3552
3457
3553
3458
3554
3459
3555
3460
3556
3461
3557
3462
3558
3463
3559
3464
3560
3465
3561
3466
3562
3467
3563
3468
3564
3469
3565
3470
3566
3471
3567
3472
3568
3473
3569
3474
3570
3571
3476
3572
3477
3573
3478
3574
3479
3575
3480
3576
3481
3577
3482
3578
3483
3579
3484
3580
3485
3581
3486
3582
3487
3583
3488
3584
3489
3585
3490
3586
3491
3587
3492
3588
3493
3589
3494
3590
3495
3591
3496
3592
3497
3593
3498
3594
3499
3595
3500
3596
3501
3597
3502
3598
3503
3599
3504
3600
3505
3601
3506
3602
3507
3603
3508
3604
3509
3605
3510
3606
3511
3607
3512
3608
3513
3609
3514
3610
3515
3611
3516
3612
3517
3613
3518
3614
3519
3615
3520
3616
3521
3617
3522
3618
3523
3619
3524
3620
3525
3621
3526
3622
3527
3623
3528
3624
3529
3625
3530
3626
3531
3627
3532
3628
3533
3629
3534
3630
3535
3631
3536
3632
3537
3633
3538
3634
3539
3635
3540
3636
3541
3637
3542
3638
3543
3639
3544
3640
3545
3641
3546
3642
3547
3643
3548
3644
3549
3645
3550
3646
3551
3647
3552
3648
3553
3649
3554
3650
3555
3651
3556
3652
3557
3653
3558
3654
3559
3655
3560
3656
3561
3657
3562
3658
3563
3659
3564
3660
3565
3661
3566
3662
3567
3663
3568
3664
3569
3665
3570
3666
3571
3667
3668
3573
3669
3574
3670
3575
3671
3576
3672
3577
3673
3578
3674
3579
3675
3580
3676
3581
3677
3582
3678
3583
3679
3584
3680
3585
3681
3586
3682
3587
3683
3588
3684
3589
3685
3590
3686
3591
3687
3592
3688
3593
3689
3594
3690
3595
3691
3596
3692
3597
3693
3598
3694
3599
3695
3600
3696
3601
3697
3602
3698
3603
3699
3604
3700
3605
3701
3606
3702
3607
3703
3608
3704
3609
3705
3610
3706
3611
3707
3612
3708
3613
3709
3614
3710
3615
3711
3616
3712
3617
3713
3618
3714
3619
3715
3620
3716
3621
3717
3622
3718
3623
3719
3624
3720
3625
3721
3626
3722
3627
3723
3628
3724
3629
3725
3630
3726
3631
3727
3632
3728
3633
3729
3634
3730
3635
3731
3636
3732
3637
3733
3638
3734
3639
3735
3640
3736
3641
3737
3642
3738
3643
3739
3644
3740
3645
3741
3646
3742
3647
3743
3648
3744
3649
3745
3650
3746
3651
3747
3652
3748
3653
3749
3654
3750
3655
3751
3656
3752
3657
3753
3658
3754
3659
3755
3660
3756
3661
3757
3662
3758
3663
3759
3664
3760
3665
3761
3666
3762
3667
3763
3668
3764
3765
3670
3766
3671
3767
3672
3768
3673
3769
3674
3770
3675
3771
3676
3772
3677
3773
3678
3774
3679
3775
3680
3776
3681
3777
3682
3778
3683
3779
3684
3780
3685
3781
3686
3782
3687
3783
3688
3784
3689
3785
3690
3786
3691
3787
3692
3788
3693
3789
3694
3790
3695
3791
3696
3792
3697
3793
3698
3794
3699
3795
3700
3796
3701
3797
3702
3798
3703
3799
3704
3800
3705
3801
3706
3802
3707
3803
3708
3804
3709
3805
3710
3806
3711
3807
3712
3808
3713
3809
3714
3810
3715
3811
3716
3812
3717
3813
3718
3814
3719
3815
3720
3816
3721
3817
3722
3818
3723
3819
3724
3820
3725
3821
3726
3822
3727
3823
3728
3824
3729
3825
3730
3826
3731
3827
3732
3828
3733
3829
3734
3830
3735
3831
3736
3832
3737
3833
3738
3834
3739
3835
3740
3836
3741
3837
3742
3838
3743
3839
3744
3840
3745
3841
3746
3842
3747
3843
3748
3844
3749
3845
3750
3846
3751
3847
3752
3848
3753
3849
3754
3850
3755
3851
3756
3852
3757
3853
3758
3854
3759
3855
3760
3856
3761
3857
3762
3858
3763
3859
3764
3860
3765
3861
3862
3767
3863
3768
3864
3769
3865
3770
3866
3771
3867
3772
3868
3773
3869
3774
3870
3775
3871
3776
3872
3777
3873
3778
3874
3779
3875
3780
3876
3781
3877
3782
3878
3783
3879
3784
3880
3785
3881
3786
3882
3787
3883
3788
3884
3789
3885
3790
3886
3791
3887
3792
3888
3793
3889
3794
3890
3795
3891
3796
3892
3797
3893
3798
3894
3799
3895
3800
3896
3801
3897
3802
3898
3803
3899
3804
3900
3805
3901
3806
3902
3807
3903
3808
3904
3809
3905
3810
3906
3811
3907
3812
3908
3813
3909
3814
3910
3815
3911
3816
3912
3817
3913
3818
3914
3819
3915
3820
3916
3821
3917
3822
3918
3823
3919
3824
3920
3825
3921
3826
3922
3827
3923
3828
3924
3829
3925
3830
3926
3831
3927
3832
3928
3833
3929
3834
3930
3835
3931
3836
3932
3837
3933
3838
3934
3839
3935
3840
3936
3841
3937
3842
3938
3843
3939
3844
3940
3845
3941
3846
3942
3847
3943
3848
3944
3849
3945
3850
3946
3851
3947
3852
3948
3853
3949
3854
3950
3855
3951
3856
3952
3857
3953
3858
3954
3859
3955
3860
3956
3861
3957
3862
3958
3959
3864
3960
3865
3961
3866
3962
3867
3963
3868
3964
3869
3965
3870
3966
3871
3967
3872
3968
3873
3969
3874
3970
3875
3971
3876
3972
3877
3973
3878
3974
3879
3975
3880
3976
3881
3977
3882
3978
3883
3979
3884
3980
3885
3981
3886
3982
3887
3983
3888
3984
3889
3985
3890
3986
3891
3987
3892
3988
3893
3989
3894
3990
3895
3991
3896
3992
3897
3993
3898
3994
3899
3995
3900
3996
3901
3997
3902
3998
3903
3999
3904
4000
3905
4001
3906
4002
3907
4003
3908
4004
3909
4005
3910
4006
3911
4007
3912
4008
3913
4009
3914
4010
3915
4011
3916
4012
3917
4013
3918
4014
3919
4015
3920
4016
3921
4017
3922
4018
3923
4019
3924
4020
3925
4021
3926
4022
3927
4023
3928
4024
3929
4025
3930
4026
3931
4027
3932
4028
3933
4029
3934
4030
3935
4031
3936
4032
3937
4033
3938
4034
3939
4035
3940
4036
3941
4037
3942
4038
3943
4039
3944
4040
3945
4041
3946
4042
3947
4043
3948
4044
3949
4045
3950
4046
3951
4047
3952
4048
3953
4049
3954
4050
3955
4051
3956
4052
3957
4053
3958
4054
3959
4055
4056
3961
4057
3962
4058
3963
4059
3964
4060
3965
4061
3966
4062
3967
4063
3968
4064
3969
4065
3970
4066
3971
4067
3972
4068
3973
4069
3974
4070
3975
4071
3976
4072
3977
4073
3978
4074
3979
4075
3980
4076
3981
4077
3982
4078
3983
4079
3984
4080
3985
4081
3986
4082
3987
4083
3988
4084
3989
4085
3990
4086
3991
4087
3992
4088
3993
4089
3994
4090
3995
4091
3996
4092
3997
4093
3998
4094
3999
4095
4000
4096
4001
4097
4002
4098
4003
4099
4004
4100
4005
4101
4006
4102
4007
4103
4008
4104
4009
4105
4010
4106
4011
4107
4012
4108
4013
4109
4014
4110
4015
4111
4016
4112
4017
4113
4018
4114
4019
4115
4020
4116
4021
4117
4022
4118
4023
4119
4024
4120
4025
4121
4026
4122
4027
4123
4028
4124
4029
4125
4030
4126
4031
4127
4032
4128
4033
4129
4034
4130
4035
4131
4036
4132
4037
4133
4038
4134
4039
4135
4040
4136
4041
4137
4042
4138
4043
4139
4044
4140
4045
4141
4046
4142
4047
4143
4048
4144
4049
4145
4050
4146
4051
4147
4052
4148
4053
4149
4054
4150
4055
4151
4056
4152
4153
4058
4154
4059
4155
4060
4156
4061
4157
4062
4158
4063
4159
4064
4160
4065
4161
4066
4162
4067
4163
4068
4164
4069
4165
4070
4166
4071
4167
4072
4168
4073
4169
4074
4170
4075
4171
4076
4172
4077
4173
4078
4174
4079
4175
4080
4176
4081
4177
4082
4178
4083
4179
4084
4180
4085
4181
4086
4182
4087
4183
4088
4184
4089
4185
4090
4186
4091
4187
4092
4188
4093
4189
4094
4190
4095
4191
4096
4192
4097
4193
4098
4194
4099
4195
4100
4196
4101
4197
4102
4198
4103
4199
4104
4200
4105
4201
4106
4202
4107
4203
4108
4204
4109
4205
4110
4206
4111
4207
4112
4208
4113
4209
4114
4210
4115
4211
4116
4212
4117
4213
4118
4214
4119
4215
4120
4216
4121
4217
4122
4218
4123
4219
4124
4220
4125
4221
4126
4222
4127
4223
4128
4224
4129
4225
4130
4226
4131
4227
4132
4228
4133
4229
4134
4230
4135
4231
4136
4232
4137
4233
4138
4234
4139
4235
4140
4236
4141
4237
4142
4238
4143
4239
4144
4240
4145
4241
4146
4242
4147
4243
4148
4244
4149
4245
4150
4246
4151
4247
4152
4248
4153
4249
4250
4155
4251
4156
4252
4157
4253
4158
4254
4159
4255
4160
4256
4161
4257
4162
4258
4163
4259
4164
4260
4165
4261
4166
4262
4167
4263
4168
4264
4169
4265
4170
4266
4171
4267
4172
4268
4173
4269
4174
4270
4175
4271
4176
4272
4177
4273
4178
4274
4179
4275
4180
4276
4181
4277
4182
4278
4183
4279
4184
4280
4185
4281
4186
4282
4187
4283
4188
4284
4189
4285
4190
4286
4191
4287
4192
4288
4193
4289
4194
4290
4195
4291
4196
4292
4197
4293
4198
4294
4199
4295
4200
4296
4201
4297
4202
4298
4203
4299
4204
4300
4205
4301
4206
4302
4207
4303
4208
4304
4209
4305
4210
4306
4211
4307
4212
4308
4213
4309
4214
4310
4215
4311
4216
4312
4217
4313
4218
4314
4219
4315
4220
4316
4221
4317
4222
4318
4223
4319
4224
4320
4225
4321
4226
4322
4227
4323
4228
4324
4229
4325
4230
4326
4231
4327
4232
4328
4233
4329
4234
4330
4235
4331
4236
4332
4237
4333
4238
4334
4239
4335
4240
4336
4241
4337
4242
4338
4243
4339
4244
4340
4245
4341
4246
4342
4247
4343
4248
4344
4249
4345
4250
4346
4347
4252
4348
4253
4349
4254
4350
4255
4351
4256
4352
4257
4353
4258
4354
4259
4355
4260
4356
4261
4357
4262
4358
4263
4359
4264
4360
4265
4361
4266
4362
4267
4363
4268
4364
4269
4365
4270
4366
4271
4367
4272
4368
4273
4369
4274
4370
4275
4371
4276
4372
4277
4373
4278
4374
4279
4375
4280
4376
4281
4377
4282
4378
4283
4379
4284
4380
4285
4381
4286
4382
4287
4383
4288
4384
4289
4385
4290
4386
4291
4387
4292
4388
4293
4389
4294
4390
4295
4391
4296
4392
4297
4393
4298
4394
4299
4395
4300
4396
4301
4397
4302
4398
4303
4399
4304
4400
4305
4401
4306
4402
4307
4403
4308
4404
4309
4405
4310
4406
4311
4407
4312
4408
4313
4409
4314
4410
4315
4411
4316
4412
4317
4413
4318
4414
4319
4415
4320
4416
4321
4417
4322
4418
4323
4419
4324
4420
4325
4421
4326
4422
4327
4423
4328
4424
4329
4425
4330
4426
4331
4427
4332
4428
4333
4429
4334
4430
4335
4431
4336
4432
4337
4433
4338
4434
4339
4435
4340
4436
4341
4437
4342
4438
4343
4439
4344
4440
4345
4441
4346
4442
4347
4443
4444
4349
4445
4350
4446
4351
4447
4352
4448
4353
4449
4354
4450
4355
4451
4356
4452
4357
4453
4358
4454
4359
4455
4360
4456
4361
4457
4362
4458
4363
4459
4364
4460
4365
4461
4366
4462
4367
4463
4368
4464
4369
4465
4370
4466
4371
4467
4372
4468
4373
4469
4374
4470
4375
4471
4376
4472
4377
4473
4378
4474
4379
4475
4380
4476
4381
4477
4382
4478
4383
4479
4384
4480
4385
4481
4386
4482
4387
4483
4388
4484
4389
4485
4390
4486
4391
4487
4392
4488
4393
4489
4394
4490
4395
4491
4396
4492
4397
4493
4398
4494
4399
4495
4400
4496
4401
4497
4402
4498
4403
4499
4404
4500
4405
4501
4406
4502
4407
4503
4408
4504
4409
4505
4410
4506
4411
4507
4412
4508
4413
4509
4414
4510
4415
4511
4416
4512
4417
4513
4418
4514
4419
4515
4420
4516
4421
4517
4422
4518
4423
4519
4424
4520
4425
4521
4426
4522
4427
4523
4428
4524
4429
4525
4430
4526
4431
4527
4432
4528
4433
4529
4434
4530
4435
4531
4436
4532
4437
4533
4438
4534
4439
4535
4440
4536
4441
4537
4442
4538
4443
4539
4444
4540
4541
4446
4542
4447
4543
4448
4544
4449
4545
4450
4546
4451
4547
4452
4548
4453
4549
4454
4550
4455
4551
4456
4552
4457
4553
4458
4554
4459
4555
4460
4556
4461
4557
4462
4558
4463
4559
4464
4560
4465
4561
4466
4562
4467
4563
4468
4564
4469
4565
4470
4566
4471
4567
4472
4568
4473
4569
4474
4570
4475
4571
4476
4572
4477
4573
4478
4574
4479
4575
4480
4576
4481
4577
4482
4578
4483
4579
4484
4580
4485
4581
4486
4582
4487
4583
4488
4584
4489
4585
4490
4586
4491
4587
4492
4588
4493
4589
4494
4590
4495
4591
4496
4592
4497
4593
4498
4594
4499
4595
4500
4596
4501
4597
4502
4598
4503
4599
4504
4600
4505
4601
4506
4602
4507
4603
4508
4604
4509
4605
4510
4606
4511
4607
4512
4608
4513
4609
4514
4610
4515
4611
4516
4612
4517
4613
4518
4614
4519
4615
4520
4616
4521
4617
4522
4618
4523
4619
4524
4620
4525
4621
4526
4622
4527
4623
4528
4624
4529
4625
4530
4626
4531
4627
4532
4628
4533
4629
4534
4630
4535
4631
4536
4632
4537
4633
4538
4634
4539
4635
4540
4636
4541
4637
4638
4543
4639
4544
4640
4545
4641
4546
4642
4547
4643
4548
4644
4549
4645
4550
4646
4551
4647
4552
4648
4553
4649
4554
4650
4555
4651
4556
4652
4557
4653
4558
4654
4559
4655
4560
4656
4561
4657
4562
4658
4563
4659
4564
4660
4565
4661
4566
4662
4567
4663
4568
4664
4569
4665
4570
4666
4571
4667
4572
4668
4573
4669
4574
4670
4575
4671
4576
4672
4577
4673
4578
4674
4579
4675
4580
4676
4581
4677
4582
4678
4583
4679
4584
4680
4585
4681
4586
4682
4587
4683
4588
4684
4589
4685
4590
4686
4591
4687
4592
4688
4593
4689
4594
4690
4595
4691
4596
4692
4597
4693
4598
4694
4599
4695
4600
4696
4601
4697
4602
4698
4603
4699
4604
4700
4605
4701
4606
4702
4607
4703
4608
4704
4609
4705
4610
4706
4611
4707
4612
4708
4613
4709
4614
4710
4615
4711
4616
4712
4617
4713
4618
4714
4619
4715
4620
4716
4621
4717
4622
4718
4623
4719
4624
4720
4625
4721
4626
4722
4627
4723
4628
4724
4629
4725
4630
4726
4631
4727
4632
4728
4633
4729
4634
4730
4635
4731
4636
4732
4637
4733
4638
4734
4735
4640
4736
4641
4737
4642
4738
4643
4739
4644
4740
4645
4741
4646
4742
4647
4743
4648
4744
4649
4745
4650
4746
4651
4747
4652
4748
4653
4749
4654
4750
4655
4751
4656
4752
4657
4753
4658
4754
4659
4755
4660
4756
4661
4757
4662
4758
4663
4759
4664
4760
4665
4761
4666
4762
4667
4763
4668
4764
4669
4765
4670
4766
4671
4767
4672
4768
4673
4769
4674
4770
4675
4771
4676
4772
4677
4773
4678
4774
4679
4775
4680
4776
4681
4777
4682
4778
4683
4779
4684
4780
4685
4781
4686
4782
4687
4783
4688
4784
4689
4785
4690
4786
4691
4787
4692
4788
4693
4789
4694
4790
4695
4791
4696
4792
4697
4793
4698
4794
4699
4795
4700
4796
4701
4797
4702
4798
4703
4799
4704
4800
4705
4801
4706
4802
4707
4803
4708
4804
4709
4805
4710
4806
4711
4807
4712
4808
4713
4809
4714
4810
4715
4811
4716
4812
4717
4813
4718
4814
4719
4815
4720
4816
4721
4817
4722
4818
4723
4819
4724
4820
4725
4821
4726
4822
4727
4823
4728
4824
4729
4825
4730
4826
4731
4827
4732
4828
4733
4829
4734
4830
4735
4831
4832
4737
4833
4738
4834
4739
4835
4740
4836
4741
4837
4742
4838
4743
4839
4744
4840
4745
4841
4746
4842
4747
4843
4748
4844
4749
4845
4750
4846
4751
4847
4752
4848
4753
4849
4754
4850
4755
4851
4756
4852
4757
4853
4758
4854
4759
4855
4760
4856
4761
4857
4762
4858
4763
4859
4764
4860
4765
4861
4766
4862
4767
4863
4768
4864
4769
4865
4770
4866
4771
4867
4772
4868
4773
4869
4774
4870
4775
4871
4776
4872
4777
4873
4778
4874
4779
4875
4780
4876
4781
4877
4782
4878
4783
4879
4784
4880
4785
4881
4786
4882
4787
4883
4788
4884
4789
4885
4790
4886
4791
4887
4792
4888
4793
4889
4794
4890
4795
4891
4796
4892
4797
4893
4798
4894
4799
4895
4800
4896
4801
4897
4802
4898
4803
4899
4804
4900
4805
4901
4806
4902
4807
4903
4808
4904
4809
4905
4810
4906
4811
4907
4812
4908
4813
4909
4814
4910
4815
4911
4816
4912
4817
4913
4818
4914
4819
4915
4820
4916
4821
4917
4822
4918
4823
4919
4824
4920
4825
4921
4826
4922
4827
4923
4828
4924
4829
4925
4830
4926
4831
4927
4832
4928
4929
4834
4930
4835
4931
4836
4932
4837
4933
4838
4934
4839
4935
4840
4936
4841
4937
4842
4938
4843
4939
4844
4940
4845
4941
4846
4942
4847
4943
4848
4944
4849
4945
4850
4946
4851
4947
4852
4948
4853
4949
4854
4950
4855
4951
4856
4952
4857
4953
4858
4954
4859
4955
4860
4956
4861
4957
4862
4958
4863
4959
4864
4960
4865
4961
4866
4962
4867
4963
4868
4964
4869
4965
4870
4966
4871
4967
4872
4968
4873
4969
4874
4970
4875
4971
4876
4972
4877
4973
4878
4974
4879
4975
4880
4976
4881
4977
4882
4978
4883
4979
4884
4980
4885
4981
4886
4982
4887
4983
4888
4984
4889
4985
4890
4986
4891
4987
4892
4988
4893
4989
4894
4990
4895
4991
4896
4992
4897
4993
4898
4994
4899
4995
4900
4996
4901
4997
4902
4998
4903
4999
4904
5000
4905
5001
4906
5002
4907
5003
4908
5004
4909
5005
4910
5006
4911
5007
4912
5008
4913
5009
4914
5010
4915
5011
4916
5012
4917
5013
4918
5014
4919
5015
4920
5016
4921
5017
4922
5018
4923
5019
4924
5020
4925
5021
4926
5022
4927
5023
4928
5024
4929
5025
5026
4931
4932
4933
4934
4935
4936
4937
4938
4939
4940
4941
4942
4943
4944
4945
4946
4947
4948
4949
4950
4951
4952
4953
4954
4955
4956
4957
4958
4959
4960
4961
4962
4963
4964
4965
4966
4967
4968
4969
4970
4971
4972
4973
4974
4975
4976
4977
4978
4979
4980
4981
4982
4983
4984
4985
4986
4987
4988
4989
4990
4991
4992
4993
4994
4995
4996
4997
4998
4999
5000
5001
5002
5003
5004
5005
5006
5007
5008
5009
5010
5011
5012
5013
5014
5015
5016
5017
5018
5019
5020
5021
5022
5023
5024
5025
5026
)


// ************************************************************************* //
