/*--------------------------------*- C++ -*----------------------------------*\
  =========                 |
  \\      /  F ield         | OpenFOAM: The Open Source CFD Toolbox
   \\    /   O peration     | Website:  https://openfoam.org
    \\  /    A nd           | Version:  7
     \\/     M anipulation  |
\*---------------------------------------------------------------------------*/
FoamFile
{
    version     2.0;
    format      ascii;
    class       labelList;
    note        "nPoints: 10364 nCells: 5027 nFaces: 20262 nInternalFaces: 9900";
    location    "constant/dielectric/polyMesh";
    object      owner;
}
// * * * * * * * * * * * * * * * * * * * * * * * * * * * * * * * * * * * * * //


20262
(
0
0
1
1
2
2
3
3
4
4
5
5
6
6
7
7
8
8
9
9
10
10
11
11
12
12
13
13
14
14
15
15
16
16
17
17
18
18
19
19
20
20
21
21
22
22
23
23
24
24
25
25
26
26
27
27
28
28
29
29
30
30
31
31
32
32
33
33
34
34
35
35
36
36
37
37
38
38
39
39
40
40
41
41
42
42
43
43
44
44
45
45
46
46
47
47
48
48
49
49
50
50
51
51
52
52
53
53
54
54
55
55
56
56
57
57
58
58
59
59
60
60
61
61
62
62
63
63
64
64
65
65
66
66
67
67
68
68
69
69
70
70
71
71
72
72
73
73
74
74
75
75
76
76
77
77
78
78
79
79
80
80
81
81
82
82
83
83
84
84
85
85
86
86
87
87
88
88
89
89
90
90
91
91
92
92
93
93
94
94
95
95
96
96
97
97
98
98
99
99
100
100
101
101
102
102
103
104
104
105
105
106
106
107
107
108
108
109
109
110
110
111
111
112
112
113
113
114
114
115
115
116
116
117
117
118
118
119
119
120
120
121
121
122
122
123
123
124
124
125
125
126
126
127
127
128
128
129
129
130
130
131
131
132
132
133
133
134
134
135
135
136
136
137
137
138
138
139
139
140
140
141
141
142
142
143
143
144
144
145
145
146
146
147
147
148
148
149
149
150
150
151
151
152
152
153
153
154
154
155
155
156
156
157
157
158
158
159
159
160
160
161
161
162
162
163
163
164
164
165
165
166
166
167
167
168
168
169
169
170
170
171
171
172
172
173
173
174
174
175
175
176
176
177
177
178
178
179
179
180
180
181
181
182
182
183
183
184
184
185
185
186
186
187
187
188
188
189
189
190
190
191
191
192
192
193
193
194
194
195
195
196
196
197
197
198
198
199
199
200
200
201
201
202
202
203
203
204
204
205
205
206
206
207
208
208
209
209
210
210
211
211
212
212
213
213
214
214
215
215
216
216
217
217
218
218
219
219
220
220
221
221
222
222
223
223
224
224
225
225
226
226
227
227
228
228
229
229
230
230
231
231
232
232
233
233
234
234
235
235
236
236
237
237
238
238
239
239
240
240
241
241
242
242
243
243
244
244
245
245
246
246
247
247
248
248
249
249
250
250
251
251
252
252
253
253
254
254
255
255
256
256
257
257
258
258
259
259
260
260
261
261
262
262
263
263
264
264
265
265
266
266
267
267
268
268
269
269
270
270
271
271
272
272
273
273
274
274
275
275
276
276
277
277
278
278
279
279
280
280
281
281
282
282
283
283
284
284
285
285
286
286
287
287
288
288
289
289
290
290
291
291
292
292
293
293
294
294
295
295
296
296
297
297
298
298
299
299
300
300
301
301
302
302
303
303
304
304
305
305
306
306
307
307
308
308
309
309
310
310
311
312
312
313
313
314
314
315
315
316
316
317
317
318
318
319
319
320
320
321
321
322
322
323
323
324
324
325
325
326
326
327
327
328
328
329
329
330
330
331
331
332
332
333
333
334
334
335
335
336
336
337
337
338
338
339
339
340
340
341
341
342
342
343
343
344
344
345
345
346
346
347
347
348
348
349
349
350
350
351
351
352
352
353
353
354
354
355
355
356
356
357
357
358
358
359
359
360
360
361
361
362
362
363
363
364
364
365
365
366
366
367
367
368
368
369
369
370
370
371
371
372
372
373
373
374
374
375
375
376
376
377
377
378
378
379
379
380
380
381
381
382
382
383
383
384
384
385
385
386
386
387
387
388
388
389
389
390
390
391
391
392
392
393
393
394
394
395
395
396
396
397
397
398
398
399
399
400
400
401
401
402
402
403
403
404
404
405
405
406
406
407
407
408
408
409
409
410
410
411
411
412
412
413
413
414
414
415
416
416
417
417
418
418
419
419
420
420
421
421
422
422
423
423
424
424
425
425
426
426
427
427
428
428
429
429
430
430
431
431
432
432
433
433
434
434
435
435
436
436
437
437
438
438
439
439
440
440
441
441
442
442
443
443
444
444
445
445
446
446
447
447
448
448
449
449
450
450
451
451
452
452
453
453
454
454
455
455
456
456
457
457
458
458
459
459
460
460
461
461
462
462
463
463
464
464
465
465
466
466
467
467
468
468
469
469
470
470
471
471
472
472
473
473
474
474
475
475
476
476
477
477
478
478
479
479
480
480
481
481
482
482
483
483
484
484
485
485
486
486
487
487
488
488
489
489
490
490
491
491
492
492
493
493
494
494
495
495
496
496
497
497
498
498
499
499
500
500
501
501
502
502
503
503
504
504
505
505
506
506
507
507
508
508
509
509
510
510
511
511
512
512
513
513
514
514
515
515
516
516
517
517
518
518
519
520
520
521
521
522
522
523
523
524
524
525
525
526
526
527
527
528
528
529
529
530
530
531
531
532
532
533
533
534
534
535
535
536
536
537
537
538
538
539
539
540
540
541
541
542
542
543
543
544
544
545
545
546
546
547
547
548
548
549
549
550
550
551
551
552
552
553
553
554
554
555
555
556
556
557
557
558
558
559
559
560
560
561
561
562
562
563
563
564
564
565
565
566
566
567
567
568
568
569
569
570
570
571
571
572
572
573
573
574
574
575
575
576
576
577
577
578
578
579
579
580
580
581
581
582
582
583
583
584
584
585
585
586
586
587
587
588
588
589
589
590
590
591
591
592
592
593
593
594
594
595
595
596
596
597
597
598
598
599
599
600
600
601
601
602
602
603
603
604
604
605
605
606
606
607
607
608
608
609
609
610
610
611
611
612
612
613
613
614
614
615
615
616
616
617
617
618
618
619
619
620
620
621
621
622
622
623
624
624
625
625
626
626
627
627
628
628
629
629
630
630
631
631
632
632
633
633
634
634
635
635
636
636
637
637
638
638
639
639
640
640
641
641
642
642
643
643
644
644
645
645
646
646
647
647
648
648
649
649
650
650
651
651
652
652
653
653
654
654
655
655
656
656
657
657
658
658
659
659
660
660
661
661
662
662
663
663
664
664
665
665
666
666
667
667
668
668
669
669
670
670
671
671
672
672
673
673
674
674
675
675
676
676
677
677
678
678
679
679
680
680
681
681
682
682
683
683
684
684
685
685
686
686
687
687
688
688
689
689
690
690
691
691
692
692
693
693
694
694
695
695
696
696
697
697
698
698
699
699
700
700
701
701
702
702
703
703
704
704
705
705
706
706
707
707
708
708
709
709
710
710
711
711
712
712
713
713
714
714
715
715
716
716
717
717
718
718
719
719
720
720
721
721
722
722
723
723
724
724
725
725
726
726
727
728
728
729
729
730
730
731
731
732
732
733
733
734
734
735
735
736
736
737
737
738
738
739
739
740
740
741
741
742
742
743
743
744
744
745
745
746
746
747
747
748
748
749
749
750
750
751
751
752
752
753
753
754
754
755
755
756
756
757
757
758
758
759
759
760
760
761
761
762
762
763
763
764
764
765
765
766
766
767
767
768
768
769
769
770
770
771
771
772
772
773
773
774
774
775
775
776
776
777
777
778
778
779
779
780
780
781
781
782
782
783
783
784
784
785
785
786
786
787
787
788
788
789
789
790
790
791
791
792
792
793
793
794
794
795
795
796
796
797
797
798
798
799
799
800
800
801
801
802
802
803
803
804
804
805
805
806
806
807
807
808
808
809
809
810
810
811
811
812
812
813
813
814
814
815
815
816
816
817
817
818
818
819
819
820
820
821
821
822
822
823
823
824
824
825
825
826
826
827
827
828
828
829
829
830
830
831
832
832
833
833
834
834
835
835
836
836
837
837
838
838
839
839
840
840
841
841
842
842
843
843
844
844
845
845
846
846
847
847
848
848
849
849
850
850
851
851
852
852
853
853
854
854
855
855
856
856
857
857
858
858
859
859
860
860
861
861
862
862
863
863
864
864
865
865
866
866
867
867
868
868
869
869
870
870
871
871
872
872
873
873
874
874
875
875
876
876
877
877
878
878
879
879
880
880
881
881
882
882
883
883
884
884
885
885
886
886
887
887
888
888
889
889
890
890
891
891
892
892
893
893
894
894
895
895
896
896
897
897
898
898
899
899
900
900
901
901
902
902
903
903
904
904
905
905
906
906
907
907
908
908
909
909
910
910
911
911
912
912
913
913
914
914
915
915
916
916
917
917
918
918
919
919
920
920
921
921
922
922
923
923
924
924
925
925
926
926
927
927
928
928
929
929
930
930
931
931
932
932
933
933
934
934
935
936
936
937
937
938
938
939
939
940
940
941
941
942
942
943
943
944
944
945
945
946
946
947
947
948
948
949
949
950
950
951
951
952
952
953
953
954
954
955
955
956
956
957
957
958
958
959
959
960
960
961
961
962
962
963
963
964
964
965
965
966
966
967
967
968
968
969
969
970
970
971
971
972
972
973
973
974
974
975
975
976
976
977
977
978
978
979
979
980
980
981
981
982
982
983
983
984
984
985
985
986
986
987
987
988
988
989
989
990
990
991
991
992
992
993
993
994
994
995
995
996
996
997
997
998
998
999
999
1000
1000
1001
1001
1002
1002
1003
1003
1004
1004
1005
1005
1006
1006
1007
1007
1008
1008
1009
1009
1010
1010
1011
1011
1012
1012
1013
1013
1014
1014
1015
1015
1016
1016
1017
1017
1018
1018
1019
1019
1020
1020
1021
1021
1022
1022
1023
1023
1024
1024
1025
1025
1026
1026
1027
1027
1028
1028
1029
1029
1030
1030
1031
1031
1032
1032
1033
1033
1034
1034
1035
1035
1036
1036
1037
1037
1038
1038
1039
1040
1040
1041
1041
1042
1042
1043
1043
1044
1044
1045
1045
1046
1046
1047
1047
1048
1048
1049
1049
1050
1050
1051
1051
1052
1052
1053
1053
1054
1054
1055
1055
1056
1056
1057
1057
1058
1058
1059
1059
1060
1060
1061
1061
1062
1062
1063
1063
1064
1064
1065
1065
1066
1066
1067
1067
1068
1068
1069
1069
1070
1070
1071
1071
1072
1072
1073
1073
1074
1074
1075
1075
1076
1076
1077
1077
1078
1078
1079
1079
1080
1080
1081
1081
1082
1082
1083
1083
1084
1084
1085
1085
1086
1086
1087
1087
1088
1088
1089
1089
1090
1090
1091
1091
1092
1092
1093
1093
1094
1094
1095
1095
1096
1096
1097
1097
1098
1098
1099
1099
1100
1100
1101
1101
1102
1102
1103
1103
1104
1104
1105
1105
1106
1106
1107
1107
1108
1108
1109
1109
1110
1110
1111
1111
1112
1112
1113
1113
1114
1114
1115
1115
1116
1116
1117
1117
1118
1118
1119
1119
1120
1120
1121
1121
1122
1122
1123
1123
1124
1124
1125
1125
1126
1126
1127
1127
1128
1128
1129
1129
1130
1130
1131
1131
1132
1132
1133
1133
1134
1134
1135
1135
1136
1136
1137
1137
1138
1138
1139
1139
1140
1140
1141
1141
1142
1142
1143
1144
1144
1145
1145
1146
1146
1147
1147
1148
1148
1149
1149
1150
1150
1151
1151
1152
1152
1153
1153
1154
1154
1155
1155
1156
1156
1157
1157
1158
1158
1159
1159
1160
1160
1161
1161
1162
1162
1163
1163
1164
1164
1165
1165
1166
1166
1167
1167
1168
1168
1169
1169
1170
1170
1171
1171
1172
1172
1173
1173
1174
1174
1175
1175
1176
1176
1177
1177
1178
1178
1179
1179
1180
1180
1181
1181
1182
1182
1183
1183
1184
1184
1185
1185
1186
1186
1187
1187
1188
1188
1189
1189
1190
1190
1191
1191
1192
1192
1193
1193
1194
1194
1195
1195
1196
1196
1197
1197
1198
1198
1199
1199
1200
1200
1201
1201
1202
1202
1203
1203
1204
1204
1205
1205
1206
1206
1207
1207
1208
1208
1209
1209
1210
1210
1211
1211
1212
1212
1213
1213
1214
1214
1215
1215
1216
1216
1217
1217
1218
1218
1219
1219
1220
1220
1221
1221
1222
1222
1223
1223
1224
1224
1225
1225
1226
1226
1227
1227
1228
1228
1229
1229
1230
1230
1231
1231
1232
1232
1233
1233
1234
1234
1235
1235
1236
1236
1237
1237
1238
1238
1239
1239
1240
1240
1241
1241
1242
1242
1243
1243
1244
1244
1245
1245
1246
1246
1247
1248
1248
1249
1249
1250
1250
1251
1251
1252
1252
1253
1253
1254
1254
1255
1255
1256
1256
1257
1257
1258
1258
1259
1259
1260
1260
1261
1261
1262
1262
1263
1263
1264
1264
1265
1265
1266
1266
1267
1267
1268
1268
1269
1269
1270
1270
1271
1271
1272
1272
1273
1273
1274
1274
1275
1275
1276
1276
1277
1277
1278
1278
1279
1279
1280
1280
1281
1281
1282
1282
1283
1283
1284
1284
1285
1285
1286
1286
1287
1287
1288
1288
1289
1289
1290
1290
1291
1291
1292
1292
1293
1293
1294
1294
1295
1295
1296
1296
1297
1297
1298
1298
1299
1299
1300
1300
1301
1301
1302
1302
1303
1303
1304
1304
1305
1305
1306
1306
1307
1307
1308
1308
1309
1309
1310
1310
1311
1311
1312
1312
1313
1313
1314
1314
1315
1315
1316
1316
1317
1317
1318
1318
1319
1319
1320
1320
1321
1321
1322
1322
1323
1323
1324
1324
1325
1325
1326
1326
1327
1327
1328
1328
1329
1329
1330
1330
1331
1331
1332
1332
1333
1333
1334
1334
1335
1335
1336
1336
1337
1337
1338
1338
1339
1339
1340
1340
1341
1341
1342
1342
1343
1343
1344
1344
1345
1345
1346
1346
1347
1347
1348
1348
1349
1349
1350
1350
1351
1352
1352
1353
1353
1354
1354
1355
1355
1356
1356
1357
1357
1358
1358
1359
1359
1360
1360
1361
1361
1362
1362
1363
1363
1364
1364
1365
1365
1366
1366
1367
1367
1368
1368
1369
1369
1370
1370
1371
1371
1372
1372
1373
1373
1374
1374
1375
1375
1376
1376
1377
1377
1378
1378
1379
1379
1380
1380
1381
1381
1382
1382
1383
1383
1384
1384
1385
1385
1386
1386
1387
1387
1388
1388
1389
1389
1390
1390
1391
1391
1392
1392
1393
1393
1394
1394
1395
1395
1396
1396
1397
1397
1398
1398
1399
1399
1400
1400
1401
1401
1402
1402
1403
1403
1404
1404
1405
1405
1406
1406
1407
1407
1408
1408
1409
1409
1410
1410
1411
1411
1412
1412
1413
1413
1414
1414
1415
1415
1416
1416
1417
1417
1418
1418
1419
1419
1420
1420
1421
1421
1422
1422
1423
1423
1424
1424
1425
1425
1426
1426
1427
1427
1428
1428
1429
1429
1430
1430
1431
1431
1432
1432
1433
1433
1434
1434
1435
1435
1436
1436
1437
1437
1438
1438
1439
1439
1440
1440
1441
1441
1442
1442
1443
1443
1444
1444
1445
1445
1446
1446
1447
1447
1448
1448
1449
1449
1450
1450
1451
1451
1452
1452
1453
1453
1454
1454
1455
1456
1456
1457
1457
1458
1458
1459
1459
1460
1460
1461
1461
1462
1462
1463
1463
1464
1464
1465
1465
1466
1466
1467
1467
1468
1468
1469
1469
1470
1470
1471
1471
1472
1472
1473
1473
1474
1474
1475
1475
1476
1476
1477
1477
1478
1478
1479
1479
1480
1480
1481
1481
1482
1482
1483
1483
1484
1484
1485
1485
1486
1486
1487
1487
1488
1488
1489
1489
1490
1490
1491
1491
1492
1492
1493
1493
1494
1494
1495
1495
1496
1496
1497
1497
1498
1498
1499
1499
1500
1500
1501
1501
1502
1502
1503
1503
1504
1504
1505
1505
1506
1506
1507
1507
1508
1508
1509
1509
1510
1510
1511
1511
1512
1512
1513
1513
1514
1514
1515
1515
1516
1516
1517
1517
1518
1518
1519
1519
1520
1520
1521
1521
1522
1522
1523
1523
1524
1524
1525
1525
1526
1526
1527
1527
1528
1528
1529
1529
1530
1530
1531
1531
1532
1532
1533
1533
1534
1534
1535
1535
1536
1536
1537
1537
1538
1538
1539
1539
1540
1540
1541
1541
1542
1542
1543
1543
1544
1544
1545
1545
1546
1546
1547
1547
1548
1548
1549
1549
1550
1550
1551
1551
1552
1552
1553
1553
1554
1554
1555
1555
1556
1556
1557
1557
1558
1558
1559
1560
1560
1561
1561
1562
1562
1563
1563
1564
1564
1565
1565
1566
1566
1567
1567
1568
1568
1569
1569
1570
1570
1571
1571
1572
1572
1573
1573
1574
1574
1575
1575
1576
1576
1577
1577
1578
1578
1579
1579
1580
1580
1581
1581
1582
1582
1583
1583
1584
1584
1585
1585
1586
1586
1587
1587
1588
1588
1589
1589
1590
1590
1591
1591
1592
1592
1593
1593
1594
1594
1595
1595
1596
1596
1597
1597
1598
1598
1599
1599
1600
1600
1601
1601
1602
1602
1603
1603
1604
1604
1605
1605
1606
1606
1607
1607
1608
1608
1609
1609
1610
1610
1611
1611
1612
1612
1613
1613
1614
1614
1615
1615
1616
1616
1617
1617
1618
1618
1619
1619
1620
1620
1621
1621
1622
1622
1623
1623
1624
1624
1625
1625
1626
1626
1627
1627
1628
1628
1629
1629
1630
1630
1631
1631
1632
1632
1633
1633
1634
1634
1635
1635
1636
1636
1637
1637
1638
1638
1639
1639
1640
1640
1641
1641
1642
1642
1643
1643
1644
1644
1645
1645
1646
1646
1647
1647
1648
1648
1649
1649
1650
1650
1651
1651
1652
1652
1653
1653
1654
1654
1655
1655
1656
1656
1657
1657
1658
1658
1659
1659
1660
1660
1661
1661
1662
1662
1663
1664
1664
1665
1665
1666
1666
1667
1667
1668
1668
1669
1669
1670
1670
1671
1671
1672
1672
1673
1673
1674
1674
1675
1675
1676
1676
1677
1677
1678
1678
1679
1679
1680
1680
1681
1681
1682
1682
1683
1683
1684
1684
1685
1685
1686
1686
1687
1687
1688
1688
1689
1689
1690
1690
1691
1691
1692
1692
1693
1693
1694
1694
1695
1695
1696
1696
1697
1697
1698
1698
1699
1699
1700
1700
1701
1701
1702
1702
1703
1703
1704
1704
1705
1705
1706
1706
1707
1707
1708
1708
1709
1709
1710
1710
1711
1711
1712
1712
1713
1713
1714
1714
1715
1715
1716
1716
1717
1717
1718
1718
1719
1719
1720
1720
1721
1721
1722
1722
1723
1723
1724
1724
1725
1725
1726
1726
1727
1727
1728
1728
1729
1729
1730
1730
1731
1731
1732
1732
1733
1733
1734
1734
1735
1735
1736
1736
1737
1737
1738
1738
1739
1739
1740
1740
1741
1741
1742
1742
1743
1743
1744
1744
1745
1745
1746
1746
1747
1747
1748
1748
1749
1749
1750
1750
1751
1751
1752
1752
1753
1753
1754
1754
1755
1755
1756
1756
1757
1757
1758
1758
1759
1759
1760
1760
1761
1761
1762
1762
1763
1763
1764
1764
1765
1765
1766
1766
1767
1768
1768
1769
1769
1770
1770
1771
1771
1772
1772
1773
1773
1774
1774
1775
1775
1776
1776
1777
1777
1778
1778
1779
1779
1780
1780
1781
1781
1782
1782
1783
1783
1784
1784
1785
1785
1786
1786
1787
1787
1788
1788
1789
1789
1790
1790
1791
1791
1792
1792
1793
1793
1794
1794
1795
1795
1796
1796
1797
1797
1798
1798
1799
1799
1800
1800
1801
1801
1802
1802
1803
1803
1804
1804
1805
1805
1806
1806
1807
1807
1808
1808
1809
1809
1810
1810
1811
1811
1812
1812
1813
1813
1814
1814
1815
1815
1816
1816
1817
1817
1818
1818
1819
1819
1820
1820
1821
1821
1822
1822
1823
1823
1824
1824
1825
1825
1826
1826
1827
1827
1828
1828
1829
1829
1830
1830
1831
1831
1832
1832
1833
1833
1834
1834
1835
1835
1836
1836
1837
1837
1838
1838
1839
1839
1840
1840
1841
1841
1842
1842
1843
1843
1844
1844
1845
1845
1846
1846
1847
1847
1848
1848
1849
1849
1850
1850
1851
1851
1852
1852
1853
1853
1854
1854
1855
1855
1856
1856
1857
1857
1858
1858
1859
1859
1860
1860
1861
1861
1862
1862
1863
1863
1864
1864
1865
1865
1866
1866
1867
1867
1868
1868
1869
1869
1870
1870
1871
1872
1872
1873
1873
1874
1874
1875
1875
1876
1876
1877
1877
1878
1878
1879
1879
1880
1880
1881
1881
1882
1882
1883
1883
1884
1884
1885
1885
1886
1886
1887
1887
1888
1888
1889
1889
1890
1890
1891
1891
1892
1892
1893
1893
1894
1894
1895
1895
1896
1896
1897
1897
1898
1898
1899
1899
1900
1900
1901
1901
1902
1902
1903
1903
1904
1904
1905
1905
1906
1906
1907
1907
1908
1908
1909
1909
1910
1910
1911
1911
1912
1912
1913
1913
1914
1914
1915
1915
1916
1916
1917
1917
1918
1918
1919
1919
1920
1920
1921
1921
1922
1922
1923
1923
1924
1924
1925
1925
1926
1926
1927
1927
1928
1928
1929
1929
1930
1930
1931
1931
1932
1932
1933
1933
1934
1934
1935
1935
1936
1936
1937
1937
1938
1938
1939
1939
1940
1940
1941
1941
1942
1942
1943
1943
1944
1944
1945
1945
1946
1946
1947
1947
1948
1948
1949
1949
1950
1950
1951
1951
1952
1952
1953
1953
1954
1954
1955
1955
1956
1956
1957
1957
1958
1958
1959
1959
1960
1960
1961
1961
1962
1962
1963
1963
1964
1964
1965
1965
1966
1966
1967
1967
1968
1968
1969
1969
1970
1970
1971
1971
1972
1972
1973
1973
1974
1974
1975
1976
1976
1977
1977
1978
1978
1979
1979
1980
1980
1981
1981
1982
1982
1983
1983
1984
1984
1985
1985
1986
1986
1987
1987
1988
1988
1989
1989
1990
1990
1991
1991
1992
1992
1993
1993
1994
1994
1995
1995
1996
1996
1997
1997
1998
1998
1999
1999
2000
2000
2001
2001
2002
2002
2003
2003
2004
2004
2005
2005
2006
2006
2007
2007
2008
2008
2009
2009
2010
2010
2011
2011
2012
2012
2013
2013
2014
2014
2015
2015
2016
2016
2017
2017
2018
2018
2019
2019
2020
2020
2021
2021
2022
2022
2023
2023
2024
2024
2025
2025
2026
2026
2027
2027
2028
2028
2029
2029
2030
2030
2031
2031
2032
2032
2033
2033
2034
2034
2035
2035
2036
2036
2037
2037
2038
2038
2039
2039
2040
2040
2041
2041
2042
2042
2043
2043
2044
2044
2045
2045
2046
2046
2047
2047
2048
2048
2049
2049
2050
2050
2051
2051
2052
2052
2053
2053
2054
2054
2055
2055
2056
2056
2057
2057
2058
2058
2059
2059
2060
2060
2061
2061
2062
2062
2063
2063
2064
2064
2065
2065
2066
2066
2067
2067
2068
2068
2069
2069
2070
2070
2071
2071
2072
2072
2073
2073
2074
2074
2075
2075
2076
2076
2077
2077
2078
2078
2079
2080
2080
2081
2081
2082
2082
2083
2083
2084
2084
2085
2085
2086
2086
2087
2087
2088
2088
2089
2089
2090
2090
2091
2091
2092
2092
2093
2093
2094
2094
2095
2095
2096
2096
2097
2097
2098
2098
2099
2099
2100
2100
2101
2101
2102
2102
2103
2103
2104
2104
2105
2105
2106
2106
2107
2107
2108
2108
2109
2109
2110
2110
2111
2111
2112
2112
2113
2113
2114
2114
2115
2115
2116
2116
2117
2117
2118
2118
2119
2119
2120
2120
2121
2121
2122
2122
2123
2123
2124
2124
2125
2125
2126
2126
2127
2127
2128
2128
2129
2129
2130
2130
2131
2131
2132
2132
2133
2133
2134
2134
2135
2135
2136
2136
2137
2137
2138
2138
2139
2139
2140
2140
2141
2141
2142
2142
2143
2143
2144
2144
2145
2145
2146
2146
2147
2147
2148
2148
2149
2149
2150
2150
2151
2151
2152
2152
2153
2153
2154
2154
2155
2155
2156
2156
2157
2157
2158
2158
2159
2159
2160
2160
2161
2161
2162
2162
2163
2163
2164
2164
2165
2165
2166
2166
2167
2167
2168
2168
2169
2169
2170
2170
2171
2171
2172
2172
2173
2173
2174
2174
2175
2175
2176
2176
2177
2177
2178
2178
2179
2179
2180
2180
2181
2181
2182
2182
2183
2184
2184
2185
2185
2186
2186
2187
2187
2188
2188
2189
2189
2190
2190
2191
2191
2192
2192
2193
2193
2194
2194
2195
2195
2196
2196
2197
2197
2198
2198
2199
2199
2200
2200
2201
2201
2202
2202
2203
2203
2204
2204
2205
2205
2206
2206
2207
2207
2208
2208
2209
2209
2210
2210
2211
2211
2212
2212
2213
2213
2214
2214
2215
2215
2216
2216
2217
2217
2218
2218
2219
2219
2220
2220
2221
2221
2222
2222
2223
2223
2224
2224
2225
2225
2226
2226
2227
2227
2228
2228
2229
2229
2230
2230
2231
2231
2232
2232
2233
2233
2234
2234
2235
2235
2236
2236
2237
2237
2238
2238
2239
2239
2240
2240
2241
2241
2242
2242
2243
2243
2244
2244
2245
2245
2246
2246
2247
2247
2248
2248
2249
2249
2250
2250
2251
2251
2252
2252
2253
2253
2254
2254
2255
2255
2256
2256
2257
2257
2258
2258
2259
2259
2260
2260
2261
2261
2262
2262
2263
2263
2264
2264
2265
2265
2266
2266
2267
2267
2268
2268
2269
2269
2270
2270
2271
2271
2272
2272
2273
2273
2274
2274
2275
2275
2276
2276
2277
2277
2278
2278
2279
2279
2280
2280
2281
2281
2282
2282
2283
2283
2284
2284
2285
2285
2286
2286
2288
2288
2289
2289
2290
2290
2291
2291
2292
2292
2293
2293
2294
2294
2295
2295
2296
2296
2297
2297
2298
2298
2299
2299
2300
2300
2301
2301
2302
2302
2303
2303
2304
2304
2305
2305
2306
2306
2307
2307
2308
2308
2309
2309
2310
2310
2311
2311
2312
2312
2313
2313
2314
2314
2315
2315
2316
2316
2317
2317
2318
2318
2319
2319
2320
2320
2321
2321
2322
2322
2323
2323
2324
2324
2325
2325
2326
2326
2327
2327
2328
2328
2329
2329
2330
2330
2331
2331
2332
2332
2333
2333
2334
2334
2335
2335
2336
2336
2337
2337
2338
2338
2339
2339
2340
2340
2341
2341
2342
2342
2343
2343
2344
2344
2345
2345
2346
2346
2347
2347
2348
2348
2349
2349
2350
2350
2351
2351
2352
2352
2353
2353
2354
2354
2355
2355
2356
2356
2357
2357
2358
2358
2359
2359
2360
2360
2361
2361
2362
2362
2363
2363
2364
2364
2365
2365
2366
2366
2367
2367
2368
2368
2369
2369
2370
2370
2371
2371
2372
2372
2373
2373
2374
2374
2375
2375
2376
2376
2377
2377
2378
2378
2379
2379
2380
2380
2381
2381
2382
2382
2383
2383
2384
2384
2385
2385
2386
2386
2387
2387
2388
2388
2389
2389
2390
2391
2391
2392
2392
2393
2393
2394
2394
2395
2395
2396
2396
2397
2397
2398
2398
2399
2399
2400
2400
2401
2401
2402
2402
2403
2403
2404
2404
2405
2405
2406
2406
2407
2407
2408
2408
2409
2409
2410
2410
2411
2411
2412
2412
2413
2413
2414
2414
2415
2415
2416
2416
2417
2417
2418
2418
2419
2419
2420
2420
2421
2421
2422
2422
2423
2423
2424
2424
2425
2425
2426
2426
2427
2427
2428
2428
2429
2429
2430
2430
2431
2431
2432
2432
2433
2433
2434
2434
2435
2435
2436
2436
2437
2437
2438
2438
2439
2439
2440
2440
2441
2441
2442
2442
2443
2443
2444
2444
2445
2445
2446
2446
2447
2447
2448
2448
2449
2449
2450
2450
2451
2451
2452
2452
2453
2453
2454
2454
2455
2455
2456
2456
2457
2457
2458
2458
2459
2459
2460
2460
2461
2461
2462
2462
2463
2463
2464
2464
2465
2465
2466
2466
2467
2467
2468
2468
2469
2469
2470
2470
2471
2471
2472
2472
2473
2473
2474
2474
2475
2475
2476
2476
2477
2477
2478
2478
2479
2479
2480
2480
2481
2481
2482
2482
2483
2483
2484
2484
2485
2485
2486
2486
2487
2487
2488
2488
2489
2489
2490
2490
2491
2491
2492
2492
2493
2494
2494
2495
2495
2496
2496
2497
2497
2498
2498
2499
2499
2500
2500
2501
2501
2502
2502
2503
2503
2504
2504
2505
2505
2506
2506
2507
2507
2508
2508
2509
2509
2510
2510
2511
2511
2512
2512
2513
2513
2514
2514
2515
2515
2516
2516
2517
2517
2518
2518
2519
2519
2520
2520
2521
2521
2522
2522
2523
2523
2524
2524
2525
2525
2526
2526
2527
2527
2528
2528
2529
2529
2530
2530
2531
2531
2532
2532
2533
2533
2534
2534
2535
2535
2536
2536
2537
2537
2538
2538
2539
2539
2540
2540
2541
2541
2542
2542
2543
2543
2544
2544
2545
2545
2546
2546
2547
2547
2548
2548
2549
2549
2550
2550
2551
2551
2552
2552
2553
2553
2554
2554
2555
2555
2556
2556
2557
2557
2558
2558
2559
2559
2560
2560
2561
2561
2562
2562
2563
2563
2564
2564
2565
2565
2566
2566
2567
2567
2568
2568
2569
2569
2570
2570
2571
2571
2572
2572
2573
2573
2574
2574
2575
2575
2576
2576
2577
2577
2578
2578
2579
2579
2580
2580
2581
2581
2582
2582
2583
2583
2584
2584
2585
2585
2586
2586
2587
2587
2588
2588
2589
2589
2590
2590
2591
2591
2592
2592
2593
2593
2594
2594
2595
2595
2597
2597
2598
2598
2599
2599
2600
2600
2601
2601
2602
2602
2603
2603
2604
2604
2605
2605
2606
2606
2607
2607
2608
2608
2609
2609
2610
2610
2611
2611
2612
2612
2613
2613
2614
2614
2615
2615
2616
2616
2617
2617
2618
2618
2619
2619
2620
2620
2621
2621
2622
2622
2623
2623
2624
2624
2625
2625
2626
2626
2627
2627
2628
2628
2629
2629
2630
2630
2631
2631
2632
2632
2633
2633
2634
2634
2635
2635
2636
2636
2637
2637
2638
2638
2639
2639
2640
2640
2641
2641
2642
2642
2643
2643
2644
2644
2645
2645
2646
2646
2647
2647
2648
2648
2649
2649
2650
2650
2651
2651
2652
2652
2653
2653
2654
2654
2655
2655
2656
2656
2657
2657
2658
2658
2659
2659
2660
2660
2661
2661
2662
2662
2663
2663
2664
2664
2665
2665
2666
2666
2667
2667
2668
2668
2669
2669
2670
2670
2671
2671
2672
2672
2673
2673
2674
2674
2675
2675
2676
2676
2677
2677
2678
2678
2679
2679
2680
2680
2681
2681
2682
2682
2683
2683
2684
2684
2685
2685
2686
2686
2687
2687
2688
2688
2689
2689
2690
2690
2691
2691
2692
2692
2693
2693
2694
2695
2696
2697
2699
2699
2700
2700
2701
2701
2702
2702
2703
2703
2704
2704
2705
2705
2706
2706
2707
2707
2708
2708
2709
2709
2710
2710
2711
2711
2712
2712
2713
2713
2714
2714
2715
2715
2716
2716
2717
2717
2718
2718
2719
2719
2720
2720
2721
2721
2722
2722
2723
2723
2724
2724
2725
2725
2726
2726
2727
2727
2728
2728
2729
2729
2730
2730
2731
2731
2732
2732
2733
2733
2734
2734
2735
2735
2736
2736
2737
2737
2738
2738
2739
2739
2740
2740
2741
2741
2742
2742
2743
2743
2744
2744
2745
2745
2746
2746
2747
2747
2748
2748
2749
2749
2750
2750
2751
2751
2752
2752
2753
2753
2754
2754
2755
2755
2756
2756
2757
2757
2758
2758
2759
2759
2760
2760
2761
2761
2762
2762
2763
2763
2764
2764
2765
2765
2766
2766
2767
2767
2768
2768
2769
2769
2770
2770
2771
2771
2772
2772
2773
2773
2774
2774
2775
2775
2776
2776
2777
2777
2778
2778
2779
2779
2780
2780
2781
2781
2782
2782
2783
2783
2784
2784
2785
2785
2786
2786
2787
2787
2788
2788
2789
2789
2790
2790
2791
2791
2792
2792
2793
2793
2794
2794
2795
2796
2796
2797
2797
2798
2798
2799
2799
2800
2800
2801
2801
2802
2802
2803
2803
2804
2804
2805
2805
2806
2806
2807
2807
2808
2808
2809
2809
2810
2810
2811
2811
2812
2812
2813
2813
2814
2814
2815
2815
2816
2816
2817
2817
2818
2818
2819
2819
2820
2820
2821
2821
2822
2822
2823
2823
2824
2824
2825
2825
2826
2826
2827
2827
2828
2828
2829
2829
2830
2830
2831
2831
2832
2832
2833
2833
2834
2834
2835
2835
2836
2836
2837
2837
2838
2838
2839
2839
2840
2840
2841
2841
2842
2842
2843
2843
2844
2844
2845
2845
2846
2846
2847
2847
2848
2848
2849
2849
2850
2850
2851
2851
2852
2852
2853
2853
2854
2854
2855
2855
2856
2856
2857
2857
2858
2858
2859
2859
2860
2860
2861
2861
2862
2862
2863
2863
2864
2864
2865
2865
2866
2866
2867
2867
2868
2868
2869
2869
2870
2870
2871
2871
2872
2872
2873
2873
2874
2874
2875
2875
2876
2876
2877
2877
2878
2878
2879
2879
2880
2880
2881
2881
2882
2882
2883
2883
2884
2884
2885
2885
2886
2886
2887
2887
2888
2888
2889
2889
2890
2890
2891
2891
2892
2893
2893
2894
2894
2895
2895
2896
2896
2897
2897
2898
2898
2899
2899
2900
2900
2901
2901
2902
2902
2903
2903
2904
2904
2905
2905
2906
2906
2907
2907
2908
2908
2909
2909
2910
2910
2911
2911
2912
2912
2913
2913
2914
2914
2915
2915
2916
2916
2917
2917
2918
2918
2919
2919
2920
2920
2921
2921
2922
2922
2923
2923
2924
2924
2925
2925
2926
2926
2927
2927
2928
2928
2929
2929
2930
2930
2931
2931
2932
2932
2933
2933
2934
2934
2935
2935
2936
2936
2937
2937
2938
2938
2939
2939
2940
2940
2941
2941
2942
2942
2943
2943
2944
2944
2945
2945
2946
2946
2947
2947
2948
2948
2949
2949
2950
2950
2951
2951
2952
2952
2953
2953
2954
2954
2955
2955
2956
2956
2957
2957
2958
2958
2959
2959
2960
2960
2961
2961
2962
2962
2963
2963
2964
2964
2965
2965
2966
2966
2967
2967
2968
2968
2969
2969
2970
2970
2971
2971
2972
2972
2973
2973
2974
2974
2975
2975
2976
2976
2977
2977
2978
2978
2979
2979
2980
2980
2981
2981
2982
2982
2983
2983
2984
2984
2985
2985
2986
2986
2987
2987
2988
2988
2989
2990
2990
2991
2991
2992
2992
2993
2993
2994
2994
2995
2995
2996
2996
2997
2997
2998
2998
2999
2999
3000
3000
3001
3001
3002
3002
3003
3003
3004
3004
3005
3005
3006
3006
3007
3007
3008
3008
3009
3009
3010
3010
3011
3011
3012
3012
3013
3013
3014
3014
3015
3015
3016
3016
3017
3017
3018
3018
3019
3019
3020
3020
3021
3021
3022
3022
3023
3023
3024
3024
3025
3025
3026
3026
3027
3027
3028
3028
3029
3029
3030
3030
3031
3031
3032
3032
3033
3033
3034
3034
3035
3035
3036
3036
3037
3037
3038
3038
3039
3039
3040
3040
3041
3041
3042
3042
3043
3043
3044
3044
3045
3045
3046
3046
3047
3047
3048
3048
3049
3049
3050
3050
3051
3051
3052
3052
3053
3053
3054
3054
3055
3055
3056
3056
3057
3057
3058
3058
3059
3059
3060
3060
3061
3061
3062
3062
3063
3063
3064
3064
3065
3065
3066
3066
3067
3067
3068
3068
3069
3069
3070
3070
3071
3071
3072
3072
3073
3073
3074
3074
3075
3075
3076
3076
3077
3077
3078
3078
3079
3079
3080
3080
3081
3081
3082
3082
3083
3083
3084
3084
3085
3085
3086
3087
3087
3088
3088
3089
3089
3090
3090
3091
3091
3092
3092
3093
3093
3094
3094
3095
3095
3096
3096
3097
3097
3098
3098
3099
3099
3100
3100
3101
3101
3102
3102
3103
3103
3104
3104
3105
3105
3106
3106
3107
3107
3108
3108
3109
3109
3110
3110
3111
3111
3112
3112
3113
3113
3114
3114
3115
3115
3116
3116
3117
3117
3118
3118
3119
3119
3120
3120
3121
3121
3122
3122
3123
3123
3124
3124
3125
3125
3126
3126
3127
3127
3128
3128
3129
3129
3130
3130
3131
3131
3132
3132
3133
3133
3134
3134
3135
3135
3136
3136
3137
3137
3138
3138
3139
3139
3140
3140
3141
3141
3142
3142
3143
3143
3144
3144
3145
3145
3146
3146
3147
3147
3148
3148
3149
3149
3150
3150
3151
3151
3152
3152
3153
3153
3154
3154
3155
3155
3156
3156
3157
3157
3158
3158
3159
3159
3160
3160
3161
3161
3162
3162
3163
3163
3164
3164
3165
3165
3166
3166
3167
3167
3168
3168
3169
3169
3170
3170
3171
3171
3172
3172
3173
3173
3174
3174
3175
3175
3176
3176
3177
3177
3178
3178
3179
3179
3180
3180
3181
3181
3182
3182
3183
3184
3184
3185
3185
3186
3186
3187
3187
3188
3188
3189
3189
3190
3190
3191
3191
3192
3192
3193
3193
3194
3194
3195
3195
3196
3196
3197
3197
3198
3198
3199
3199
3200
3200
3201
3201
3202
3202
3203
3203
3204
3204
3205
3205
3206
3206
3207
3207
3208
3208
3209
3209
3210
3210
3211
3211
3212
3212
3213
3213
3214
3214
3215
3215
3216
3216
3217
3217
3218
3218
3219
3219
3220
3220
3221
3221
3222
3222
3223
3223
3224
3224
3225
3225
3226
3226
3227
3227
3228
3228
3229
3229
3230
3230
3231
3231
3232
3232
3233
3233
3234
3234
3235
3235
3236
3236
3237
3237
3238
3238
3239
3239
3240
3240
3241
3241
3242
3242
3243
3243
3244
3244
3245
3245
3246
3246
3247
3247
3248
3248
3249
3249
3250
3250
3251
3251
3252
3252
3253
3253
3254
3254
3255
3255
3256
3256
3257
3257
3258
3258
3259
3259
3260
3260
3261
3261
3262
3262
3263
3263
3264
3264
3265
3265
3266
3266
3267
3267
3268
3268
3269
3269
3270
3270
3271
3271
3272
3272
3273
3273
3274
3274
3275
3275
3276
3276
3277
3277
3278
3278
3279
3279
3280
3281
3281
3282
3282
3283
3283
3284
3284
3285
3285
3286
3286
3287
3287
3288
3288
3289
3289
3290
3290
3291
3291
3292
3292
3293
3293
3294
3294
3295
3295
3296
3296
3297
3297
3298
3298
3299
3299
3300
3300
3301
3301
3302
3302
3303
3303
3304
3304
3305
3305
3306
3306
3307
3307
3308
3308
3309
3309
3310
3310
3311
3311
3312
3312
3313
3313
3314
3314
3315
3315
3316
3316
3317
3317
3318
3318
3319
3319
3320
3320
3321
3321
3322
3322
3323
3323
3324
3324
3325
3325
3326
3326
3327
3327
3328
3328
3329
3329
3330
3330
3331
3331
3332
3332
3333
3333
3334
3334
3335
3335
3336
3336
3337
3337
3338
3338
3339
3339
3340
3340
3341
3341
3342
3342
3343
3343
3344
3344
3345
3345
3346
3346
3347
3347
3348
3348
3349
3349
3350
3350
3351
3351
3352
3352
3353
3353
3354
3354
3355
3355
3356
3356
3357
3357
3358
3358
3359
3359
3360
3360
3361
3361
3362
3362
3363
3363
3364
3364
3365
3365
3366
3366
3367
3367
3368
3368
3369
3369
3370
3370
3371
3371
3372
3372
3373
3373
3374
3374
3375
3375
3376
3376
3377
3378
3378
3379
3379
3380
3380
3381
3381
3382
3382
3383
3383
3384
3384
3385
3385
3386
3386
3387
3387
3388
3388
3389
3389
3390
3390
3391
3391
3392
3392
3393
3393
3394
3394
3395
3395
3396
3396
3397
3397
3398
3398
3399
3399
3400
3400
3401
3401
3402
3402
3403
3403
3404
3404
3405
3405
3406
3406
3407
3407
3408
3408
3409
3409
3410
3410
3411
3411
3412
3412
3413
3413
3414
3414
3415
3415
3416
3416
3417
3417
3418
3418
3419
3419
3420
3420
3421
3421
3422
3422
3423
3423
3424
3424
3425
3425
3426
3426
3427
3427
3428
3428
3429
3429
3430
3430
3431
3431
3432
3432
3433
3433
3434
3434
3435
3435
3436
3436
3437
3437
3438
3438
3439
3439
3440
3440
3441
3441
3442
3442
3443
3443
3444
3444
3445
3445
3446
3446
3447
3447
3448
3448
3449
3449
3450
3450
3451
3451
3452
3452
3453
3453
3454
3454
3455
3455
3456
3456
3457
3457
3458
3458
3459
3459
3460
3460
3461
3461
3462
3462
3463
3463
3464
3464
3465
3465
3466
3466
3467
3467
3468
3468
3469
3469
3470
3470
3471
3471
3472
3472
3473
3473
3474
3475
3475
3476
3476
3477
3477
3478
3478
3479
3479
3480
3480
3481
3481
3482
3482
3483
3483
3484
3484
3485
3485
3486
3486
3487
3487
3488
3488
3489
3489
3490
3490
3491
3491
3492
3492
3493
3493
3494
3494
3495
3495
3496
3496
3497
3497
3498
3498
3499
3499
3500
3500
3501
3501
3502
3502
3503
3503
3504
3504
3505
3505
3506
3506
3507
3507
3508
3508
3509
3509
3510
3510
3511
3511
3512
3512
3513
3513
3514
3514
3515
3515
3516
3516
3517
3517
3518
3518
3519
3519
3520
3520
3521
3521
3522
3522
3523
3523
3524
3524
3525
3525
3526
3526
3527
3527
3528
3528
3529
3529
3530
3530
3531
3531
3532
3532
3533
3533
3534
3534
3535
3535
3536
3536
3537
3537
3538
3538
3539
3539
3540
3540
3541
3541
3542
3542
3543
3543
3544
3544
3545
3545
3546
3546
3547
3547
3548
3548
3549
3549
3550
3550
3551
3551
3552
3552
3553
3553
3554
3554
3555
3555
3556
3556
3557
3557
3558
3558
3559
3559
3560
3560
3561
3561
3562
3562
3563
3563
3564
3564
3565
3565
3566
3566
3567
3567
3568
3568
3569
3569
3570
3570
3571
3572
3572
3573
3573
3574
3574
3575
3575
3576
3576
3577
3577
3578
3578
3579
3579
3580
3580
3581
3581
3582
3582
3583
3583
3584
3584
3585
3585
3586
3586
3587
3587
3588
3588
3589
3589
3590
3590
3591
3591
3592
3592
3593
3593
3594
3594
3595
3595
3596
3596
3597
3597
3598
3598
3599
3599
3600
3600
3601
3601
3602
3602
3603
3603
3604
3604
3605
3605
3606
3606
3607
3607
3608
3608
3609
3609
3610
3610
3611
3611
3612
3612
3613
3613
3614
3614
3615
3615
3616
3616
3617
3617
3618
3618
3619
3619
3620
3620
3621
3621
3622
3622
3623
3623
3624
3624
3625
3625
3626
3626
3627
3627
3628
3628
3629
3629
3630
3630
3631
3631
3632
3632
3633
3633
3634
3634
3635
3635
3636
3636
3637
3637
3638
3638
3639
3639
3640
3640
3641
3641
3642
3642
3643
3643
3644
3644
3645
3645
3646
3646
3647
3647
3648
3648
3649
3649
3650
3650
3651
3651
3652
3652
3653
3653
3654
3654
3655
3655
3656
3656
3657
3657
3658
3658
3659
3659
3660
3660
3661
3661
3662
3662
3663
3663
3664
3664
3665
3665
3666
3666
3667
3667
3668
3669
3669
3670
3670
3671
3671
3672
3672
3673
3673
3674
3674
3675
3675
3676
3676
3677
3677
3678
3678
3679
3679
3680
3680
3681
3681
3682
3682
3683
3683
3684
3684
3685
3685
3686
3686
3687
3687
3688
3688
3689
3689
3690
3690
3691
3691
3692
3692
3693
3693
3694
3694
3695
3695
3696
3696
3697
3697
3698
3698
3699
3699
3700
3700
3701
3701
3702
3702
3703
3703
3704
3704
3705
3705
3706
3706
3707
3707
3708
3708
3709
3709
3710
3710
3711
3711
3712
3712
3713
3713
3714
3714
3715
3715
3716
3716
3717
3717
3718
3718
3719
3719
3720
3720
3721
3721
3722
3722
3723
3723
3724
3724
3725
3725
3726
3726
3727
3727
3728
3728
3729
3729
3730
3730
3731
3731
3732
3732
3733
3733
3734
3734
3735
3735
3736
3736
3737
3737
3738
3738
3739
3739
3740
3740
3741
3741
3742
3742
3743
3743
3744
3744
3745
3745
3746
3746
3747
3747
3748
3748
3749
3749
3750
3750
3751
3751
3752
3752
3753
3753
3754
3754
3755
3755
3756
3756
3757
3757
3758
3758
3759
3759
3760
3760
3761
3761
3762
3762
3763
3763
3764
3764
3765
3766
3766
3767
3767
3768
3768
3769
3769
3770
3770
3771
3771
3772
3772
3773
3773
3774
3774
3775
3775
3776
3776
3777
3777
3778
3778
3779
3779
3780
3780
3781
3781
3782
3782
3783
3783
3784
3784
3785
3785
3786
3786
3787
3787
3788
3788
3789
3789
3790
3790
3791
3791
3792
3792
3793
3793
3794
3794
3795
3795
3796
3796
3797
3797
3798
3798
3799
3799
3800
3800
3801
3801
3802
3802
3803
3803
3804
3804
3805
3805
3806
3806
3807
3807
3808
3808
3809
3809
3810
3810
3811
3811
3812
3812
3813
3813
3814
3814
3815
3815
3816
3816
3817
3817
3818
3818
3819
3819
3820
3820
3821
3821
3822
3822
3823
3823
3824
3824
3825
3825
3826
3826
3827
3827
3828
3828
3829
3829
3830
3830
3831
3831
3832
3832
3833
3833
3834
3834
3835
3835
3836
3836
3837
3837
3838
3838
3839
3839
3840
3840
3841
3841
3842
3842
3843
3843
3844
3844
3845
3845
3846
3846
3847
3847
3848
3848
3849
3849
3850
3850
3851
3851
3852
3852
3853
3853
3854
3854
3855
3855
3856
3856
3857
3857
3858
3858
3859
3859
3860
3860
3861
3861
3862
3863
3863
3864
3864
3865
3865
3866
3866
3867
3867
3868
3868
3869
3869
3870
3870
3871
3871
3872
3872
3873
3873
3874
3874
3875
3875
3876
3876
3877
3877
3878
3878
3879
3879
3880
3880
3881
3881
3882
3882
3883
3883
3884
3884
3885
3885
3886
3886
3887
3887
3888
3888
3889
3889
3890
3890
3891
3891
3892
3892
3893
3893
3894
3894
3895
3895
3896
3896
3897
3897
3898
3898
3899
3899
3900
3900
3901
3901
3902
3902
3903
3903
3904
3904
3905
3905
3906
3906
3907
3907
3908
3908
3909
3909
3910
3910
3911
3911
3912
3912
3913
3913
3914
3914
3915
3915
3916
3916
3917
3917
3918
3918
3919
3919
3920
3920
3921
3921
3922
3922
3923
3923
3924
3924
3925
3925
3926
3926
3927
3927
3928
3928
3929
3929
3930
3930
3931
3931
3932
3932
3933
3933
3934
3934
3935
3935
3936
3936
3937
3937
3938
3938
3939
3939
3940
3940
3941
3941
3942
3942
3943
3943
3944
3944
3945
3945
3946
3946
3947
3947
3948
3948
3949
3949
3950
3950
3951
3951
3952
3952
3953
3953
3954
3954
3955
3955
3956
3956
3957
3957
3958
3958
3959
3960
3960
3961
3961
3962
3962
3963
3963
3964
3964
3965
3965
3966
3966
3967
3967
3968
3968
3969
3969
3970
3970
3971
3971
3972
3972
3973
3973
3974
3974
3975
3975
3976
3976
3977
3977
3978
3978
3979
3979
3980
3980
3981
3981
3982
3982
3983
3983
3984
3984
3985
3985
3986
3986
3987
3987
3988
3988
3989
3989
3990
3990
3991
3991
3992
3992
3993
3993
3994
3994
3995
3995
3996
3996
3997
3997
3998
3998
3999
3999
4000
4000
4001
4001
4002
4002
4003
4003
4004
4004
4005
4005
4006
4006
4007
4007
4008
4008
4009
4009
4010
4010
4011
4011
4012
4012
4013
4013
4014
4014
4015
4015
4016
4016
4017
4017
4018
4018
4019
4019
4020
4020
4021
4021
4022
4022
4023
4023
4024
4024
4025
4025
4026
4026
4027
4027
4028
4028
4029
4029
4030
4030
4031
4031
4032
4032
4033
4033
4034
4034
4035
4035
4036
4036
4037
4037
4038
4038
4039
4039
4040
4040
4041
4041
4042
4042
4043
4043
4044
4044
4045
4045
4046
4046
4047
4047
4048
4048
4049
4049
4050
4050
4051
4051
4052
4052
4053
4053
4054
4054
4055
4055
4056
4057
4057
4058
4058
4059
4059
4060
4060
4061
4061
4062
4062
4063
4063
4064
4064
4065
4065
4066
4066
4067
4067
4068
4068
4069
4069
4070
4070
4071
4071
4072
4072
4073
4073
4074
4074
4075
4075
4076
4076
4077
4077
4078
4078
4079
4079
4080
4080
4081
4081
4082
4082
4083
4083
4084
4084
4085
4085
4086
4086
4087
4087
4088
4088
4089
4089
4090
4090
4091
4091
4092
4092
4093
4093
4094
4094
4095
4095
4096
4096
4097
4097
4098
4098
4099
4099
4100
4100
4101
4101
4102
4102
4103
4103
4104
4104
4105
4105
4106
4106
4107
4107
4108
4108
4109
4109
4110
4110
4111
4111
4112
4112
4113
4113
4114
4114
4115
4115
4116
4116
4117
4117
4118
4118
4119
4119
4120
4120
4121
4121
4122
4122
4123
4123
4124
4124
4125
4125
4126
4126
4127
4127
4128
4128
4129
4129
4130
4130
4131
4131
4132
4132
4133
4133
4134
4134
4135
4135
4136
4136
4137
4137
4138
4138
4139
4139
4140
4140
4141
4141
4142
4142
4143
4143
4144
4144
4145
4145
4146
4146
4147
4147
4148
4148
4149
4149
4150
4150
4151
4151
4152
4152
4153
4154
4154
4155
4155
4156
4156
4157
4157
4158
4158
4159
4159
4160
4160
4161
4161
4162
4162
4163
4163
4164
4164
4165
4165
4166
4166
4167
4167
4168
4168
4169
4169
4170
4170
4171
4171
4172
4172
4173
4173
4174
4174
4175
4175
4176
4176
4177
4177
4178
4178
4179
4179
4180
4180
4181
4181
4182
4182
4183
4183
4184
4184
4185
4185
4186
4186
4187
4187
4188
4188
4189
4189
4190
4190
4191
4191
4192
4192
4193
4193
4194
4194
4195
4195
4196
4196
4197
4197
4198
4198
4199
4199
4200
4200
4201
4201
4202
4202
4203
4203
4204
4204
4205
4205
4206
4206
4207
4207
4208
4208
4209
4209
4210
4210
4211
4211
4212
4212
4213
4213
4214
4214
4215
4215
4216
4216
4217
4217
4218
4218
4219
4219
4220
4220
4221
4221
4222
4222
4223
4223
4224
4224
4225
4225
4226
4226
4227
4227
4228
4228
4229
4229
4230
4230
4231
4231
4232
4232
4233
4233
4234
4234
4235
4235
4236
4236
4237
4237
4238
4238
4239
4239
4240
4240
4241
4241
4242
4242
4243
4243
4244
4244
4245
4245
4246
4246
4247
4247
4248
4248
4249
4249
4250
4251
4251
4252
4252
4253
4253
4254
4254
4255
4255
4256
4256
4257
4257
4258
4258
4259
4259
4260
4260
4261
4261
4262
4262
4263
4263
4264
4264
4265
4265
4266
4266
4267
4267
4268
4268
4269
4269
4270
4270
4271
4271
4272
4272
4273
4273
4274
4274
4275
4275
4276
4276
4277
4277
4278
4278
4279
4279
4280
4280
4281
4281
4282
4282
4283
4283
4284
4284
4285
4285
4286
4286
4287
4287
4288
4288
4289
4289
4290
4290
4291
4291
4292
4292
4293
4293
4294
4294
4295
4295
4296
4296
4297
4297
4298
4298
4299
4299
4300
4300
4301
4301
4302
4302
4303
4303
4304
4304
4305
4305
4306
4306
4307
4307
4308
4308
4309
4309
4310
4310
4311
4311
4312
4312
4313
4313
4314
4314
4315
4315
4316
4316
4317
4317
4318
4318
4319
4319
4320
4320
4321
4321
4322
4322
4323
4323
4324
4324
4325
4325
4326
4326
4327
4327
4328
4328
4329
4329
4330
4330
4331
4331
4332
4332
4333
4333
4334
4334
4335
4335
4336
4336
4337
4337
4338
4338
4339
4339
4340
4340
4341
4341
4342
4342
4343
4343
4344
4344
4345
4345
4346
4346
4347
4348
4348
4349
4349
4350
4350
4351
4351
4352
4352
4353
4353
4354
4354
4355
4355
4356
4356
4357
4357
4358
4358
4359
4359
4360
4360
4361
4361
4362
4362
4363
4363
4364
4364
4365
4365
4366
4366
4367
4367
4368
4368
4369
4369
4370
4370
4371
4371
4372
4372
4373
4373
4374
4374
4375
4375
4376
4376
4377
4377
4378
4378
4379
4379
4380
4380
4381
4381
4382
4382
4383
4383
4384
4384
4385
4385
4386
4386
4387
4387
4388
4388
4389
4389
4390
4390
4391
4391
4392
4392
4393
4393
4394
4394
4395
4395
4396
4396
4397
4397
4398
4398
4399
4399
4400
4400
4401
4401
4402
4402
4403
4403
4404
4404
4405
4405
4406
4406
4407
4407
4408
4408
4409
4409
4410
4410
4411
4411
4412
4412
4413
4413
4414
4414
4415
4415
4416
4416
4417
4417
4418
4418
4419
4419
4420
4420
4421
4421
4422
4422
4423
4423
4424
4424
4425
4425
4426
4426
4427
4427
4428
4428
4429
4429
4430
4430
4431
4431
4432
4432
4433
4433
4434
4434
4435
4435
4436
4436
4437
4437
4438
4438
4439
4439
4440
4440
4441
4441
4442
4442
4443
4443
4444
4445
4445
4446
4446
4447
4447
4448
4448
4449
4449
4450
4450
4451
4451
4452
4452
4453
4453
4454
4454
4455
4455
4456
4456
4457
4457
4458
4458
4459
4459
4460
4460
4461
4461
4462
4462
4463
4463
4464
4464
4465
4465
4466
4466
4467
4467
4468
4468
4469
4469
4470
4470
4471
4471
4472
4472
4473
4473
4474
4474
4475
4475
4476
4476
4477
4477
4478
4478
4479
4479
4480
4480
4481
4481
4482
4482
4483
4483
4484
4484
4485
4485
4486
4486
4487
4487
4488
4488
4489
4489
4490
4490
4491
4491
4492
4492
4493
4493
4494
4494
4495
4495
4496
4496
4497
4497
4498
4498
4499
4499
4500
4500
4501
4501
4502
4502
4503
4503
4504
4504
4505
4505
4506
4506
4507
4507
4508
4508
4509
4509
4510
4510
4511
4511
4512
4512
4513
4513
4514
4514
4515
4515
4516
4516
4517
4517
4518
4518
4519
4519
4520
4520
4521
4521
4522
4522
4523
4523
4524
4524
4525
4525
4526
4526
4527
4527
4528
4528
4529
4529
4530
4530
4531
4531
4532
4532
4533
4533
4534
4534
4535
4535
4536
4536
4537
4537
4538
4538
4539
4539
4540
4540
4541
4542
4542
4543
4543
4544
4544
4545
4545
4546
4546
4547
4547
4548
4548
4549
4549
4550
4550
4551
4551
4552
4552
4553
4553
4554
4554
4555
4555
4556
4556
4557
4557
4558
4558
4559
4559
4560
4560
4561
4561
4562
4562
4563
4563
4564
4564
4565
4565
4566
4566
4567
4567
4568
4568
4569
4569
4570
4570
4571
4571
4572
4572
4573
4573
4574
4574
4575
4575
4576
4576
4577
4577
4578
4578
4579
4579
4580
4580
4581
4581
4582
4582
4583
4583
4584
4584
4585
4585
4586
4586
4587
4587
4588
4588
4589
4589
4590
4590
4591
4591
4592
4592
4593
4593
4594
4594
4595
4595
4596
4596
4597
4597
4598
4598
4599
4599
4600
4600
4601
4601
4602
4602
4603
4603
4604
4604
4605
4605
4606
4606
4607
4607
4608
4608
4609
4609
4610
4610
4611
4611
4612
4612
4613
4613
4614
4614
4615
4615
4616
4616
4617
4617
4618
4618
4619
4619
4620
4620
4621
4621
4622
4622
4623
4623
4624
4624
4625
4625
4626
4626
4627
4627
4628
4628
4629
4629
4630
4630
4631
4631
4632
4632
4633
4633
4634
4634
4635
4635
4636
4636
4637
4637
4638
4639
4639
4640
4640
4641
4641
4642
4642
4643
4643
4644
4644
4645
4645
4646
4646
4647
4647
4648
4648
4649
4649
4650
4650
4651
4651
4652
4652
4653
4653
4654
4654
4655
4655
4656
4656
4657
4657
4658
4658
4659
4659
4660
4660
4661
4661
4662
4662
4663
4663
4664
4664
4665
4665
4666
4666
4667
4667
4668
4668
4669
4669
4670
4670
4671
4671
4672
4672
4673
4673
4674
4674
4675
4675
4676
4676
4677
4677
4678
4678
4679
4679
4680
4680
4681
4681
4682
4682
4683
4683
4684
4684
4685
4685
4686
4686
4687
4687
4688
4688
4689
4689
4690
4690
4691
4691
4692
4692
4693
4693
4694
4694
4695
4695
4696
4696
4697
4697
4698
4698
4699
4699
4700
4700
4701
4701
4702
4702
4703
4703
4704
4704
4705
4705
4706
4706
4707
4707
4708
4708
4709
4709
4710
4710
4711
4711
4712
4712
4713
4713
4714
4714
4715
4715
4716
4716
4717
4717
4718
4718
4719
4719
4720
4720
4721
4721
4722
4722
4723
4723
4724
4724
4725
4725
4726
4726
4727
4727
4728
4728
4729
4729
4730
4730
4731
4731
4732
4732
4733
4733
4734
4734
4735
4736
4736
4737
4737
4738
4738
4739
4739
4740
4740
4741
4741
4742
4742
4743
4743
4744
4744
4745
4745
4746
4746
4747
4747
4748
4748
4749
4749
4750
4750
4751
4751
4752
4752
4753
4753
4754
4754
4755
4755
4756
4756
4757
4757
4758
4758
4759
4759
4760
4760
4761
4761
4762
4762
4763
4763
4764
4764
4765
4765
4766
4766
4767
4767
4768
4768
4769
4769
4770
4770
4771
4771
4772
4772
4773
4773
4774
4774
4775
4775
4776
4776
4777
4777
4778
4778
4779
4779
4780
4780
4781
4781
4782
4782
4783
4783
4784
4784
4785
4785
4786
4786
4787
4787
4788
4788
4789
4789
4790
4790
4791
4791
4792
4792
4793
4793
4794
4794
4795
4795
4796
4796
4797
4797
4798
4798
4799
4799
4800
4800
4801
4801
4802
4802
4803
4803
4804
4804
4805
4805
4806
4806
4807
4807
4808
4808
4809
4809
4810
4810
4811
4811
4812
4812
4813
4813
4814
4814
4815
4815
4816
4816
4817
4817
4818
4818
4819
4819
4820
4820
4821
4821
4822
4822
4823
4823
4824
4824
4825
4825
4826
4826
4827
4827
4828
4828
4829
4829
4830
4830
4831
4831
4832
4833
4833
4834
4834
4835
4835
4836
4836
4837
4837
4838
4838
4839
4839
4840
4840
4841
4841
4842
4842
4843
4843
4844
4844
4845
4845
4846
4846
4847
4847
4848
4848
4849
4849
4850
4850
4851
4851
4852
4852
4853
4853
4854
4854
4855
4855
4856
4856
4857
4857
4858
4858
4859
4859
4860
4860
4861
4861
4862
4862
4863
4863
4864
4864
4865
4865
4866
4866
4867
4867
4868
4868
4869
4869
4870
4870
4871
4871
4872
4872
4873
4873
4874
4874
4875
4875
4876
4876
4877
4877
4878
4878
4879
4879
4880
4880
4881
4881
4882
4882
4883
4883
4884
4884
4885
4885
4886
4886
4887
4887
4888
4888
4889
4889
4890
4890
4891
4891
4892
4892
4893
4893
4894
4894
4895
4895
4896
4896
4897
4897
4898
4898
4899
4899
4900
4900
4901
4901
4902
4902
4903
4903
4904
4904
4905
4905
4906
4906
4907
4907
4908
4908
4909
4909
4910
4910
4911
4911
4912
4912
4913
4913
4914
4914
4915
4915
4916
4916
4917
4917
4918
4918
4919
4919
4920
4920
4921
4921
4922
4922
4923
4923
4924
4924
4925
4925
4926
4926
4927
4927
4928
4928
4929
4930
4931
4932
4933
4934
4935
4936
4937
4938
4939
4940
4941
4942
4943
4944
4945
4946
4947
4948
4949
4950
4951
4952
4953
4954
4955
4956
4957
4958
4959
4960
4961
4962
4963
4964
4965
4966
4967
4968
4969
4970
4971
4972
4973
4974
4975
4976
4977
4978
4979
4980
4981
4982
4983
4984
4985
4986
4987
4988
4989
4990
4991
4992
4993
4994
4995
4996
4997
4998
4999
5000
5001
5002
5003
5004
5005
5006
5007
5008
5009
5010
5011
5012
5013
5014
5015
5016
5017
5018
5019
5020
5021
5022
5023
5024
5025
0
1
2
3
4
5
6
7
8
9
10
11
12
13
14
15
16
17
18
19
20
21
22
23
24
25
26
27
28
29
30
31
32
33
34
35
36
37
38
39
40
41
42
43
44
45
46
47
48
49
50
51
52
53
54
55
56
57
58
59
60
61
62
63
64
65
66
67
68
69
70
71
72
73
74
75
76
77
78
79
80
81
82
83
84
85
86
87
88
89
90
91
92
93
94
95
96
97
98
99
100
101
102
103
0
104
208
312
416
520
624
728
832
936
1040
1144
1248
1352
1456
1560
1664
1768
1872
1976
2080
2184
2288
2391
2494
2597
2699
2796
2893
2990
3087
3184
3281
3378
3475
3572
3669
3766
3863
3960
4057
4154
4251
4348
4445
4542
4639
4736
4833
4930
1
105
209
313
417
521
625
729
833
937
1041
1145
1249
1353
1457
1561
1665
1769
1873
1977
2081
2185
2289
2392
2495
2598
2700
2797
2894
2991
3088
3185
3282
3379
3476
3573
3670
3767
3864
3961
4058
4155
4252
4349
4446
4543
4640
4737
4834
4931
2
106
210
314
418
522
626
730
834
938
1042
1146
1250
1354
1458
1562
1666
1770
1874
1978
2082
2186
2290
2393
2496
2599
2701
2798
2895
2992
3089
3186
3283
3380
3477
3574
3671
3768
3865
3962
4059
4156
4253
4350
4447
4544
4641
4738
4835
4932
3
107
211
315
419
523
627
731
835
939
1043
1147
1251
1355
1459
1563
1667
1771
1875
1979
2083
2187
2291
2394
2497
2600
2702
2799
2896
2993
3090
3187
3284
3381
3478
3575
3672
3769
3866
3963
4060
4157
4254
4351
4448
4545
4642
4739
4836
4933
4
108
212
316
420
524
628
732
836
940
1044
1148
1252
1356
1460
1564
1668
1772
1876
1980
2084
2188
2292
2395
2498
2601
2703
2800
2897
2994
3091
3188
3285
3382
3479
3576
3673
3770
3867
3964
4061
4158
4255
4352
4449
4546
4643
4740
4837
4934
5
109
213
317
421
525
629
733
837
941
1045
1149
1253
1357
1461
1565
1669
1773
1877
1981
2085
2189
2293
2396
2499
2602
2704
2801
2898
2995
3092
3189
3286
3383
3480
3577
3674
3771
3868
3965
4062
4159
4256
4353
4450
4547
4644
4741
4838
4935
6
110
214
318
422
526
630
734
838
942
1046
1150
1254
1358
1462
1566
1670
1774
1878
1982
2086
2190
2294
2397
2500
2603
2705
2802
2899
2996
3093
3190
3287
3384
3481
3578
3675
3772
3869
3966
4063
4160
4257
4354
4451
4548
4645
4742
4839
4936
7
111
215
319
423
527
631
735
839
943
1047
1151
1255
1359
1463
1567
1671
1775
1879
1983
2087
2191
2295
2398
2501
2604
2706
2803
2900
2997
3094
3191
3288
3385
3482
3579
3676
3773
3870
3967
4064
4161
4258
4355
4452
4549
4646
4743
4840
4937
8
112
216
320
424
528
632
736
840
944
1048
1152
1256
1360
1464
1568
1672
1776
1880
1984
2088
2192
2296
2399
2502
2605
2707
2804
2901
2998
3095
3192
3289
3386
3483
3580
3677
3774
3871
3968
4065
4162
4259
4356
4453
4550
4647
4744
4841
4938
9
113
217
321
425
529
633
737
841
945
1049
1153
1257
1361
1465
1569
1673
1777
1881
1985
2089
2193
2297
2400
2503
2606
2708
2805
2902
2999
3096
3193
3290
3387
3484
3581
3678
3775
3872
3969
4066
4163
4260
4357
4454
4551
4648
4745
4842
4939
10
114
218
322
426
530
634
738
842
946
1050
1154
1258
1362
1466
1570
1674
1778
1882
1986
2090
2194
2298
2401
2504
2607
2709
2806
2903
3000
3097
3194
3291
3388
3485
3582
3679
3776
3873
3970
4067
4164
4261
4358
4455
4552
4649
4746
4843
4940
11
115
219
323
427
531
635
739
843
947
1051
1155
1259
1363
1467
1571
1675
1779
1883
1987
2091
2195
2299
2402
2505
2608
2710
2807
2904
3001
3098
3195
3292
3389
3486
3583
3680
3777
3874
3971
4068
4165
4262
4359
4456
4553
4650
4747
4844
4941
12
116
220
324
428
532
636
740
844
948
1052
1156
1260
1364
1468
1572
1676
1780
1884
1988
2092
2196
2300
2403
2506
2609
2711
2808
2905
3002
3099
3196
3293
3390
3487
3584
3681
3778
3875
3972
4069
4166
4263
4360
4457
4554
4651
4748
4845
4942
13
117
221
325
429
533
637
741
845
949
1053
1157
1261
1365
1469
1573
1677
1781
1885
1989
2093
2197
2301
2404
2507
2610
2712
2809
2906
3003
3100
3197
3294
3391
3488
3585
3682
3779
3876
3973
4070
4167
4264
4361
4458
4555
4652
4749
4846
4943
14
118
222
326
430
534
638
742
846
950
1054
1158
1262
1366
1470
1574
1678
1782
1886
1990
2094
2198
2302
2405
2508
2611
2713
2810
2907
3004
3101
3198
3295
3392
3489
3586
3683
3780
3877
3974
4071
4168
4265
4362
4459
4556
4653
4750
4847
4944
15
119
223
327
431
535
639
743
847
951
1055
1159
1263
1367
1471
1575
1679
1783
1887
1991
2095
2199
2303
2406
2509
2612
2714
2811
2908
3005
3102
3199
3296
3393
3490
3587
3684
3781
3878
3975
4072
4169
4266
4363
4460
4557
4654
4751
4848
4945
16
120
224
328
432
536
640
744
848
952
1056
1160
1264
1368
1472
1576
1680
1784
1888
1992
2096
2200
2304
2407
2510
2613
2715
2812
2909
3006
3103
3200
3297
3394
3491
3588
3685
3782
3879
3976
4073
4170
4267
4364
4461
4558
4655
4752
4849
4946
17
121
225
329
433
537
641
745
849
953
1057
1161
1265
1369
1473
1577
1681
1785
1889
1993
2097
2201
2305
2408
2511
2614
2716
2813
2910
3007
3104
3201
3298
3395
3492
3589
3686
3783
3880
3977
4074
4171
4268
4365
4462
4559
4656
4753
4850
4947
18
122
226
330
434
538
642
746
850
954
1058
1162
1266
1370
1474
1578
1682
1786
1890
1994
2098
2202
2306
2409
2512
2615
2717
2814
2911
3008
3105
3202
3299
3396
3493
3590
3687
3784
3881
3978
4075
4172
4269
4366
4463
4560
4657
4754
4851
4948
19
123
227
331
435
539
643
747
851
955
1059
1163
1267
1371
1475
1579
1683
1787
1891
1995
2099
2203
2307
2410
2513
2616
2718
2815
2912
3009
3106
3203
3300
3397
3494
3591
3688
3785
3882
3979
4076
4173
4270
4367
4464
4561
4658
4755
4852
4949
20
124
228
332
436
540
644
748
852
956
1060
1164
1268
1372
1476
1580
1684
1788
1892
1996
2100
2204
2308
2411
2514
2617
2719
2816
2913
3010
3107
3204
3301
3398
3495
3592
3689
3786
3883
3980
4077
4174
4271
4368
4465
4562
4659
4756
4853
4950
21
125
229
333
437
541
645
749
853
957
1061
1165
1269
1373
1477
1581
1685
1789
1893
1997
2101
2205
2309
2412
2515
2618
2720
2817
2914
3011
3108
3205
3302
3399
3496
3593
3690
3787
3884
3981
4078
4175
4272
4369
4466
4563
4660
4757
4854
4951
22
126
230
334
438
542
646
750
854
958
1062
1166
1270
1374
1478
1582
1686
1790
1894
1998
2102
2206
2310
2413
2516
2619
2721
2818
2915
3012
3109
3206
3303
3400
3497
3594
3691
3788
3885
3982
4079
4176
4273
4370
4467
4564
4661
4758
4855
4952
23
127
231
335
439
543
647
751
855
959
1063
1167
1271
1375
1479
1583
1687
1791
1895
1999
2103
2207
2311
2414
2517
2620
2722
2819
2916
3013
3110
3207
3304
3401
3498
3595
3692
3789
3886
3983
4080
4177
4274
4371
4468
4565
4662
4759
4856
4953
24
128
232
336
440
544
648
752
856
960
1064
1168
1272
1376
1480
1584
1688
1792
1896
2000
2104
2208
2312
2415
2518
2621
2723
2820
2917
3014
3111
3208
3305
3402
3499
3596
3693
3790
3887
3984
4081
4178
4275
4372
4469
4566
4663
4760
4857
4954
25
129
233
337
441
545
649
753
857
961
1065
1169
1273
1377
1481
1585
1689
1793
1897
2001
2105
2209
2313
2416
2519
2622
2724
2821
2918
3015
3112
3209
3306
3403
3500
3597
3694
3791
3888
3985
4082
4179
4276
4373
4470
4567
4664
4761
4858
4955
26
130
234
338
442
546
650
754
858
962
1066
1170
1274
1378
1482
1586
1690
1794
1898
2002
2106
2210
2314
2417
2520
2623
2725
2822
2919
3016
3113
3210
3307
3404
3501
3598
3695
3792
3889
3986
4083
4180
4277
4374
4471
4568
4665
4762
4859
4956
27
131
235
339
443
547
651
755
859
963
1067
1171
1275
1379
1483
1587
1691
1795
1899
2003
2107
2211
2315
2418
2521
2624
2726
2823
2920
3017
3114
3211
3308
3405
3502
3599
3696
3793
3890
3987
4084
4181
4278
4375
4472
4569
4666
4763
4860
4957
28
132
236
340
444
548
652
756
860
964
1068
1172
1276
1380
1484
1588
1692
1796
1900
2004
2108
2212
2316
2419
2522
2625
2727
2824
2921
3018
3115
3212
3309
3406
3503
3600
3697
3794
3891
3988
4085
4182
4279
4376
4473
4570
4667
4764
4861
4958
29
133
237
341
445
549
653
757
861
965
1069
1173
1277
1381
1485
1589
1693
1797
1901
2005
2109
2213
2317
2420
2523
2626
2728
2825
2922
3019
3116
3213
3310
3407
3504
3601
3698
3795
3892
3989
4086
4183
4280
4377
4474
4571
4668
4765
4862
4959
30
134
238
342
446
550
654
758
862
966
1070
1174
1278
1382
1486
1590
1694
1798
1902
2006
2110
2214
2318
2421
2524
2627
2729
2826
2923
3020
3117
3214
3311
3408
3505
3602
3699
3796
3893
3990
4087
4184
4281
4378
4475
4572
4669
4766
4863
4960
31
135
239
343
447
551
655
759
863
967
1071
1175
1279
1383
1487
1591
1695
1799
1903
2007
2111
2215
2319
2422
2525
2628
2730
2827
2924
3021
3118
3215
3312
3409
3506
3603
3700
3797
3894
3991
4088
4185
4282
4379
4476
4573
4670
4767
4864
4961
32
136
240
344
448
552
656
760
864
968
1072
1176
1280
1384
1488
1592
1696
1800
1904
2008
2112
2216
2320
2423
2526
2629
2731
2828
2925
3022
3119
3216
3313
3410
3507
3604
3701
3798
3895
3992
4089
4186
4283
4380
4477
4574
4671
4768
4865
4962
33
137
241
345
449
553
657
761
865
969
1073
1177
1281
1385
1489
1593
1697
1801
1905
2009
2113
2217
2321
2424
2527
2630
2732
2829
2926
3023
3120
3217
3314
3411
3508
3605
3702
3799
3896
3993
4090
4187
4284
4381
4478
4575
4672
4769
4866
4963
34
138
242
346
450
554
658
762
866
970
1074
1178
1282
1386
1490
1594
1698
1802
1906
2010
2114
2218
2322
2425
2528
2631
2733
2830
2927
3024
3121
3218
3315
3412
3509
3606
3703
3800
3897
3994
4091
4188
4285
4382
4479
4576
4673
4770
4867
4964
35
139
243
347
451
555
659
763
867
971
1075
1179
1283
1387
1491
1595
1699
1803
1907
2011
2115
2219
2323
2426
2529
2632
2734
2831
2928
3025
3122
3219
3316
3413
3510
3607
3704
3801
3898
3995
4092
4189
4286
4383
4480
4577
4674
4771
4868
4965
36
140
244
348
452
556
660
764
868
972
1076
1180
1284
1388
1492
1596
1700
1804
1908
2012
2116
2220
2324
2427
2530
2633
2735
2832
2929
3026
3123
3220
3317
3414
3511
3608
3705
3802
3899
3996
4093
4190
4287
4384
4481
4578
4675
4772
4869
4966
37
141
245
349
453
557
661
765
869
973
1077
1181
1285
1389
1493
1597
1701
1805
1909
2013
2117
2221
2325
2428
2531
2634
2736
2833
2930
3027
3124
3221
3318
3415
3512
3609
3706
3803
3900
3997
4094
4191
4288
4385
4482
4579
4676
4773
4870
4967
38
142
246
350
454
558
662
766
870
974
1078
1182
1286
1390
1494
1598
1702
1806
1910
2014
2118
2222
2326
2429
2532
2635
2737
2834
2931
3028
3125
3222
3319
3416
3513
3610
3707
3804
3901
3998
4095
4192
4289
4386
4483
4580
4677
4774
4871
4968
39
143
247
351
455
559
663
767
871
975
1079
1183
1287
1391
1495
1599
1703
1807
1911
2015
2119
2223
2327
2430
2533
2636
2738
2835
2932
3029
3126
3223
3320
3417
3514
3611
3708
3805
3902
3999
4096
4193
4290
4387
4484
4581
4678
4775
4872
4969
40
144
248
352
456
560
664
768
872
976
1080
1184
1288
1392
1496
1600
1704
1808
1912
2016
2120
2224
2328
2431
2534
2637
2739
2836
2933
3030
3127
3224
3321
3418
3515
3612
3709
3806
3903
4000
4097
4194
4291
4388
4485
4582
4679
4776
4873
4970
41
145
249
353
457
561
665
769
873
977
1081
1185
1289
1393
1497
1601
1705
1809
1913
2017
2121
2225
2329
2432
2535
2638
2740
2837
2934
3031
3128
3225
3322
3419
3516
3613
3710
3807
3904
4001
4098
4195
4292
4389
4486
4583
4680
4777
4874
4971
42
146
250
354
458
562
666
770
874
978
1082
1186
1290
1394
1498
1602
1706
1810
1914
2018
2122
2226
2330
2433
2536
2639
2741
2838
2935
3032
3129
3226
3323
3420
3517
3614
3711
3808
3905
4002
4099
4196
4293
4390
4487
4584
4681
4778
4875
4972
43
147
251
355
459
563
667
771
875
979
1083
1187
1291
1395
1499
1603
1707
1811
1915
2019
2123
2227
2331
2434
2537
2640
2742
2839
2936
3033
3130
3227
3324
3421
3518
3615
3712
3809
3906
4003
4100
4197
4294
4391
4488
4585
4682
4779
4876
4973
44
148
252
356
460
564
668
772
876
980
1084
1188
1292
1396
1500
1604
1708
1812
1916
2020
2124
2228
2332
2435
2538
2641
2743
2840
2937
3034
3131
3228
3325
3422
3519
3616
3713
3810
3907
4004
4101
4198
4295
4392
4489
4586
4683
4780
4877
4974
45
149
253
357
461
565
669
773
877
981
1085
1189
1293
1397
1501
1605
1709
1813
1917
2021
2125
2229
2333
2436
2539
2642
2744
2841
2938
3035
3132
3229
3326
3423
3520
3617
3714
3811
3908
4005
4102
4199
4296
4393
4490
4587
4684
4781
4878
4975
46
150
254
358
462
566
670
774
878
982
1086
1190
1294
1398
1502
1606
1710
1814
1918
2022
2126
2230
2334
2437
2540
2643
2745
2842
2939
3036
3133
3230
3327
3424
3521
3618
3715
3812
3909
4006
4103
4200
4297
4394
4491
4588
4685
4782
4879
4976
47
151
255
359
463
567
671
775
879
983
1087
1191
1295
1399
1503
1607
1711
1815
1919
2023
2127
2231
2335
2438
2541
2644
2746
2843
2940
3037
3134
3231
3328
3425
3522
3619
3716
3813
3910
4007
4104
4201
4298
4395
4492
4589
4686
4783
4880
4977
48
152
256
360
464
568
672
776
880
984
1088
1192
1296
1400
1504
1608
1712
1816
1920
2024
2128
2232
2336
2439
2542
2645
2747
2844
2941
3038
3135
3232
3329
3426
3523
3620
3717
3814
3911
4008
4105
4202
4299
4396
4493
4590
4687
4784
4881
4978
49
153
257
361
465
569
673
777
881
985
1089
1193
1297
1401
1505
1609
1713
1817
1921
2025
2129
2233
2337
2440
2543
2646
2748
2845
2942
3039
3136
3233
3330
3427
3524
3621
3718
3815
3912
4009
4106
4203
4300
4397
4494
4591
4688
4785
4882
4979
50
154
258
362
466
570
674
778
882
986
1090
1194
1298
1402
1506
1610
1714
1818
1922
2026
2130
2234
2338
2441
2544
2647
2749
2846
2943
3040
3137
3234
3331
3428
3525
3622
3719
3816
3913
4010
4107
4204
4301
4398
4495
4592
4689
4786
4883
4980
51
155
259
363
467
571
675
779
883
987
1091
1195
1299
1403
1507
1611
1715
1819
1923
2027
2131
2235
2339
2442
2545
2648
2750
2847
2944
3041
3138
3235
3332
3429
3526
3623
3720
3817
3914
4011
4108
4205
4302
4399
4496
4593
4690
4787
4884
4981
52
156
260
364
468
572
676
780
884
988
1092
1196
1300
1404
1508
1612
1716
1820
1924
2028
2132
2236
2340
2443
2546
2649
2751
2848
2945
3042
3139
3236
3333
3430
3527
3624
3721
3818
3915
4012
4109
4206
4303
4400
4497
4594
4691
4788
4885
4982
53
157
261
365
469
573
677
781
885
989
1093
1197
1301
1405
1509
1613
1717
1821
1925
2029
2133
2237
2341
2444
2547
2650
2752
2849
2946
3043
3140
3237
3334
3431
3528
3625
3722
3819
3916
4013
4110
4207
4304
4401
4498
4595
4692
4789
4886
4983
54
158
262
366
470
574
678
782
886
990
1094
1198
1302
1406
1510
1614
1718
1822
1926
2030
2134
2238
2342
2445
2548
2651
2753
2850
2947
3044
3141
3238
3335
3432
3529
3626
3723
3820
3917
4014
4111
4208
4305
4402
4499
4596
4693
4790
4887
4984
55
159
263
367
471
575
679
783
887
991
1095
1199
1303
1407
1511
1615
1719
1823
1927
2031
2135
2239
2343
2446
2549
2652
2754
2851
2948
3045
3142
3239
3336
3433
3530
3627
3724
3821
3918
4015
4112
4209
4306
4403
4500
4597
4694
4791
4888
4985
56
160
264
368
472
576
680
784
888
992
1096
1200
1304
1408
1512
1616
1720
1824
1928
2032
2136
2240
2344
2447
2550
2653
2755
2852
2949
3046
3143
3240
3337
3434
3531
3628
3725
3822
3919
4016
4113
4210
4307
4404
4501
4598
4695
4792
4889
4986
57
161
265
369
473
577
681
785
889
993
1097
1201
1305
1409
1513
1617
1721
1825
1929
2033
2137
2241
2345
2448
2551
2654
2756
2853
2950
3047
3144
3241
3338
3435
3532
3629
3726
3823
3920
4017
4114
4211
4308
4405
4502
4599
4696
4793
4890
4987
58
162
266
370
474
578
682
786
890
994
1098
1202
1306
1410
1514
1618
1722
1826
1930
2034
2138
2242
2346
2449
2552
2655
2757
2854
2951
3048
3145
3242
3339
3436
3533
3630
3727
3824
3921
4018
4115
4212
4309
4406
4503
4600
4697
4794
4891
4988
59
163
267
371
475
579
683
787
891
995
1099
1203
1307
1411
1515
1619
1723
1827
1931
2035
2139
2243
2347
2450
2553
2656
2758
2855
2952
3049
3146
3243
3340
3437
3534
3631
3728
3825
3922
4019
4116
4213
4310
4407
4504
4601
4698
4795
4892
4989
60
164
268
372
476
580
684
788
892
996
1100
1204
1308
1412
1516
1620
1724
1828
1932
2036
2140
2244
2348
2451
2554
2657
2759
2856
2953
3050
3147
3244
3341
3438
3535
3632
3729
3826
3923
4020
4117
4214
4311
4408
4505
4602
4699
4796
4893
4990
61
165
269
373
477
581
685
789
893
997
1101
1205
1309
1413
1517
1621
1725
1829
1933
2037
2141
2245
2349
2452
2555
2658
2760
2857
2954
3051
3148
3245
3342
3439
3536
3633
3730
3827
3924
4021
4118
4215
4312
4409
4506
4603
4700
4797
4894
4991
62
166
270
374
478
582
686
790
894
998
1102
1206
1310
1414
1518
1622
1726
1830
1934
2038
2142
2246
2350
2453
2556
2659
2761
2858
2955
3052
3149
3246
3343
3440
3537
3634
3731
3828
3925
4022
4119
4216
4313
4410
4507
4604
4701
4798
4895
4992
63
167
271
375
479
583
687
791
895
999
1103
1207
1311
1415
1519
1623
1727
1831
1935
2039
2143
2247
2351
2454
2557
2660
2762
2859
2956
3053
3150
3247
3344
3441
3538
3635
3732
3829
3926
4023
4120
4217
4314
4411
4508
4605
4702
4799
4896
4993
64
168
272
376
480
584
688
792
896
1000
1104
1208
1312
1416
1520
1624
1728
1832
1936
2040
2144
2248
2352
2455
2558
2661
2763
2860
2957
3054
3151
3248
3345
3442
3539
3636
3733
3830
3927
4024
4121
4218
4315
4412
4509
4606
4703
4800
4897
4994
65
169
273
377
481
585
689
793
897
1001
1105
1209
1313
1417
1521
1625
1729
1833
1937
2041
2145
2249
2353
2456
2559
2662
2764
2861
2958
3055
3152
3249
3346
3443
3540
3637
3734
3831
3928
4025
4122
4219
4316
4413
4510
4607
4704
4801
4898
4995
66
170
274
378
482
586
690
794
898
1002
1106
1210
1314
1418
1522
1626
1730
1834
1938
2042
2146
2250
2354
2457
2560
2663
2765
2862
2959
3056
3153
3250
3347
3444
3541
3638
3735
3832
3929
4026
4123
4220
4317
4414
4511
4608
4705
4802
4899
4996
67
171
275
379
483
587
691
795
899
1003
1107
1211
1315
1419
1523
1627
1731
1835
1939
2043
2147
2251
2355
2458
2561
2664
2766
2863
2960
3057
3154
3251
3348
3445
3542
3639
3736
3833
3930
4027
4124
4221
4318
4415
4512
4609
4706
4803
4900
4997
68
172
276
380
484
588
692
796
900
1004
1108
1212
1316
1420
1524
1628
1732
1836
1940
2044
2148
2252
2356
2459
2562
2665
2767
2864
2961
3058
3155
3252
3349
3446
3543
3640
3737
3834
3931
4028
4125
4222
4319
4416
4513
4610
4707
4804
4901
4998
69
173
277
381
485
589
693
797
901
1005
1109
1213
1317
1421
1525
1629
1733
1837
1941
2045
2149
2253
2357
2460
2563
2666
2768
2865
2962
3059
3156
3253
3350
3447
3544
3641
3738
3835
3932
4029
4126
4223
4320
4417
4514
4611
4708
4805
4902
4999
70
174
278
382
486
590
694
798
902
1006
1110
1214
1318
1422
1526
1630
1734
1838
1942
2046
2150
2254
2358
2461
2564
2667
2769
2866
2963
3060
3157
3254
3351
3448
3545
3642
3739
3836
3933
4030
4127
4224
4321
4418
4515
4612
4709
4806
4903
5000
71
175
279
383
487
591
695
799
903
1007
1111
1215
1319
1423
1527
1631
1735
1839
1943
2047
2151
2255
2359
2462
2565
2668
2770
2867
2964
3061
3158
3255
3352
3449
3546
3643
3740
3837
3934
4031
4128
4225
4322
4419
4516
4613
4710
4807
4904
5001
72
176
280
384
488
592
696
800
904
1008
1112
1216
1320
1424
1528
1632
1736
1840
1944
2048
2152
2256
2360
2463
2566
2669
2771
2868
2965
3062
3159
3256
3353
3450
3547
3644
3741
3838
3935
4032
4129
4226
4323
4420
4517
4614
4711
4808
4905
5002
73
177
281
385
489
593
697
801
905
1009
1113
1217
1321
1425
1529
1633
1737
1841
1945
2049
2153
2257
2361
2464
2567
2670
2772
2869
2966
3063
3160
3257
3354
3451
3548
3645
3742
3839
3936
4033
4130
4227
4324
4421
4518
4615
4712
4809
4906
5003
74
178
282
386
490
594
698
802
906
1010
1114
1218
1322
1426
1530
1634
1738
1842
1946
2050
2154
2258
2362
2465
2568
2671
2773
2870
2967
3064
3161
3258
3355
3452
3549
3646
3743
3840
3937
4034
4131
4228
4325
4422
4519
4616
4713
4810
4907
5004
75
179
283
387
491
595
699
803
907
1011
1115
1219
1323
1427
1531
1635
1739
1843
1947
2051
2155
2259
2363
2466
2569
2672
2774
2871
2968
3065
3162
3259
3356
3453
3550
3647
3744
3841
3938
4035
4132
4229
4326
4423
4520
4617
4714
4811
4908
5005
76
180
284
388
492
596
700
804
908
1012
1116
1220
1324
1428
1532
1636
1740
1844
1948
2052
2156
2260
2364
2467
2570
2673
2775
2872
2969
3066
3163
3260
3357
3454
3551
3648
3745
3842
3939
4036
4133
4230
4327
4424
4521
4618
4715
4812
4909
5006
77
181
285
389
493
597
701
805
909
1013
1117
1221
1325
1429
1533
1637
1741
1845
1949
2053
2157
2261
2365
2468
2571
2674
2776
2873
2970
3067
3164
3261
3358
3455
3552
3649
3746
3843
3940
4037
4134
4231
4328
4425
4522
4619
4716
4813
4910
5007
78
182
286
390
494
598
702
806
910
1014
1118
1222
1326
1430
1534
1638
1742
1846
1950
2054
2158
2262
2366
2469
2572
2675
2777
2874
2971
3068
3165
3262
3359
3456
3553
3650
3747
3844
3941
4038
4135
4232
4329
4426
4523
4620
4717
4814
4911
5008
79
183
287
391
495
599
703
807
911
1015
1119
1223
1327
1431
1535
1639
1743
1847
1951
2055
2159
2263
2367
2470
2573
2676
2778
2875
2972
3069
3166
3263
3360
3457
3554
3651
3748
3845
3942
4039
4136
4233
4330
4427
4524
4621
4718
4815
4912
5009
80
184
288
392
496
600
704
808
912
1016
1120
1224
1328
1432
1536
1640
1744
1848
1952
2056
2160
2264
2368
2471
2574
2677
2779
2876
2973
3070
3167
3264
3361
3458
3555
3652
3749
3846
3943
4040
4137
4234
4331
4428
4525
4622
4719
4816
4913
5010
81
185
289
393
497
601
705
809
913
1017
1121
1225
1329
1433
1537
1641
1745
1849
1953
2057
2161
2265
2369
2472
2575
2678
2780
2877
2974
3071
3168
3265
3362
3459
3556
3653
3750
3847
3944
4041
4138
4235
4332
4429
4526
4623
4720
4817
4914
5011
82
186
290
394
498
602
706
810
914
1018
1122
1226
1330
1434
1538
1642
1746
1850
1954
2058
2162
2266
2370
2473
2576
2679
2781
2878
2975
3072
3169
3266
3363
3460
3557
3654
3751
3848
3945
4042
4139
4236
4333
4430
4527
4624
4721
4818
4915
5012
83
187
291
395
499
603
707
811
915
1019
1123
1227
1331
1435
1539
1643
1747
1851
1955
2059
2163
2267
2371
2474
2577
2680
2782
2879
2976
3073
3170
3267
3364
3461
3558
3655
3752
3849
3946
4043
4140
4237
4334
4431
4528
4625
4722
4819
4916
5013
84
188
292
396
500
604
708
812
916
1020
1124
1228
1332
1436
1540
1644
1748
1852
1956
2060
2164
2268
2372
2475
2578
2681
2783
2880
2977
3074
3171
3268
3365
3462
3559
3656
3753
3850
3947
4044
4141
4238
4335
4432
4529
4626
4723
4820
4917
5014
85
189
293
397
501
605
709
813
917
1021
1125
1229
1333
1437
1541
1645
1749
1853
1957
2061
2165
2269
2373
2476
2579
2682
2784
2881
2978
3075
3172
3269
3366
3463
3560
3657
3754
3851
3948
4045
4142
4239
4336
4433
4530
4627
4724
4821
4918
5015
86
190
294
398
502
606
710
814
918
1022
1126
1230
1334
1438
1542
1646
1750
1854
1958
2062
2166
2270
2374
2477
2580
2683
2785
2882
2979
3076
3173
3270
3367
3464
3561
3658
3755
3852
3949
4046
4143
4240
4337
4434
4531
4628
4725
4822
4919
5016
87
191
295
399
503
607
711
815
919
1023
1127
1231
1335
1439
1543
1647
1751
1855
1959
2063
2167
2271
2375
2478
2581
2684
2786
2883
2980
3077
3174
3271
3368
3465
3562
3659
3756
3853
3950
4047
4144
4241
4338
4435
4532
4629
4726
4823
4920
5017
88
192
296
400
504
608
712
816
920
1024
1128
1232
1336
1440
1544
1648
1752
1856
1960
2064
2168
2272
2376
2479
2582
2685
2787
2884
2981
3078
3175
3272
3369
3466
3563
3660
3757
3854
3951
4048
4145
4242
4339
4436
4533
4630
4727
4824
4921
5018
89
193
297
401
505
609
713
817
921
1025
1129
1233
1337
1441
1545
1649
1753
1857
1961
2065
2169
2273
2377
2480
2583
2686
2788
2885
2982
3079
3176
3273
3370
3467
3564
3661
3758
3855
3952
4049
4146
4243
4340
4437
4534
4631
4728
4825
4922
5019
90
194
298
402
506
610
714
818
922
1026
1130
1234
1338
1442
1546
1650
1754
1858
1962
2066
2170
2274
2378
2481
2584
2687
2789
2886
2983
3080
3177
3274
3371
3468
3565
3662
3759
3856
3953
4050
4147
4244
4341
4438
4535
4632
4729
4826
4923
5020
91
195
299
403
507
611
715
819
923
1027
1131
1235
1339
1443
1547
1651
1755
1859
1963
2067
2171
2275
2379
2482
2585
2688
2790
2887
2984
3081
3178
3275
3372
3469
3566
3663
3760
3857
3954
4051
4148
4245
4342
4439
4536
4633
4730
4827
4924
5021
92
196
300
404
508
612
716
820
924
1028
1132
1236
1340
1444
1548
1652
1756
1860
1964
2068
2172
2276
2380
2483
2586
2689
2791
2888
2985
3082
3179
3276
3373
3470
3567
3664
3761
3858
3955
4052
4149
4246
4343
4440
4537
4634
4731
4828
4925
5022
93
197
301
405
509
613
717
821
925
1029
1133
1237
1341
1445
1549
1653
1757
1861
1965
2069
2173
2277
2381
2484
2587
2690
2792
2889
2986
3083
3180
3277
3374
3471
3568
3665
3762
3859
3956
4053
4150
4247
4344
4441
4538
4635
4732
4829
4926
5023
94
198
302
406
510
614
718
822
926
1030
1134
1238
1342
1446
1550
1654
1758
1862
1966
2070
2174
2278
2382
2485
2588
2691
2793
2890
2987
3084
3181
3278
3375
3472
3569
3666
3763
3860
3957
4054
4151
4248
4345
4442
4539
4636
4733
4830
4927
5024
95
199
303
407
511
615
719
823
927
1031
1135
1239
1343
1447
1551
1655
1759
1863
1967
2071
2175
2279
2383
2486
2589
2692
2794
2891
2988
3085
3182
3279
3376
3473
3570
3667
3764
3861
3958
4055
4152
4249
4346
4443
4540
4637
4734
4831
4928
5025
96
200
304
408
512
616
720
824
928
1032
1136
1240
1344
1448
1552
1656
1760
1864
1968
2072
2176
2280
2384
2487
2590
2693
2795
2892
2989
3086
3183
3280
3377
3474
3571
3668
3765
3862
3959
4056
4153
4250
4347
4444
4541
4638
4735
4832
4929
5026
97
201
305
409
513
617
721
825
929
1033
1137
1241
1345
1449
1553
1657
1761
1865
1969
2073
2177
2281
2385
2488
2591
2694
98
202
306
410
514
618
722
826
930
1034
1138
1242
1346
1450
1554
1658
1762
1866
1970
2074
2178
2282
2386
2489
2592
2695
99
203
307
411
515
619
723
827
931
1035
1139
1243
1347
1451
1555
1659
1763
1867
1971
2075
2179
2283
2387
2490
2593
2696
100
204
308
412
516
620
724
828
932
1036
1140
1244
1348
1452
1556
1660
1764
1868
1972
2076
2180
2284
2388
2491
2594
2697
101
205
309
413
517
621
725
829
933
1037
1141
1245
1349
1453
1557
1661
1765
1869
1973
2077
2181
2285
2389
2492
2595
2698
102
206
310
414
518
622
726
830
934
1038
1142
1246
1350
1454
1558
1662
1766
1870
1974
2078
2182
2286
2390
2493
2596
103
207
311
415
519
623
727
831
935
1039
1143
1247
1351
1455
1559
1663
1767
1871
1975
2079
2183
2287
0
104
208
312
416
520
624
728
832
936
1040
1144
1248
1352
1456
1560
1664
1768
1872
1976
2080
2184
2288
2391
2494
2597
2699
2796
2893
2990
3087
3184
3281
3378
3475
3572
3669
3766
3863
3960
4057
4154
4251
4348
4445
4542
4639
4736
4833
4930
1
105
209
313
417
521
625
729
833
937
1041
1145
1249
1353
1457
1561
1665
1769
1873
1977
2081
2185
2289
2392
2495
2598
2700
2797
2894
2991
3088
3185
3282
3379
3476
3573
3670
3767
3864
3961
4058
4155
4252
4349
4446
4543
4640
4737
4834
4931
2
106
210
314
418
522
626
730
834
938
1042
1146
1250
1354
1458
1562
1666
1770
1874
1978
2082
2186
2290
2393
2496
2599
2701
2798
2895
2992
3089
3186
3283
3380
3477
3574
3671
3768
3865
3962
4059
4156
4253
4350
4447
4544
4641
4738
4835
4932
3
107
211
315
419
523
627
731
835
939
1043
1147
1251
1355
1459
1563
1667
1771
1875
1979
2083
2187
2291
2394
2497
2600
2702
2799
2896
2993
3090
3187
3284
3381
3478
3575
3672
3769
3866
3963
4060
4157
4254
4351
4448
4545
4642
4739
4836
4933
4
108
212
316
420
524
628
732
836
940
1044
1148
1252
1356
1460
1564
1668
1772
1876
1980
2084
2188
2292
2395
2498
2601
2703
2800
2897
2994
3091
3188
3285
3382
3479
3576
3673
3770
3867
3964
4061
4158
4255
4352
4449
4546
4643
4740
4837
4934
5
109
213
317
421
525
629
733
837
941
1045
1149
1253
1357
1461
1565
1669
1773
1877
1981
2085
2189
2293
2396
2499
2602
2704
2801
2898
2995
3092
3189
3286
3383
3480
3577
3674
3771
3868
3965
4062
4159
4256
4353
4450
4547
4644
4741
4838
4935
6
110
214
318
422
526
630
734
838
942
1046
1150
1254
1358
1462
1566
1670
1774
1878
1982
2086
2190
2294
2397
2500
2603
2705
2802
2899
2996
3093
3190
3287
3384
3481
3578
3675
3772
3869
3966
4063
4160
4257
4354
4451
4548
4645
4742
4839
4936
7
111
215
319
423
527
631
735
839
943
1047
1151
1255
1359
1463
1567
1671
1775
1879
1983
2087
2191
2295
2398
2501
2604
2706
2803
2900
2997
3094
3191
3288
3385
3482
3579
3676
3773
3870
3967
4064
4161
4258
4355
4452
4549
4646
4743
4840
4937
8
112
216
320
424
528
632
736
840
944
1048
1152
1256
1360
1464
1568
1672
1776
1880
1984
2088
2192
2296
2399
2502
2605
2707
2804
2901
2998
3095
3192
3289
3386
3483
3580
3677
3774
3871
3968
4065
4162
4259
4356
4453
4550
4647
4744
4841
4938
9
113
217
321
425
529
633
737
841
945
1049
1153
1257
1361
1465
1569
1673
1777
1881
1985
2089
2193
2297
2400
2503
2606
2708
2805
2902
2999
3096
3193
3290
3387
3484
3581
3678
3775
3872
3969
4066
4163
4260
4357
4454
4551
4648
4745
4842
4939
10
114
218
322
426
530
634
738
842
946
1050
1154
1258
1362
1466
1570
1674
1778
1882
1986
2090
2194
2298
2401
2504
2607
2709
2806
2903
3000
3097
3194
3291
3388
3485
3582
3679
3776
3873
3970
4067
4164
4261
4358
4455
4552
4649
4746
4843
4940
11
115
219
323
427
531
635
739
843
947
1051
1155
1259
1363
1467
1571
1675
1779
1883
1987
2091
2195
2299
2402
2505
2608
2710
2807
2904
3001
3098
3195
3292
3389
3486
3583
3680
3777
3874
3971
4068
4165
4262
4359
4456
4553
4650
4747
4844
4941
12
116
220
324
428
532
636
740
844
948
1052
1156
1260
1364
1468
1572
1676
1780
1884
1988
2092
2196
2300
2403
2506
2609
2711
2808
2905
3002
3099
3196
3293
3390
3487
3584
3681
3778
3875
3972
4069
4166
4263
4360
4457
4554
4651
4748
4845
4942
13
117
221
325
429
533
637
741
845
949
1053
1157
1261
1365
1469
1573
1677
1781
1885
1989
2093
2197
2301
2404
2507
2610
2712
2809
2906
3003
3100
3197
3294
3391
3488
3585
3682
3779
3876
3973
4070
4167
4264
4361
4458
4555
4652
4749
4846
4943
14
118
222
326
430
534
638
742
846
950
1054
1158
1262
1366
1470
1574
1678
1782
1886
1990
2094
2198
2302
2405
2508
2611
2713
2810
2907
3004
3101
3198
3295
3392
3489
3586
3683
3780
3877
3974
4071
4168
4265
4362
4459
4556
4653
4750
4847
4944
15
119
223
327
431
535
639
743
847
951
1055
1159
1263
1367
1471
1575
1679
1783
1887
1991
2095
2199
2303
2406
2509
2612
2714
2811
2908
3005
3102
3199
3296
3393
3490
3587
3684
3781
3878
3975
4072
4169
4266
4363
4460
4557
4654
4751
4848
4945
16
120
224
328
432
536
640
744
848
952
1056
1160
1264
1368
1472
1576
1680
1784
1888
1992
2096
2200
2304
2407
2510
2613
2715
2812
2909
3006
3103
3200
3297
3394
3491
3588
3685
3782
3879
3976
4073
4170
4267
4364
4461
4558
4655
4752
4849
4946
17
121
225
329
433
537
641
745
849
953
1057
1161
1265
1369
1473
1577
1681
1785
1889
1993
2097
2201
2305
2408
2511
2614
2716
2813
2910
3007
3104
3201
3298
3395
3492
3589
3686
3783
3880
3977
4074
4171
4268
4365
4462
4559
4656
4753
4850
4947
18
122
226
330
434
538
642
746
850
954
1058
1162
1266
1370
1474
1578
1682
1786
1890
1994
2098
2202
2306
2409
2512
2615
2717
2814
2911
3008
3105
3202
3299
3396
3493
3590
3687
3784
3881
3978
4075
4172
4269
4366
4463
4560
4657
4754
4851
4948
19
123
227
331
435
539
643
747
851
955
1059
1163
1267
1371
1475
1579
1683
1787
1891
1995
2099
2203
2307
2410
2513
2616
2718
2815
2912
3009
3106
3203
3300
3397
3494
3591
3688
3785
3882
3979
4076
4173
4270
4367
4464
4561
4658
4755
4852
4949
20
124
228
332
436
540
644
748
852
956
1060
1164
1268
1372
1476
1580
1684
1788
1892
1996
2100
2204
2308
2411
2514
2617
2719
2816
2913
3010
3107
3204
3301
3398
3495
3592
3689
3786
3883
3980
4077
4174
4271
4368
4465
4562
4659
4756
4853
4950
21
125
229
333
437
541
645
749
853
957
1061
1165
1269
1373
1477
1581
1685
1789
1893
1997
2101
2205
2309
2412
2515
2618
2720
2817
2914
3011
3108
3205
3302
3399
3496
3593
3690
3787
3884
3981
4078
4175
4272
4369
4466
4563
4660
4757
4854
4951
22
126
230
334
438
542
646
750
854
958
1062
1166
1270
1374
1478
1582
1686
1790
1894
1998
2102
2206
2310
2413
2516
2619
2721
2818
2915
3012
3109
3206
3303
3400
3497
3594
3691
3788
3885
3982
4079
4176
4273
4370
4467
4564
4661
4758
4855
4952
23
127
231
335
439
543
647
751
855
959
1063
1167
1271
1375
1479
1583
1687
1791
1895
1999
2103
2207
2311
2414
2517
2620
2722
2819
2916
3013
3110
3207
3304
3401
3498
3595
3692
3789
3886
3983
4080
4177
4274
4371
4468
4565
4662
4759
4856
4953
24
128
232
336
440
544
648
752
856
960
1064
1168
1272
1376
1480
1584
1688
1792
1896
2000
2104
2208
2312
2415
2518
2621
2723
2820
2917
3014
3111
3208
3305
3402
3499
3596
3693
3790
3887
3984
4081
4178
4275
4372
4469
4566
4663
4760
4857
4954
25
129
233
337
441
545
649
753
857
961
1065
1169
1273
1377
1481
1585
1689
1793
1897
2001
2105
2209
2313
2416
2519
2622
2724
2821
2918
3015
3112
3209
3306
3403
3500
3597
3694
3791
3888
3985
4082
4179
4276
4373
4470
4567
4664
4761
4858
4955
26
130
234
338
442
546
650
754
858
962
1066
1170
1274
1378
1482
1586
1690
1794
1898
2002
2106
2210
2314
2417
2520
2623
2725
2822
2919
3016
3113
3210
3307
3404
3501
3598
3695
3792
3889
3986
4083
4180
4277
4374
4471
4568
4665
4762
4859
4956
27
131
235
339
443
547
651
755
859
963
1067
1171
1275
1379
1483
1587
1691
1795
1899
2003
2107
2211
2315
2418
2521
2624
2726
2823
2920
3017
3114
3211
3308
3405
3502
3599
3696
3793
3890
3987
4084
4181
4278
4375
4472
4569
4666
4763
4860
4957
28
132
236
340
444
548
652
756
860
964
1068
1172
1276
1380
1484
1588
1692
1796
1900
2004
2108
2212
2316
2419
2522
2625
2727
2824
2921
3018
3115
3212
3309
3406
3503
3600
3697
3794
3891
3988
4085
4182
4279
4376
4473
4570
4667
4764
4861
4958
29
133
237
341
445
549
653
757
861
965
1069
1173
1277
1381
1485
1589
1693
1797
1901
2005
2109
2213
2317
2420
2523
2626
2728
2825
2922
3019
3116
3213
3310
3407
3504
3601
3698
3795
3892
3989
4086
4183
4280
4377
4474
4571
4668
4765
4862
4959
30
134
238
342
446
550
654
758
862
966
1070
1174
1278
1382
1486
1590
1694
1798
1902
2006
2110
2214
2318
2421
2524
2627
2729
2826
2923
3020
3117
3214
3311
3408
3505
3602
3699
3796
3893
3990
4087
4184
4281
4378
4475
4572
4669
4766
4863
4960
31
135
239
343
447
551
655
759
863
967
1071
1175
1279
1383
1487
1591
1695
1799
1903
2007
2111
2215
2319
2422
2525
2628
2730
2827
2924
3021
3118
3215
3312
3409
3506
3603
3700
3797
3894
3991
4088
4185
4282
4379
4476
4573
4670
4767
4864
4961
32
136
240
344
448
552
656
760
864
968
1072
1176
1280
1384
1488
1592
1696
1800
1904
2008
2112
2216
2320
2423
2526
2629
2731
2828
2925
3022
3119
3216
3313
3410
3507
3604
3701
3798
3895
3992
4089
4186
4283
4380
4477
4574
4671
4768
4865
4962
33
137
241
345
449
553
657
761
865
969
1073
1177
1281
1385
1489
1593
1697
1801
1905
2009
2113
2217
2321
2424
2527
2630
2732
2829
2926
3023
3120
3217
3314
3411
3508
3605
3702
3799
3896
3993
4090
4187
4284
4381
4478
4575
4672
4769
4866
4963
34
138
242
346
450
554
658
762
866
970
1074
1178
1282
1386
1490
1594
1698
1802
1906
2010
2114
2218
2322
2425
2528
2631
2733
2830
2927
3024
3121
3218
3315
3412
3509
3606
3703
3800
3897
3994
4091
4188
4285
4382
4479
4576
4673
4770
4867
4964
35
139
243
347
451
555
659
763
867
971
1075
1179
1283
1387
1491
1595
1699
1803
1907
2011
2115
2219
2323
2426
2529
2632
2734
2831
2928
3025
3122
3219
3316
3413
3510
3607
3704
3801
3898
3995
4092
4189
4286
4383
4480
4577
4674
4771
4868
4965
36
140
244
348
452
556
660
764
868
972
1076
1180
1284
1388
1492
1596
1700
1804
1908
2012
2116
2220
2324
2427
2530
2633
2735
2832
2929
3026
3123
3220
3317
3414
3511
3608
3705
3802
3899
3996
4093
4190
4287
4384
4481
4578
4675
4772
4869
4966
37
141
245
349
453
557
661
765
869
973
1077
1181
1285
1389
1493
1597
1701
1805
1909
2013
2117
2221
2325
2428
2531
2634
2736
2833
2930
3027
3124
3221
3318
3415
3512
3609
3706
3803
3900
3997
4094
4191
4288
4385
4482
4579
4676
4773
4870
4967
38
142
246
350
454
558
662
766
870
974
1078
1182
1286
1390
1494
1598
1702
1806
1910
2014
2118
2222
2326
2429
2532
2635
2737
2834
2931
3028
3125
3222
3319
3416
3513
3610
3707
3804
3901
3998
4095
4192
4289
4386
4483
4580
4677
4774
4871
4968
39
143
247
351
455
559
663
767
871
975
1079
1183
1287
1391
1495
1599
1703
1807
1911
2015
2119
2223
2327
2430
2533
2636
2738
2835
2932
3029
3126
3223
3320
3417
3514
3611
3708
3805
3902
3999
4096
4193
4290
4387
4484
4581
4678
4775
4872
4969
40
144
248
352
456
560
664
768
872
976
1080
1184
1288
1392
1496
1600
1704
1808
1912
2016
2120
2224
2328
2431
2534
2637
2739
2836
2933
3030
3127
3224
3321
3418
3515
3612
3709
3806
3903
4000
4097
4194
4291
4388
4485
4582
4679
4776
4873
4970
41
145
249
353
457
561
665
769
873
977
1081
1185
1289
1393
1497
1601
1705
1809
1913
2017
2121
2225
2329
2432
2535
2638
2740
2837
2934
3031
3128
3225
3322
3419
3516
3613
3710
3807
3904
4001
4098
4195
4292
4389
4486
4583
4680
4777
4874
4971
42
146
250
354
458
562
666
770
874
978
1082
1186
1290
1394
1498
1602
1706
1810
1914
2018
2122
2226
2330
2433
2536
2639
2741
2838
2935
3032
3129
3226
3323
3420
3517
3614
3711
3808
3905
4002
4099
4196
4293
4390
4487
4584
4681
4778
4875
4972
43
147
251
355
459
563
667
771
875
979
1083
1187
1291
1395
1499
1603
1707
1811
1915
2019
2123
2227
2331
2434
2537
2640
2742
2839
2936
3033
3130
3227
3324
3421
3518
3615
3712
3809
3906
4003
4100
4197
4294
4391
4488
4585
4682
4779
4876
4973
44
148
252
356
460
564
668
772
876
980
1084
1188
1292
1396
1500
1604
1708
1812
1916
2020
2124
2228
2332
2435
2538
2641
2743
2840
2937
3034
3131
3228
3325
3422
3519
3616
3713
3810
3907
4004
4101
4198
4295
4392
4489
4586
4683
4780
4877
4974
45
149
253
357
461
565
669
773
877
981
1085
1189
1293
1397
1501
1605
1709
1813
1917
2021
2125
2229
2333
2436
2539
2642
2744
2841
2938
3035
3132
3229
3326
3423
3520
3617
3714
3811
3908
4005
4102
4199
4296
4393
4490
4587
4684
4781
4878
4975
46
150
254
358
462
566
670
774
878
982
1086
1190
1294
1398
1502
1606
1710
1814
1918
2022
2126
2230
2334
2437
2540
2643
2745
2842
2939
3036
3133
3230
3327
3424
3521
3618
3715
3812
3909
4006
4103
4200
4297
4394
4491
4588
4685
4782
4879
4976
47
151
255
359
463
567
671
775
879
983
1087
1191
1295
1399
1503
1607
1711
1815
1919
2023
2127
2231
2335
2438
2541
2644
2746
2843
2940
3037
3134
3231
3328
3425
3522
3619
3716
3813
3910
4007
4104
4201
4298
4395
4492
4589
4686
4783
4880
4977
48
152
256
360
464
568
672
776
880
984
1088
1192
1296
1400
1504
1608
1712
1816
1920
2024
2128
2232
2336
2439
2542
2645
2747
2844
2941
3038
3135
3232
3329
3426
3523
3620
3717
3814
3911
4008
4105
4202
4299
4396
4493
4590
4687
4784
4881
4978
49
153
257
361
465
569
673
777
881
985
1089
1193
1297
1401
1505
1609
1713
1817
1921
2025
2129
2233
2337
2440
2543
2646
2748
2845
2942
3039
3136
3233
3330
3427
3524
3621
3718
3815
3912
4009
4106
4203
4300
4397
4494
4591
4688
4785
4882
4979
50
154
258
362
466
570
674
778
882
986
1090
1194
1298
1402
1506
1610
1714
1818
1922
2026
2130
2234
2338
2441
2544
2647
2749
2846
2943
3040
3137
3234
3331
3428
3525
3622
3719
3816
3913
4010
4107
4204
4301
4398
4495
4592
4689
4786
4883
4980
51
155
259
363
467
571
675
779
883
987
1091
1195
1299
1403
1507
1611
1715
1819
1923
2027
2131
2235
2339
2442
2545
2648
2750
2847
2944
3041
3138
3235
3332
3429
3526
3623
3720
3817
3914
4011
4108
4205
4302
4399
4496
4593
4690
4787
4884
4981
52
156
260
364
468
572
676
780
884
988
1092
1196
1300
1404
1508
1612
1716
1820
1924
2028
2132
2236
2340
2443
2546
2649
2751
2848
2945
3042
3139
3236
3333
3430
3527
3624
3721
3818
3915
4012
4109
4206
4303
4400
4497
4594
4691
4788
4885
4982
53
157
261
365
469
573
677
781
885
989
1093
1197
1301
1405
1509
1613
1717
1821
1925
2029
2133
2237
2341
2444
2547
2650
2752
2849
2946
3043
3140
3237
3334
3431
3528
3625
3722
3819
3916
4013
4110
4207
4304
4401
4498
4595
4692
4789
4886
4983
54
158
262
366
470
574
678
782
886
990
1094
1198
1302
1406
1510
1614
1718
1822
1926
2030
2134
2238
2342
2445
2548
2651
2753
2850
2947
3044
3141
3238
3335
3432
3529
3626
3723
3820
3917
4014
4111
4208
4305
4402
4499
4596
4693
4790
4887
4984
55
159
263
367
471
575
679
783
887
991
1095
1199
1303
1407
1511
1615
1719
1823
1927
2031
2135
2239
2343
2446
2549
2652
2754
2851
2948
3045
3142
3239
3336
3433
3530
3627
3724
3821
3918
4015
4112
4209
4306
4403
4500
4597
4694
4791
4888
4985
56
160
264
368
472
576
680
784
888
992
1096
1200
1304
1408
1512
1616
1720
1824
1928
2032
2136
2240
2344
2447
2550
2653
2755
2852
2949
3046
3143
3240
3337
3434
3531
3628
3725
3822
3919
4016
4113
4210
4307
4404
4501
4598
4695
4792
4889
4986
57
161
265
369
473
577
681
785
889
993
1097
1201
1305
1409
1513
1617
1721
1825
1929
2033
2137
2241
2345
2448
2551
2654
2756
2853
2950
3047
3144
3241
3338
3435
3532
3629
3726
3823
3920
4017
4114
4211
4308
4405
4502
4599
4696
4793
4890
4987
58
162
266
370
474
578
682
786
890
994
1098
1202
1306
1410
1514
1618
1722
1826
1930
2034
2138
2242
2346
2449
2552
2655
2757
2854
2951
3048
3145
3242
3339
3436
3533
3630
3727
3824
3921
4018
4115
4212
4309
4406
4503
4600
4697
4794
4891
4988
59
163
267
371
475
579
683
787
891
995
1099
1203
1307
1411
1515
1619
1723
1827
1931
2035
2139
2243
2347
2450
2553
2656
2758
2855
2952
3049
3146
3243
3340
3437
3534
3631
3728
3825
3922
4019
4116
4213
4310
4407
4504
4601
4698
4795
4892
4989
60
164
268
372
476
580
684
788
892
996
1100
1204
1308
1412
1516
1620
1724
1828
1932
2036
2140
2244
2348
2451
2554
2657
2759
2856
2953
3050
3147
3244
3341
3438
3535
3632
3729
3826
3923
4020
4117
4214
4311
4408
4505
4602
4699
4796
4893
4990
61
165
269
373
477
581
685
789
893
997
1101
1205
1309
1413
1517
1621
1725
1829
1933
2037
2141
2245
2349
2452
2555
2658
2760
2857
2954
3051
3148
3245
3342
3439
3536
3633
3730
3827
3924
4021
4118
4215
4312
4409
4506
4603
4700
4797
4894
4991
62
166
270
374
478
582
686
790
894
998
1102
1206
1310
1414
1518
1622
1726
1830
1934
2038
2142
2246
2350
2453
2556
2659
2761
2858
2955
3052
3149
3246
3343
3440
3537
3634
3731
3828
3925
4022
4119
4216
4313
4410
4507
4604
4701
4798
4895
4992
63
167
271
375
479
583
687
791
895
999
1103
1207
1311
1415
1519
1623
1727
1831
1935
2039
2143
2247
2351
2454
2557
2660
2762
2859
2956
3053
3150
3247
3344
3441
3538
3635
3732
3829
3926
4023
4120
4217
4314
4411
4508
4605
4702
4799
4896
4993
64
168
272
376
480
584
688
792
896
1000
1104
1208
1312
1416
1520
1624
1728
1832
1936
2040
2144
2248
2352
2455
2558
2661
2763
2860
2957
3054
3151
3248
3345
3442
3539
3636
3733
3830
3927
4024
4121
4218
4315
4412
4509
4606
4703
4800
4897
4994
65
169
273
377
481
585
689
793
897
1001
1105
1209
1313
1417
1521
1625
1729
1833
1937
2041
2145
2249
2353
2456
2559
2662
2764
2861
2958
3055
3152
3249
3346
3443
3540
3637
3734
3831
3928
4025
4122
4219
4316
4413
4510
4607
4704
4801
4898
4995
66
170
274
378
482
586
690
794
898
1002
1106
1210
1314
1418
1522
1626
1730
1834
1938
2042
2146
2250
2354
2457
2560
2663
2765
2862
2959
3056
3153
3250
3347
3444
3541
3638
3735
3832
3929
4026
4123
4220
4317
4414
4511
4608
4705
4802
4899
4996
67
171
275
379
483
587
691
795
899
1003
1107
1211
1315
1419
1523
1627
1731
1835
1939
2043
2147
2251
2355
2458
2561
2664
2766
2863
2960
3057
3154
3251
3348
3445
3542
3639
3736
3833
3930
4027
4124
4221
4318
4415
4512
4609
4706
4803
4900
4997
68
172
276
380
484
588
692
796
900
1004
1108
1212
1316
1420
1524
1628
1732
1836
1940
2044
2148
2252
2356
2459
2562
2665
2767
2864
2961
3058
3155
3252
3349
3446
3543
3640
3737
3834
3931
4028
4125
4222
4319
4416
4513
4610
4707
4804
4901
4998
69
173
277
381
485
589
693
797
901
1005
1109
1213
1317
1421
1525
1629
1733
1837
1941
2045
2149
2253
2357
2460
2563
2666
2768
2865
2962
3059
3156
3253
3350
3447
3544
3641
3738
3835
3932
4029
4126
4223
4320
4417
4514
4611
4708
4805
4902
4999
70
174
278
382
486
590
694
798
902
1006
1110
1214
1318
1422
1526
1630
1734
1838
1942
2046
2150
2254
2358
2461
2564
2667
2769
2866
2963
3060
3157
3254
3351
3448
3545
3642
3739
3836
3933
4030
4127
4224
4321
4418
4515
4612
4709
4806
4903
5000
71
175
279
383
487
591
695
799
903
1007
1111
1215
1319
1423
1527
1631
1735
1839
1943
2047
2151
2255
2359
2462
2565
2668
2770
2867
2964
3061
3158
3255
3352
3449
3546
3643
3740
3837
3934
4031
4128
4225
4322
4419
4516
4613
4710
4807
4904
5001
72
176
280
384
488
592
696
800
904
1008
1112
1216
1320
1424
1528
1632
1736
1840
1944
2048
2152
2256
2360
2463
2566
2669
2771
2868
2965
3062
3159
3256
3353
3450
3547
3644
3741
3838
3935
4032
4129
4226
4323
4420
4517
4614
4711
4808
4905
5002
73
177
281
385
489
593
697
801
905
1009
1113
1217
1321
1425
1529
1633
1737
1841
1945
2049
2153
2257
2361
2464
2567
2670
2772
2869
2966
3063
3160
3257
3354
3451
3548
3645
3742
3839
3936
4033
4130
4227
4324
4421
4518
4615
4712
4809
4906
5003
74
178
282
386
490
594
698
802
906
1010
1114
1218
1322
1426
1530
1634
1738
1842
1946
2050
2154
2258
2362
2465
2568
2671
2773
2870
2967
3064
3161
3258
3355
3452
3549
3646
3743
3840
3937
4034
4131
4228
4325
4422
4519
4616
4713
4810
4907
5004
75
179
283
387
491
595
699
803
907
1011
1115
1219
1323
1427
1531
1635
1739
1843
1947
2051
2155
2259
2363
2466
2569
2672
2774
2871
2968
3065
3162
3259
3356
3453
3550
3647
3744
3841
3938
4035
4132
4229
4326
4423
4520
4617
4714
4811
4908
5005
76
180
284
388
492
596
700
804
908
1012
1116
1220
1324
1428
1532
1636
1740
1844
1948
2052
2156
2260
2364
2467
2570
2673
2775
2872
2969
3066
3163
3260
3357
3454
3551
3648
3745
3842
3939
4036
4133
4230
4327
4424
4521
4618
4715
4812
4909
5006
77
181
285
389
493
597
701
805
909
1013
1117
1221
1325
1429
1533
1637
1741
1845
1949
2053
2157
2261
2365
2468
2571
2674
2776
2873
2970
3067
3164
3261
3358
3455
3552
3649
3746
3843
3940
4037
4134
4231
4328
4425
4522
4619
4716
4813
4910
5007
78
182
286
390
494
598
702
806
910
1014
1118
1222
1326
1430
1534
1638
1742
1846
1950
2054
2158
2262
2366
2469
2572
2675
2777
2874
2971
3068
3165
3262
3359
3456
3553
3650
3747
3844
3941
4038
4135
4232
4329
4426
4523
4620
4717
4814
4911
5008
79
183
287
391
495
599
703
807
911
1015
1119
1223
1327
1431
1535
1639
1743
1847
1951
2055
2159
2263
2367
2470
2573
2676
2778
2875
2972
3069
3166
3263
3360
3457
3554
3651
3748
3845
3942
4039
4136
4233
4330
4427
4524
4621
4718
4815
4912
5009
80
184
288
392
496
600
704
808
912
1016
1120
1224
1328
1432
1536
1640
1744
1848
1952
2056
2160
2264
2368
2471
2574
2677
2779
2876
2973
3070
3167
3264
3361
3458
3555
3652
3749
3846
3943
4040
4137
4234
4331
4428
4525
4622
4719
4816
4913
5010
81
185
289
393
497
601
705
809
913
1017
1121
1225
1329
1433
1537
1641
1745
1849
1953
2057
2161
2265
2369
2472
2575
2678
2780
2877
2974
3071
3168
3265
3362
3459
3556
3653
3750
3847
3944
4041
4138
4235
4332
4429
4526
4623
4720
4817
4914
5011
82
186
290
394
498
602
706
810
914
1018
1122
1226
1330
1434
1538
1642
1746
1850
1954
2058
2162
2266
2370
2473
2576
2679
2781
2878
2975
3072
3169
3266
3363
3460
3557
3654
3751
3848
3945
4042
4139
4236
4333
4430
4527
4624
4721
4818
4915
5012
83
187
291
395
499
603
707
811
915
1019
1123
1227
1331
1435
1539
1643
1747
1851
1955
2059
2163
2267
2371
2474
2577
2680
2782
2879
2976
3073
3170
3267
3364
3461
3558
3655
3752
3849
3946
4043
4140
4237
4334
4431
4528
4625
4722
4819
4916
5013
84
188
292
396
500
604
708
812
916
1020
1124
1228
1332
1436
1540
1644
1748
1852
1956
2060
2164
2268
2372
2475
2578
2681
2783
2880
2977
3074
3171
3268
3365
3462
3559
3656
3753
3850
3947
4044
4141
4238
4335
4432
4529
4626
4723
4820
4917
5014
85
189
293
397
501
605
709
813
917
1021
1125
1229
1333
1437
1541
1645
1749
1853
1957
2061
2165
2269
2373
2476
2579
2682
2784
2881
2978
3075
3172
3269
3366
3463
3560
3657
3754
3851
3948
4045
4142
4239
4336
4433
4530
4627
4724
4821
4918
5015
86
190
294
398
502
606
710
814
918
1022
1126
1230
1334
1438
1542
1646
1750
1854
1958
2062
2166
2270
2374
2477
2580
2683
2785
2882
2979
3076
3173
3270
3367
3464
3561
3658
3755
3852
3949
4046
4143
4240
4337
4434
4531
4628
4725
4822
4919
5016
87
191
295
399
503
607
711
815
919
1023
1127
1231
1335
1439
1543
1647
1751
1855
1959
2063
2167
2271
2375
2478
2581
2684
2786
2883
2980
3077
3174
3271
3368
3465
3562
3659
3756
3853
3950
4047
4144
4241
4338
4435
4532
4629
4726
4823
4920
5017
88
192
296
400
504
608
712
816
920
1024
1128
1232
1336
1440
1544
1648
1752
1856
1960
2064
2168
2272
2376
2479
2582
2685
2787
2884
2981
3078
3175
3272
3369
3466
3563
3660
3757
3854
3951
4048
4145
4242
4339
4436
4533
4630
4727
4824
4921
5018
89
193
297
401
505
609
713
817
921
1025
1129
1233
1337
1441
1545
1649
1753
1857
1961
2065
2169
2273
2377
2480
2583
2686
2788
2885
2982
3079
3176
3273
3370
3467
3564
3661
3758
3855
3952
4049
4146
4243
4340
4437
4534
4631
4728
4825
4922
5019
90
194
298
402
506
610
714
818
922
1026
1130
1234
1338
1442
1546
1650
1754
1858
1962
2066
2170
2274
2378
2481
2584
2687
2789
2886
2983
3080
3177
3274
3371
3468
3565
3662
3759
3856
3953
4050
4147
4244
4341
4438
4535
4632
4729
4826
4923
5020
91
195
299
403
507
611
715
819
923
1027
1131
1235
1339
1443
1547
1651
1755
1859
1963
2067
2171
2275
2379
2482
2585
2688
2790
2887
2984
3081
3178
3275
3372
3469
3566
3663
3760
3857
3954
4051
4148
4245
4342
4439
4536
4633
4730
4827
4924
5021
92
196
300
404
508
612
716
820
924
1028
1132
1236
1340
1444
1548
1652
1756
1860
1964
2068
2172
2276
2380
2483
2586
2689
2791
2888
2985
3082
3179
3276
3373
3470
3567
3664
3761
3858
3955
4052
4149
4246
4343
4440
4537
4634
4731
4828
4925
5022
93
197
301
405
509
613
717
821
925
1029
1133
1237
1341
1445
1549
1653
1757
1861
1965
2069
2173
2277
2381
2484
2587
2690
2792
2889
2986
3083
3180
3277
3374
3471
3568
3665
3762
3859
3956
4053
4150
4247
4344
4441
4538
4635
4732
4829
4926
5023
94
198
302
406
510
614
718
822
926
1030
1134
1238
1342
1446
1550
1654
1758
1862
1966
2070
2174
2278
2382
2485
2588
2691
2793
2890
2987
3084
3181
3278
3375
3472
3569
3666
3763
3860
3957
4054
4151
4248
4345
4442
4539
4636
4733
4830
4927
5024
95
199
303
407
511
615
719
823
927
1031
1135
1239
1343
1447
1551
1655
1759
1863
1967
2071
2175
2279
2383
2486
2589
2692
2794
2891
2988
3085
3182
3279
3376
3473
3570
3667
3764
3861
3958
4055
4152
4249
4346
4443
4540
4637
4734
4831
4928
5025
96
200
304
408
512
616
720
824
928
1032
1136
1240
1344
1448
1552
1656
1760
1864
1968
2072
2176
2280
2384
2487
2590
2693
2795
2892
2989
3086
3183
3280
3377
3474
3571
3668
3765
3862
3959
4056
4153
4250
4347
4444
4541
4638
4735
4832
4929
5026
97
201
305
409
513
617
721
825
929
1033
1137
1241
1345
1449
1553
1657
1761
1865
1969
2073
2177
2281
2385
2488
2591
2694
98
202
306
410
514
618
722
826
930
1034
1138
1242
1346
1450
1554
1658
1762
1866
1970
2074
2178
2282
2386
2489
2592
2695
99
203
307
411
515
619
723
827
931
1035
1139
1243
1347
1451
1555
1659
1763
1867
1971
2075
2179
2283
2387
2490
2593
2696
100
204
308
412
516
620
724
828
932
1036
1140
1244
1348
1452
1556
1660
1764
1868
1972
2076
2180
2284
2388
2491
2594
2697
101
205
309
413
517
621
725
829
933
1037
1141
1245
1349
1453
1557
1661
1765
1869
1973
2077
2181
2285
2389
2492
2595
2698
102
206
310
414
518
622
726
830
934
1038
1142
1246
1350
1454
1558
1662
1766
1870
1974
2078
2182
2286
2390
2493
2596
103
207
311
415
519
623
727
831
935
1039
1143
1247
1351
1455
1559
1663
1767
1871
1975
2079
2183
2287
4930
4931
4932
4933
4934
4935
4936
4937
4938
4939
4940
4941
4942
4943
4944
4945
4946
4947
4948
4949
4950
4951
4952
4953
4954
4955
4956
4957
4958
4959
4960
4961
4962
4963
4964
4965
4966
4967
4968
4969
4970
4971
4972
4973
4974
4975
4976
4977
4978
4979
4980
4981
4982
4983
4984
4985
4986
4987
4988
4989
4990
4991
4992
4993
4994
4995
4996
4997
4998
4999
5000
5001
5002
5003
5004
5005
5006
5007
5008
5009
5010
5011
5012
5013
5014
5015
5016
5017
5018
5019
5020
5021
5022
5023
5024
5025
5026
103
207
311
415
519
623
727
831
935
1039
1143
1247
1351
1455
1559
1663
1767
1871
1975
2079
2183
2287
2287
2390
2493
2596
2596
2694
2695
2696
2697
2698
2698
2795
2892
2989
3086
3183
3280
3377
3474
3571
3668
3765
3862
3959
4056
4153
4250
4347
4444
4541
4638
4735
4832
4929
5026
0
104
208
312
416
520
624
728
832
936
1040
1144
1248
1352
1456
1560
1664
1768
1872
1976
2080
2184
2288
2391
2494
2597
2699
2796
2893
2990
3087
3184
3281
3378
3475
3572
3669
3766
3863
3960
4057
4154
4251
4348
4445
4542
4639
4736
4833
4930
)


// ************************************************************************* //
