/*--------------------------------*- C++ -*----------------------------------*\
  =========                 |
  \\      /  F ield         | OpenFOAM: The Open Source CFD Toolbox
   \\    /   O peration     | Website:  https://openfoam.org
    \\  /    A nd           | Version:  7
     \\/     M anipulation  |
\*---------------------------------------------------------------------------*/
FoamFile
{
    version     2.0;
    format      ascii;
    class       volScalarField;
    location    "0.4/solid";
    object      Tsolid;
}
// * * * * * * * * * * * * * * * * * * * * * * * * * * * * * * * * * * * * * //

dimensions      [0 0 0 1 0 0 0];

internalField   nonuniform List<scalar> 
1600
(
304.486
304.372
304.258
304.145
304.031
303.918
303.804
303.691
303.577
303.464
303.35
303.236
303.123
303.009
302.896
302.782
302.669
302.555
302.441
302.328
302.214
302.101
301.987
301.874
301.76
301.647
301.533
301.419
301.306
301.192
301.079
300.965
300.852
300.738
300.625
300.511
300.397
300.284
300.17
300.057
304.486
304.372
304.258
304.145
304.031
303.918
303.804
303.691
303.577
303.464
303.35
303.236
303.123
303.009
302.896
302.782
302.669
302.555
302.441
302.328
302.214
302.101
301.987
301.874
301.76
301.647
301.533
301.419
301.306
301.192
301.079
300.965
300.852
300.738
300.625
300.511
300.397
300.284
300.17
300.057
304.486
304.372
304.258
304.145
304.031
303.918
303.804
303.691
303.577
303.464
303.35
303.236
303.123
303.009
302.896
302.782
302.669
302.555
302.441
302.328
302.214
302.101
301.987
301.874
301.76
301.647
301.533
301.419
301.306
301.192
301.079
300.965
300.852
300.738
300.625
300.511
300.397
300.284
300.17
300.057
304.486
304.372
304.258
304.145
304.031
303.918
303.804
303.691
303.577
303.464
303.35
303.236
303.123
303.009
302.896
302.782
302.669
302.555
302.441
302.328
302.214
302.101
301.987
301.874
301.76
301.647
301.533
301.419
301.306
301.192
301.079
300.965
300.852
300.738
300.625
300.511
300.397
300.284
300.17
300.057
304.486
304.372
304.258
304.145
304.031
303.918
303.804
303.691
303.577
303.464
303.35
303.236
303.123
303.009
302.896
302.782
302.669
302.555
302.441
302.328
302.214
302.101
301.987
301.874
301.76
301.647
301.533
301.419
301.306
301.192
301.079
300.965
300.852
300.738
300.625
300.511
300.397
300.284
300.17
300.057
304.486
304.372
304.258
304.145
304.031
303.918
303.804
303.691
303.577
303.464
303.35
303.236
303.123
303.009
302.896
302.782
302.669
302.555
302.441
302.328
302.214
302.101
301.987
301.874
301.76
301.647
301.533
301.419
301.306
301.192
301.079
300.965
300.852
300.738
300.625
300.511
300.397
300.284
300.17
300.057
304.486
304.372
304.258
304.145
304.031
303.918
303.804
303.691
303.577
303.464
303.35
303.236
303.123
303.009
302.896
302.782
302.669
302.555
302.441
302.328
302.214
302.101
301.987
301.874
301.76
301.647
301.533
301.419
301.306
301.192
301.079
300.965
300.852
300.738
300.625
300.511
300.397
300.284
300.17
300.057
304.486
304.372
304.258
304.145
304.031
303.918
303.804
303.691
303.577
303.464
303.35
303.236
303.123
303.009
302.896
302.782
302.669
302.555
302.441
302.328
302.214
302.101
301.987
301.874
301.76
301.647
301.533
301.419
301.306
301.192
301.079
300.965
300.852
300.738
300.625
300.511
300.397
300.284
300.17
300.057
304.486
304.372
304.258
304.145
304.031
303.918
303.804
303.691
303.577
303.464
303.35
303.236
303.123
303.009
302.896
302.782
302.669
302.555
302.441
302.328
302.214
302.101
301.987
301.874
301.76
301.647
301.533
301.419
301.306
301.192
301.079
300.965
300.852
300.738
300.625
300.511
300.397
300.284
300.17
300.057
304.486
304.372
304.258
304.145
304.031
303.918
303.804
303.691
303.577
303.464
303.35
303.236
303.123
303.009
302.896
302.782
302.669
302.555
302.441
302.328
302.214
302.101
301.987
301.874
301.76
301.647
301.533
301.419
301.306
301.192
301.079
300.965
300.852
300.738
300.625
300.511
300.397
300.284
300.17
300.057
304.486
304.372
304.258
304.145
304.031
303.918
303.804
303.691
303.577
303.464
303.35
303.236
303.123
303.009
302.896
302.782
302.669
302.555
302.441
302.328
302.214
302.101
301.987
301.874
301.76
301.647
301.533
301.419
301.306
301.192
301.079
300.965
300.852
300.738
300.625
300.511
300.397
300.284
300.17
300.057
304.486
304.372
304.258
304.145
304.031
303.918
303.804
303.691
303.577
303.464
303.35
303.236
303.123
303.009
302.896
302.782
302.669
302.555
302.441
302.328
302.214
302.101
301.987
301.874
301.76
301.647
301.533
301.419
301.306
301.192
301.079
300.965
300.852
300.738
300.625
300.511
300.397
300.284
300.17
300.057
304.486
304.372
304.258
304.145
304.031
303.918
303.804
303.691
303.577
303.464
303.35
303.236
303.123
303.009
302.896
302.782
302.669
302.555
302.441
302.328
302.214
302.101
301.987
301.874
301.76
301.647
301.533
301.419
301.306
301.192
301.079
300.965
300.852
300.738
300.625
300.511
300.397
300.284
300.17
300.057
304.486
304.372
304.258
304.145
304.031
303.918
303.804
303.691
303.577
303.464
303.35
303.236
303.123
303.009
302.896
302.782
302.669
302.555
302.441
302.328
302.214
302.101
301.987
301.874
301.76
301.647
301.533
301.419
301.306
301.192
301.079
300.965
300.852
300.738
300.625
300.511
300.397
300.284
300.17
300.057
304.486
304.372
304.258
304.145
304.031
303.918
303.804
303.691
303.577
303.464
303.35
303.236
303.123
303.009
302.896
302.782
302.669
302.555
302.441
302.328
302.214
302.101
301.987
301.874
301.76
301.647
301.533
301.419
301.306
301.192
301.079
300.965
300.852
300.738
300.625
300.511
300.397
300.284
300.17
300.057
304.486
304.372
304.258
304.145
304.031
303.918
303.804
303.691
303.577
303.464
303.35
303.236
303.123
303.009
302.896
302.782
302.669
302.555
302.441
302.328
302.214
302.101
301.987
301.874
301.76
301.647
301.533
301.419
301.306
301.192
301.079
300.965
300.852
300.738
300.625
300.511
300.397
300.284
300.17
300.057
304.486
304.372
304.258
304.145
304.031
303.918
303.804
303.691
303.577
303.464
303.35
303.236
303.123
303.009
302.896
302.782
302.669
302.555
302.441
302.328
302.214
302.101
301.987
301.874
301.76
301.647
301.533
301.419
301.306
301.192
301.079
300.965
300.852
300.738
300.625
300.511
300.397
300.284
300.17
300.057
304.486
304.372
304.258
304.145
304.031
303.918
303.804
303.691
303.577
303.464
303.35
303.236
303.123
303.009
302.896
302.782
302.669
302.555
302.441
302.328
302.214
302.101
301.987
301.874
301.76
301.647
301.533
301.419
301.306
301.192
301.079
300.965
300.852
300.738
300.625
300.511
300.397
300.284
300.17
300.057
304.486
304.372
304.258
304.145
304.031
303.918
303.804
303.691
303.577
303.464
303.35
303.236
303.123
303.009
302.896
302.782
302.669
302.555
302.441
302.328
302.214
302.101
301.987
301.874
301.76
301.647
301.533
301.419
301.306
301.192
301.079
300.965
300.852
300.738
300.625
300.511
300.397
300.284
300.17
300.057
304.486
304.372
304.258
304.145
304.031
303.918
303.804
303.691
303.577
303.464
303.35
303.236
303.123
303.009
302.896
302.782
302.669
302.555
302.441
302.328
302.214
302.101
301.987
301.874
301.76
301.647
301.533
301.419
301.306
301.192
301.079
300.965
300.852
300.738
300.625
300.511
300.397
300.284
300.17
300.057
304.486
304.372
304.258
304.145
304.031
303.918
303.804
303.691
303.577
303.464
303.35
303.236
303.123
303.009
302.896
302.782
302.669
302.555
302.441
302.328
302.214
302.101
301.987
301.874
301.76
301.647
301.533
301.419
301.306
301.192
301.079
300.965
300.852
300.738
300.625
300.511
300.397
300.284
300.17
300.057
304.486
304.372
304.258
304.145
304.031
303.918
303.804
303.691
303.577
303.464
303.35
303.236
303.123
303.009
302.896
302.782
302.669
302.555
302.441
302.328
302.214
302.101
301.987
301.874
301.76
301.647
301.533
301.419
301.306
301.192
301.079
300.965
300.852
300.738
300.625
300.511
300.397
300.284
300.17
300.057
304.486
304.372
304.258
304.145
304.031
303.918
303.804
303.691
303.577
303.464
303.35
303.236
303.123
303.009
302.896
302.782
302.669
302.555
302.441
302.328
302.214
302.101
301.987
301.874
301.76
301.647
301.533
301.419
301.306
301.192
301.079
300.965
300.852
300.738
300.625
300.511
300.397
300.284
300.17
300.057
304.486
304.372
304.258
304.145
304.031
303.918
303.804
303.691
303.577
303.464
303.35
303.236
303.123
303.009
302.896
302.782
302.669
302.555
302.441
302.328
302.214
302.101
301.987
301.874
301.76
301.647
301.533
301.419
301.306
301.192
301.079
300.965
300.852
300.738
300.625
300.511
300.397
300.284
300.17
300.057
304.486
304.372
304.258
304.145
304.031
303.918
303.804
303.691
303.577
303.464
303.35
303.236
303.123
303.009
302.896
302.782
302.669
302.555
302.441
302.328
302.214
302.101
301.987
301.874
301.76
301.647
301.533
301.419
301.306
301.192
301.079
300.965
300.852
300.738
300.625
300.511
300.397
300.284
300.17
300.057
304.486
304.372
304.258
304.145
304.031
303.918
303.804
303.691
303.577
303.464
303.35
303.236
303.123
303.009
302.896
302.782
302.669
302.555
302.441
302.328
302.214
302.101
301.987
301.874
301.76
301.647
301.533
301.419
301.306
301.192
301.079
300.965
300.852
300.738
300.625
300.511
300.397
300.284
300.17
300.057
304.486
304.372
304.258
304.145
304.031
303.918
303.804
303.691
303.577
303.464
303.35
303.236
303.123
303.009
302.896
302.782
302.669
302.555
302.441
302.328
302.214
302.101
301.987
301.874
301.76
301.647
301.533
301.419
301.306
301.192
301.079
300.965
300.852
300.738
300.625
300.511
300.397
300.284
300.17
300.057
304.486
304.372
304.258
304.145
304.031
303.918
303.804
303.691
303.577
303.464
303.35
303.236
303.123
303.009
302.896
302.782
302.669
302.555
302.441
302.328
302.214
302.101
301.987
301.874
301.76
301.647
301.533
301.419
301.306
301.192
301.079
300.965
300.852
300.738
300.625
300.511
300.397
300.284
300.17
300.057
304.486
304.372
304.258
304.145
304.031
303.918
303.804
303.691
303.577
303.464
303.35
303.236
303.123
303.009
302.896
302.782
302.669
302.555
302.441
302.328
302.214
302.101
301.987
301.874
301.76
301.647
301.533
301.419
301.306
301.192
301.079
300.965
300.852
300.738
300.625
300.511
300.397
300.284
300.17
300.057
304.486
304.372
304.258
304.145
304.031
303.918
303.804
303.691
303.577
303.464
303.35
303.236
303.123
303.009
302.896
302.782
302.669
302.555
302.441
302.328
302.214
302.101
301.987
301.874
301.76
301.647
301.533
301.419
301.306
301.192
301.079
300.965
300.852
300.738
300.625
300.511
300.397
300.284
300.17
300.057
304.486
304.372
304.258
304.145
304.031
303.918
303.804
303.691
303.577
303.464
303.35
303.236
303.123
303.009
302.896
302.782
302.669
302.555
302.441
302.328
302.214
302.101
301.987
301.874
301.76
301.647
301.533
301.419
301.306
301.192
301.079
300.965
300.852
300.738
300.625
300.511
300.397
300.284
300.17
300.057
304.486
304.372
304.258
304.145
304.031
303.918
303.804
303.691
303.577
303.464
303.35
303.236
303.123
303.009
302.896
302.782
302.669
302.555
302.441
302.328
302.214
302.101
301.987
301.874
301.76
301.647
301.533
301.419
301.306
301.192
301.079
300.965
300.852
300.738
300.625
300.511
300.397
300.284
300.17
300.057
304.486
304.372
304.258
304.145
304.031
303.918
303.804
303.691
303.577
303.464
303.35
303.236
303.123
303.009
302.896
302.782
302.669
302.555
302.441
302.328
302.214
302.101
301.987
301.874
301.76
301.647
301.533
301.419
301.306
301.192
301.079
300.965
300.852
300.738
300.625
300.511
300.397
300.284
300.17
300.057
304.486
304.372
304.258
304.145
304.031
303.918
303.804
303.691
303.577
303.464
303.35
303.236
303.123
303.009
302.896
302.782
302.669
302.555
302.441
302.328
302.214
302.101
301.987
301.874
301.76
301.647
301.533
301.419
301.306
301.192
301.079
300.965
300.852
300.738
300.625
300.511
300.397
300.284
300.17
300.057
304.486
304.372
304.258
304.145
304.031
303.918
303.804
303.691
303.577
303.464
303.35
303.236
303.123
303.009
302.896
302.782
302.669
302.555
302.441
302.328
302.214
302.101
301.987
301.874
301.76
301.647
301.533
301.419
301.306
301.192
301.079
300.965
300.852
300.738
300.625
300.511
300.397
300.284
300.17
300.057
304.486
304.372
304.258
304.145
304.031
303.918
303.804
303.691
303.577
303.464
303.35
303.236
303.123
303.009
302.896
302.782
302.669
302.555
302.441
302.328
302.214
302.101
301.987
301.874
301.76
301.647
301.533
301.419
301.306
301.192
301.079
300.965
300.852
300.738
300.625
300.511
300.397
300.284
300.17
300.057
304.486
304.372
304.258
304.145
304.031
303.918
303.804
303.691
303.577
303.464
303.35
303.236
303.123
303.009
302.896
302.782
302.669
302.555
302.441
302.328
302.214
302.101
301.987
301.874
301.76
301.647
301.533
301.419
301.306
301.192
301.079
300.965
300.852
300.738
300.625
300.511
300.397
300.284
300.17
300.057
304.486
304.372
304.258
304.145
304.031
303.918
303.804
303.691
303.577
303.464
303.35
303.236
303.123
303.009
302.896
302.782
302.669
302.555
302.441
302.328
302.214
302.101
301.987
301.874
301.76
301.647
301.533
301.419
301.306
301.192
301.079
300.965
300.852
300.738
300.625
300.511
300.397
300.284
300.17
300.057
304.486
304.372
304.258
304.145
304.031
303.918
303.804
303.691
303.577
303.464
303.35
303.236
303.123
303.009
302.896
302.782
302.669
302.555
302.441
302.328
302.214
302.101
301.987
301.874
301.76
301.647
301.533
301.419
301.306
301.192
301.079
300.965
300.852
300.738
300.625
300.511
300.397
300.284
300.17
300.057
304.486
304.372
304.258
304.145
304.031
303.918
303.804
303.691
303.577
303.464
303.35
303.236
303.123
303.009
302.896
302.782
302.669
302.555
302.441
302.328
302.214
302.101
301.987
301.874
301.76
301.647
301.533
301.419
301.306
301.192
301.079
300.965
300.852
300.738
300.625
300.511
300.397
300.284
300.17
300.057
)
;

boundaryField
{
    topWall
    {
        type            zeroGradient;
    }
    rightWall
    {
        type            fixedValue;
        value           uniform 300;
    }
    bottomWall
    {
        type            zeroGradient;
    }
    frontAndBack
    {
        type            empty;
    }
    solid_to_region0
    {
        type            compressible::turbulentTemperatureCoupledBaffleMixed;
        refValue        nonuniform List<scalar> 
40
(
305.11
305.11
305.11
305.11
305.11
305.11
305.11
305.11
305.11
305.11
305.11
305.11
305.11
305.11
305.11
305.11
305.11
305.11
305.11
305.11
305.11
305.11
305.11
305.11
305.11
305.11
305.11
305.11
305.11
305.11
305.11
305.11
305.11
305.11
305.11
305.11
305.11
305.11
305.11
305.11
)
;
        refGradient     uniform 0;
        valueFraction   nonuniform List<scalar> 
40
(
0.0909091
0.0909091
0.0909091
0.0909091
0.0909091
0.0909091
0.0909091
0.0909091
0.0909091
0.0909091
0.0909091
0.0909091
0.0909091
0.0909091
0.0909091
0.0909091
0.0909091
0.0909091
0.0909091
0.0909091
0.0909091
0.0909091
0.0909091
0.0909091
0.0909091
0.0909091
0.0909091
0.0909091
0.0909091
0.0909091
0.0909091
0.0909091
0.0909091
0.0909091
0.0909091
0.0909091
0.0909091
0.0909091
0.0909091
0.0909091
)
;
        value           nonuniform List<scalar> 
40
(
304.542
304.542
304.542
304.542
304.542
304.542
304.542
304.542
304.542
304.542
304.542
304.542
304.542
304.542
304.542
304.542
304.542
304.542
304.542
304.542
304.542
304.542
304.542
304.542
304.542
304.542
304.542
304.542
304.542
304.542
304.542
304.542
304.542
304.542
304.542
304.542
304.542
304.542
304.542
304.542
)
;
        Tnbr            Tair;
        thicknessLayers 0();
        kappaLayers     0();
        kappaMethod     lookup;
        kappa           kappaSolid;
        alphaAni        Anialpha;
    }
}


// ************************************************************************* //
