/*--------------------------------*- C++ -*----------------------------------*\
  =========                 |
  \\      /  F ield         | OpenFOAM: The Open Source CFD Toolbox
   \\    /   O peration     | Website:  https://openfoam.org
    \\  /    A nd           | Version:  7
     \\/     M anipulation  |
\*---------------------------------------------------------------------------*/
FoamFile
{
    version     2.0;
    format      ascii;
    class       labelList;
    location    "constant/region1/polyMesh";
    object      cellRegionAddressing;
}
// * * * * * * * * * * * * * * * * * * * * * * * * * * * * * * * * * * * * * //


400
(
0
1
2
3
4
5
6
7
8
9
10
11
12
13
14
15
16
17
18
19
40
41
42
43
44
45
46
47
48
49
50
51
52
53
54
55
56
57
58
59
80
81
82
83
84
85
86
87
88
89
90
91
92
93
94
95
96
97
98
99
120
121
122
123
124
125
126
127
128
129
130
131
132
133
134
135
136
137
138
139
160
161
162
163
164
165
166
167
168
169
170
171
172
173
174
175
176
177
178
179
200
201
202
203
204
205
206
207
208
209
210
211
212
213
214
215
216
217
218
219
240
241
242
243
244
245
246
247
248
249
250
251
252
253
254
255
256
257
258
259
280
281
282
283
284
285
286
287
288
289
290
291
292
293
294
295
296
297
298
299
320
321
322
323
324
325
326
327
328
329
330
331
332
333
334
335
336
337
338
339
360
361
362
363
364
365
366
367
368
369
370
371
372
373
374
375
376
377
378
379
400
401
402
403
404
405
406
407
408
409
410
411
412
413
414
415
416
417
418
419
440
441
442
443
444
445
446
447
448
449
450
451
452
453
454
455
456
457
458
459
480
481
482
483
484
485
486
487
488
489
490
491
492
493
494
495
496
497
498
499
520
521
522
523
524
525
526
527
528
529
530
531
532
533
534
535
536
537
538
539
560
561
562
563
564
565
566
567
568
569
570
571
572
573
574
575
576
577
578
579
600
601
602
603
604
605
606
607
608
609
610
611
612
613
614
615
616
617
618
619
640
641
642
643
644
645
646
647
648
649
650
651
652
653
654
655
656
657
658
659
680
681
682
683
684
685
686
687
688
689
690
691
692
693
694
695
696
697
698
699
720
721
722
723
724
725
726
727
728
729
730
731
732
733
734
735
736
737
738
739
760
761
762
763
764
765
766
767
768
769
770
771
772
773
774
775
776
777
778
779
)


// ************************************************************************* //
