/*--------------------------------*- C++ -*----------------------------------*\
  =========                 |
  \\      /  F ield         | OpenFOAM: The Open Source CFD Toolbox
   \\    /   O peration     | Website:  https://openfoam.org
    \\  /    A nd           | Version:  7
     \\/     M anipulation  |
\*---------------------------------------------------------------------------*/
FoamFile
{
    version     2.0;
    format      ascii;
    class       labelList;
    note        "nPoints: 10226 nCells: 4960 nFaces: 19992 nInternalFaces: 9768";
    location    "constant/dielectric/polyMesh";
    object      neighbour;
}
// * * * * * * * * * * * * * * * * * * * * * * * * * * * * * * * * * * * * * //


9768
(
1
97
2
98
3
99
4
100
5
101
6
102
7
103
8
104
9
105
10
106
11
107
12
108
13
109
14
110
15
111
16
112
17
113
18
114
19
115
20
116
21
117
22
118
23
119
24
120
25
121
26
122
27
123
28
124
29
125
30
126
31
127
32
128
33
129
34
130
35
131
36
132
37
133
38
134
39
135
40
136
41
137
42
138
43
139
44
140
45
141
46
142
47
143
48
144
49
145
50
146
51
147
52
148
53
149
54
150
55
151
56
152
57
153
58
154
59
155
60
156
61
157
62
158
63
159
64
160
65
161
66
162
67
163
68
164
69
165
70
166
71
167
72
168
73
169
74
170
75
171
76
172
77
173
78
174
79
175
80
176
81
177
82
178
83
179
84
180
85
181
86
182
87
183
88
184
89
185
90
186
91
187
92
188
93
189
94
190
95
191
96
192
193
98
194
99
195
100
196
101
197
102
198
103
199
104
200
105
201
106
202
107
203
108
204
109
205
110
206
111
207
112
208
113
209
114
210
115
211
116
212
117
213
118
214
119
215
120
216
121
217
122
218
123
219
124
220
125
221
126
222
127
223
128
224
129
225
130
226
131
227
132
228
133
229
134
230
135
231
136
232
137
233
138
234
139
235
140
236
141
237
142
238
143
239
144
240
145
241
146
242
147
243
148
244
149
245
150
246
151
247
152
248
153
249
154
250
155
251
156
252
157
253
158
254
159
255
160
256
161
257
162
258
163
259
164
260
165
261
166
262
167
263
168
264
169
265
170
266
171
267
172
268
173
269
174
270
175
271
176
272
177
273
178
274
179
275
180
276
181
277
182
278
183
279
184
280
185
281
186
282
187
283
188
284
189
285
190
286
191
287
192
288
193
289
290
195
291
196
292
197
293
198
294
199
295
200
296
201
297
202
298
203
299
204
300
205
301
206
302
207
303
208
304
209
305
210
306
211
307
212
308
213
309
214
310
215
311
216
312
217
313
218
314
219
315
220
316
221
317
222
318
223
319
224
320
225
321
226
322
227
323
228
324
229
325
230
326
231
327
232
328
233
329
234
330
235
331
236
332
237
333
238
334
239
335
240
336
241
337
242
338
243
339
244
340
245
341
246
342
247
343
248
344
249
345
250
346
251
347
252
348
253
349
254
350
255
351
256
352
257
353
258
354
259
355
260
356
261
357
262
358
263
359
264
360
265
361
266
362
267
363
268
364
269
365
270
366
271
367
272
368
273
369
274
370
275
371
276
372
277
373
278
374
279
375
280
376
281
377
282
378
283
379
284
380
285
381
286
382
287
383
288
384
289
385
290
386
387
292
388
293
389
294
390
295
391
296
392
297
393
298
394
299
395
300
396
301
397
302
398
303
399
304
400
305
401
306
402
307
403
308
404
309
405
310
406
311
407
312
408
313
409
314
410
315
411
316
412
317
413
318
414
319
415
320
416
321
417
322
418
323
419
324
420
325
421
326
422
327
423
328
424
329
425
330
426
331
427
332
428
333
429
334
430
335
431
336
432
337
433
338
434
339
435
340
436
341
437
342
438
343
439
344
440
345
441
346
442
347
443
348
444
349
445
350
446
351
447
352
448
353
449
354
450
355
451
356
452
357
453
358
454
359
455
360
456
361
457
362
458
363
459
364
460
365
461
366
462
367
463
368
464
369
465
370
466
371
467
372
468
373
469
374
470
375
471
376
472
377
473
378
474
379
475
380
476
381
477
382
478
383
479
384
480
385
481
386
482
387
483
484
389
485
390
486
391
487
392
488
393
489
394
490
395
491
396
492
397
493
398
494
399
495
400
496
401
497
402
498
403
499
404
500
405
501
406
502
407
503
408
504
409
505
410
506
411
507
412
508
413
509
414
510
415
511
416
512
417
513
418
514
419
515
420
516
421
517
422
518
423
519
424
520
425
521
426
522
427
523
428
524
429
525
430
526
431
527
432
528
433
529
434
530
435
531
436
532
437
533
438
534
439
535
440
536
441
537
442
538
443
539
444
540
445
541
446
542
447
543
448
544
449
545
450
546
451
547
452
548
453
549
454
550
455
551
456
552
457
553
458
554
459
555
460
556
461
557
462
558
463
559
464
560
465
561
466
562
467
563
468
564
469
565
470
566
471
567
472
568
473
569
474
570
475
571
476
572
477
573
478
574
479
575
480
576
481
577
482
578
483
579
484
580
581
486
582
487
583
488
584
489
585
490
586
491
587
492
588
493
589
494
590
495
591
496
592
497
593
498
594
499
595
500
596
501
597
502
598
503
599
504
600
505
601
506
602
507
603
508
604
509
605
510
606
511
607
512
608
513
609
514
610
515
611
516
612
517
613
518
614
519
615
520
616
521
617
522
618
523
619
524
620
525
621
526
622
527
623
528
624
529
625
530
626
531
627
532
628
533
629
534
630
535
631
536
632
537
633
538
634
539
635
540
636
541
637
542
638
543
639
544
640
545
641
546
642
547
643
548
644
549
645
550
646
551
647
552
648
553
649
554
650
555
651
556
652
557
653
558
654
559
655
560
656
561
657
562
658
563
659
564
660
565
661
566
662
567
663
568
664
569
665
570
666
571
667
572
668
573
669
574
670
575
671
576
672
577
673
578
674
579
675
580
676
581
677
678
583
679
584
680
585
681
586
682
587
683
588
684
589
685
590
686
591
687
592
688
593
689
594
690
595
691
596
692
597
693
598
694
599
695
600
696
601
697
602
698
603
699
604
700
605
701
606
702
607
703
608
704
609
705
610
706
611
707
612
708
613
709
614
710
615
711
616
712
617
713
618
714
619
715
620
716
621
717
622
718
623
719
624
720
625
721
626
722
627
723
628
724
629
725
630
726
631
727
632
728
633
729
634
730
635
731
636
732
637
733
638
734
639
735
640
736
641
737
642
738
643
739
644
740
645
741
646
742
647
743
648
744
649
745
650
746
651
747
652
748
653
749
654
750
655
751
656
752
657
753
658
754
659
755
660
756
661
757
662
758
663
759
664
760
665
761
666
762
667
763
668
764
669
765
670
766
671
767
672
768
673
769
674
770
675
771
676
772
677
773
678
774
775
680
776
681
777
682
778
683
779
684
780
685
781
686
782
687
783
688
784
689
785
690
786
691
787
692
788
693
789
694
790
695
791
696
792
697
793
698
794
699
795
700
796
701
797
702
798
703
799
704
800
705
801
706
802
707
803
708
804
709
805
710
806
711
807
712
808
713
809
714
810
715
811
716
812
717
813
718
814
719
815
720
816
721
817
722
818
723
819
724
820
725
821
726
822
727
823
728
824
729
825
730
826
731
827
732
828
733
829
734
830
735
831
736
832
737
833
738
834
739
835
740
836
741
837
742
838
743
839
744
840
745
841
746
842
747
843
748
844
749
845
750
846
751
847
752
848
753
849
754
850
755
851
756
852
757
853
758
854
759
855
760
856
761
857
762
858
763
859
764
860
765
861
766
862
767
863
768
864
769
865
770
866
771
867
772
868
773
869
774
870
775
871
872
777
873
778
874
779
875
780
876
781
877
782
878
783
879
784
880
785
881
786
882
787
883
788
884
789
885
790
886
791
887
792
888
793
889
794
890
795
891
796
892
797
893
798
894
799
895
800
896
801
897
802
898
803
899
804
900
805
901
806
902
807
903
808
904
809
905
810
906
811
907
812
908
813
909
814
910
815
911
816
912
817
913
818
914
819
915
820
916
821
917
822
918
823
919
824
920
825
921
826
922
827
923
828
924
829
925
830
926
831
927
832
928
833
929
834
930
835
931
836
932
837
933
838
934
839
935
840
936
841
937
842
938
843
939
844
940
845
941
846
942
847
943
848
944
849
945
850
946
851
947
852
948
853
949
854
950
855
951
856
952
857
953
858
954
859
955
860
956
861
957
862
958
863
959
864
960
865
961
866
962
867
963
868
964
869
965
870
966
871
967
872
968
969
874
970
875
971
876
972
877
973
878
974
879
975
880
976
881
977
882
978
883
979
884
980
885
981
886
982
887
983
888
984
889
985
890
986
891
987
892
988
893
989
894
990
895
991
896
992
897
993
898
994
899
995
900
996
901
997
902
998
903
999
904
1000
905
1001
906
1002
907
1003
908
1004
909
1005
910
1006
911
1007
912
1008
913
1009
914
1010
915
1011
916
1012
917
1013
918
1014
919
1015
920
1016
921
1017
922
1018
923
1019
924
1020
925
1021
926
1022
927
1023
928
1024
929
1025
930
1026
931
1027
932
1028
933
1029
934
1030
935
1031
936
1032
937
1033
938
1034
939
1035
940
1036
941
1037
942
1038
943
1039
944
1040
945
1041
946
1042
947
1043
948
1044
949
1045
950
1046
951
1047
952
1048
953
1049
954
1050
955
1051
956
1052
957
1053
958
1054
959
1055
960
1056
961
1057
962
1058
963
1059
964
1060
965
1061
966
1062
967
1063
968
1064
969
1065
1066
971
1067
972
1068
973
1069
974
1070
975
1071
976
1072
977
1073
978
1074
979
1075
980
1076
981
1077
982
1078
983
1079
984
1080
985
1081
986
1082
987
1083
988
1084
989
1085
990
1086
991
1087
992
1088
993
1089
994
1090
995
1091
996
1092
997
1093
998
1094
999
1095
1000
1096
1001
1097
1002
1098
1003
1099
1004
1100
1005
1101
1006
1102
1007
1103
1008
1104
1009
1105
1010
1106
1011
1107
1012
1108
1013
1109
1014
1110
1015
1111
1016
1112
1017
1113
1018
1114
1019
1115
1020
1116
1021
1117
1022
1118
1023
1119
1024
1120
1025
1121
1026
1122
1027
1123
1028
1124
1029
1125
1030
1126
1031
1127
1032
1128
1033
1129
1034
1130
1035
1131
1036
1132
1037
1133
1038
1134
1039
1135
1040
1136
1041
1137
1042
1138
1043
1139
1044
1140
1045
1141
1046
1142
1047
1143
1048
1144
1049
1145
1050
1146
1051
1147
1052
1148
1053
1149
1054
1150
1055
1151
1056
1152
1057
1153
1058
1154
1059
1155
1060
1156
1061
1157
1062
1158
1063
1159
1064
1160
1065
1161
1066
1162
1163
1068
1164
1069
1165
1070
1166
1071
1167
1072
1168
1073
1169
1074
1170
1075
1171
1076
1172
1077
1173
1078
1174
1079
1175
1080
1176
1081
1177
1082
1178
1083
1179
1084
1180
1085
1181
1086
1182
1087
1183
1088
1184
1089
1185
1090
1186
1091
1187
1092
1188
1093
1189
1094
1190
1095
1191
1096
1192
1097
1193
1098
1194
1099
1195
1100
1196
1101
1197
1102
1198
1103
1199
1104
1200
1105
1201
1106
1202
1107
1203
1108
1204
1109
1205
1110
1206
1111
1207
1112
1208
1113
1209
1114
1210
1115
1211
1116
1212
1117
1213
1118
1214
1119
1215
1120
1216
1121
1217
1122
1218
1123
1219
1124
1220
1125
1221
1126
1222
1127
1223
1128
1224
1129
1225
1130
1226
1131
1227
1132
1228
1133
1229
1134
1230
1135
1231
1136
1232
1137
1233
1138
1234
1139
1235
1140
1236
1141
1237
1142
1238
1143
1239
1144
1240
1145
1241
1146
1242
1147
1243
1148
1244
1149
1245
1150
1246
1151
1247
1152
1248
1153
1249
1154
1250
1155
1251
1156
1252
1157
1253
1158
1254
1159
1255
1160
1256
1161
1257
1162
1258
1163
1259
1260
1165
1261
1166
1262
1167
1263
1168
1264
1169
1265
1170
1266
1171
1267
1172
1268
1173
1269
1174
1270
1175
1271
1176
1272
1177
1273
1178
1274
1179
1275
1180
1276
1181
1277
1182
1278
1183
1279
1184
1280
1185
1281
1186
1282
1187
1283
1188
1284
1189
1285
1190
1286
1191
1287
1192
1288
1193
1289
1194
1290
1195
1291
1196
1292
1197
1293
1198
1294
1199
1295
1200
1296
1201
1297
1202
1298
1203
1299
1204
1300
1205
1301
1206
1302
1207
1303
1208
1304
1209
1305
1210
1306
1211
1307
1212
1308
1213
1309
1214
1310
1215
1311
1216
1312
1217
1313
1218
1314
1219
1315
1220
1316
1221
1317
1222
1318
1223
1319
1224
1320
1225
1321
1226
1322
1227
1323
1228
1324
1229
1325
1230
1326
1231
1327
1232
1328
1233
1329
1234
1330
1235
1331
1236
1332
1237
1333
1238
1334
1239
1335
1240
1336
1241
1337
1242
1338
1243
1339
1244
1340
1245
1341
1246
1342
1247
1343
1248
1344
1249
1345
1250
1346
1251
1347
1252
1348
1253
1349
1254
1350
1255
1351
1256
1352
1257
1353
1258
1354
1259
1355
1260
1356
1357
1262
1358
1263
1359
1264
1360
1265
1361
1266
1362
1267
1363
1268
1364
1269
1365
1270
1366
1271
1367
1272
1368
1273
1369
1274
1370
1275
1371
1276
1372
1277
1373
1278
1374
1279
1375
1280
1376
1281
1377
1282
1378
1283
1379
1284
1380
1285
1381
1286
1382
1287
1383
1288
1384
1289
1385
1290
1386
1291
1387
1292
1388
1293
1389
1294
1390
1295
1391
1296
1392
1297
1393
1298
1394
1299
1395
1300
1396
1301
1397
1302
1398
1303
1399
1304
1400
1305
1401
1306
1402
1307
1403
1308
1404
1309
1405
1310
1406
1311
1407
1312
1408
1313
1409
1314
1410
1315
1411
1316
1412
1317
1413
1318
1414
1319
1415
1320
1416
1321
1417
1322
1418
1323
1419
1324
1420
1325
1421
1326
1422
1327
1423
1328
1424
1329
1425
1330
1426
1331
1427
1332
1428
1333
1429
1334
1430
1335
1431
1336
1432
1337
1433
1338
1434
1339
1435
1340
1436
1341
1437
1342
1438
1343
1439
1344
1440
1345
1441
1346
1442
1347
1443
1348
1444
1349
1445
1350
1446
1351
1447
1352
1448
1353
1449
1354
1450
1355
1451
1356
1452
1357
1453
1454
1359
1455
1360
1456
1361
1457
1362
1458
1363
1459
1364
1460
1365
1461
1366
1462
1367
1463
1368
1464
1369
1465
1370
1466
1371
1467
1372
1468
1373
1469
1374
1470
1375
1471
1376
1472
1377
1473
1378
1474
1379
1475
1380
1476
1381
1477
1382
1478
1383
1479
1384
1480
1385
1481
1386
1482
1387
1483
1388
1484
1389
1485
1390
1486
1391
1487
1392
1488
1393
1489
1394
1490
1395
1491
1396
1492
1397
1493
1398
1494
1399
1495
1400
1496
1401
1497
1402
1498
1403
1499
1404
1500
1405
1501
1406
1502
1407
1503
1408
1504
1409
1505
1410
1506
1411
1507
1412
1508
1413
1509
1414
1510
1415
1511
1416
1512
1417
1513
1418
1514
1419
1515
1420
1516
1421
1517
1422
1518
1423
1519
1424
1520
1425
1521
1426
1522
1427
1523
1428
1524
1429
1525
1430
1526
1431
1527
1432
1528
1433
1529
1434
1530
1435
1531
1436
1532
1437
1533
1438
1534
1439
1535
1440
1536
1441
1537
1442
1538
1443
1539
1444
1540
1445
1541
1446
1542
1447
1543
1448
1544
1449
1545
1450
1546
1451
1547
1452
1548
1453
1549
1454
1550
1551
1456
1552
1457
1553
1458
1554
1459
1555
1460
1556
1461
1557
1462
1558
1463
1559
1464
1560
1465
1561
1466
1562
1467
1563
1468
1564
1469
1565
1470
1566
1471
1567
1472
1568
1473
1569
1474
1570
1475
1571
1476
1572
1477
1573
1478
1574
1479
1575
1480
1576
1481
1577
1482
1578
1483
1579
1484
1580
1485
1581
1486
1582
1487
1583
1488
1584
1489
1585
1490
1586
1491
1587
1492
1588
1493
1589
1494
1590
1495
1591
1496
1592
1497
1593
1498
1594
1499
1595
1500
1596
1501
1597
1502
1598
1503
1599
1504
1600
1505
1601
1506
1602
1507
1603
1508
1604
1509
1605
1510
1606
1511
1607
1512
1608
1513
1609
1514
1610
1515
1611
1516
1612
1517
1613
1518
1614
1519
1615
1520
1616
1521
1617
1522
1618
1523
1619
1524
1620
1525
1621
1526
1622
1527
1623
1528
1624
1529
1625
1530
1626
1531
1627
1532
1628
1533
1629
1534
1630
1535
1631
1536
1632
1537
1633
1538
1634
1539
1635
1540
1636
1541
1637
1542
1638
1543
1639
1544
1640
1545
1641
1546
1642
1547
1643
1548
1644
1549
1645
1550
1646
1551
1647
1648
1553
1649
1554
1650
1555
1651
1556
1652
1557
1653
1558
1654
1559
1655
1560
1656
1561
1657
1562
1658
1563
1659
1564
1660
1565
1661
1566
1662
1567
1663
1568
1664
1569
1665
1570
1666
1571
1667
1572
1668
1573
1669
1574
1670
1575
1671
1576
1672
1577
1673
1578
1674
1579
1675
1580
1676
1581
1677
1582
1678
1583
1679
1584
1680
1585
1681
1586
1682
1587
1683
1588
1684
1589
1685
1590
1686
1591
1687
1592
1688
1593
1689
1594
1690
1595
1691
1596
1692
1597
1693
1598
1694
1599
1695
1600
1696
1601
1697
1602
1698
1603
1699
1604
1700
1605
1701
1606
1702
1607
1703
1608
1704
1609
1705
1610
1706
1611
1707
1612
1708
1613
1709
1614
1710
1615
1711
1616
1712
1617
1713
1618
1714
1619
1715
1620
1716
1621
1717
1622
1718
1623
1719
1624
1720
1625
1721
1626
1722
1627
1723
1628
1724
1629
1725
1630
1726
1631
1727
1632
1728
1633
1729
1634
1730
1635
1731
1636
1732
1637
1733
1638
1734
1639
1735
1640
1736
1641
1737
1642
1738
1643
1739
1644
1740
1645
1741
1646
1742
1647
1743
1648
1744
1745
1650
1746
1651
1747
1652
1748
1653
1749
1654
1750
1655
1751
1656
1752
1657
1753
1658
1754
1659
1755
1660
1756
1661
1757
1662
1758
1663
1759
1664
1760
1665
1761
1666
1762
1667
1763
1668
1764
1669
1765
1670
1766
1671
1767
1672
1768
1673
1769
1674
1770
1675
1771
1676
1772
1677
1773
1678
1774
1679
1775
1680
1776
1681
1777
1682
1778
1683
1779
1684
1780
1685
1781
1686
1782
1687
1783
1688
1784
1689
1785
1690
1786
1691
1787
1692
1788
1693
1789
1694
1790
1695
1791
1696
1792
1697
1793
1698
1794
1699
1795
1700
1796
1701
1797
1702
1798
1703
1799
1704
1800
1705
1801
1706
1802
1707
1803
1708
1804
1709
1805
1710
1806
1711
1807
1712
1808
1713
1809
1714
1810
1715
1811
1716
1812
1717
1813
1718
1814
1719
1815
1720
1816
1721
1817
1722
1818
1723
1819
1724
1820
1725
1821
1726
1822
1727
1823
1728
1824
1729
1825
1730
1826
1731
1827
1732
1828
1733
1829
1734
1830
1735
1831
1736
1832
1737
1833
1738
1834
1739
1835
1740
1836
1741
1837
1742
1838
1743
1839
1744
1840
1745
1841
1842
1747
1843
1748
1844
1749
1845
1750
1846
1751
1847
1752
1848
1753
1849
1754
1850
1755
1851
1756
1852
1757
1853
1758
1854
1759
1855
1760
1856
1761
1857
1762
1858
1763
1859
1764
1860
1765
1861
1766
1862
1767
1863
1768
1864
1769
1865
1770
1866
1771
1867
1772
1868
1773
1869
1774
1870
1775
1871
1776
1872
1777
1873
1778
1874
1779
1875
1780
1876
1781
1877
1782
1878
1783
1879
1784
1880
1785
1881
1786
1882
1787
1883
1788
1884
1789
1885
1790
1886
1791
1887
1792
1888
1793
1889
1794
1890
1795
1891
1796
1892
1797
1893
1798
1894
1799
1895
1800
1896
1801
1897
1802
1898
1803
1899
1804
1900
1805
1901
1806
1902
1807
1903
1808
1904
1809
1905
1810
1906
1811
1907
1812
1908
1813
1909
1814
1910
1815
1911
1816
1912
1817
1913
1818
1914
1819
1915
1820
1916
1821
1917
1822
1918
1823
1919
1824
1920
1825
1921
1826
1922
1827
1923
1828
1924
1829
1925
1830
1926
1831
1927
1832
1928
1833
1929
1834
1930
1835
1931
1836
1932
1837
1933
1838
1934
1839
1935
1840
1936
1841
1937
1842
1938
1939
1844
1940
1845
1941
1846
1942
1847
1943
1848
1944
1849
1945
1850
1946
1851
1947
1852
1948
1853
1949
1854
1950
1855
1951
1856
1952
1857
1953
1858
1954
1859
1955
1860
1956
1861
1957
1862
1958
1863
1959
1864
1960
1865
1961
1866
1962
1867
1963
1868
1964
1869
1965
1870
1966
1871
1967
1872
1968
1873
1969
1874
1970
1875
1971
1876
1972
1877
1973
1878
1974
1879
1975
1880
1976
1881
1977
1882
1978
1883
1979
1884
1980
1885
1981
1886
1982
1887
1983
1888
1984
1889
1985
1890
1986
1891
1987
1892
1988
1893
1989
1894
1990
1895
1991
1896
1992
1897
1993
1898
1994
1899
1995
1900
1996
1901
1997
1902
1998
1903
1999
1904
2000
1905
2001
1906
2002
1907
2003
1908
2004
1909
2005
1910
2006
1911
2007
1912
2008
1913
2009
1914
2010
1915
2011
1916
2012
1917
2013
1918
2014
1919
2015
1920
2016
1921
2017
1922
2018
1923
2019
1924
2020
1925
2021
1926
2022
1927
2023
1928
2024
1929
2025
1930
2026
1931
2027
1932
2028
1933
2029
1934
2030
1935
2031
1936
2032
1937
2033
1938
2034
1939
2035
2036
1941
2037
1942
2038
1943
2039
1944
2040
1945
2041
1946
2042
1947
2043
1948
2044
1949
2045
1950
2046
1951
2047
1952
2048
1953
2049
1954
2050
1955
2051
1956
2052
1957
2053
1958
2054
1959
2055
1960
2056
1961
2057
1962
2058
1963
2059
1964
2060
1965
2061
1966
2062
1967
2063
1968
2064
1969
2065
1970
2066
1971
2067
1972
2068
1973
2069
1974
2070
1975
2071
1976
2072
1977
2073
1978
2074
1979
2075
1980
2076
1981
2077
1982
2078
1983
2079
1984
2080
1985
2081
1986
2082
1987
2083
1988
2084
1989
2085
1990
2086
1991
2087
1992
2088
1993
2089
1994
2090
1995
2091
1996
2092
1997
2093
1998
2094
1999
2095
2000
2096
2001
2097
2002
2098
2003
2099
2004
2100
2005
2101
2006
2102
2007
2103
2008
2104
2009
2105
2010
2106
2011
2107
2012
2108
2013
2109
2014
2110
2015
2111
2016
2112
2017
2113
2018
2114
2019
2115
2020
2116
2021
2117
2022
2118
2023
2119
2024
2120
2025
2121
2026
2122
2027
2123
2028
2124
2029
2125
2030
2126
2031
2127
2032
2128
2033
2129
2034
2130
2035
2131
2036
2132
2133
2038
2134
2039
2135
2040
2136
2041
2137
2042
2138
2043
2139
2044
2140
2045
2141
2046
2142
2047
2143
2048
2144
2049
2145
2050
2146
2051
2147
2052
2148
2053
2149
2054
2150
2055
2151
2056
2152
2057
2153
2058
2154
2059
2155
2060
2156
2061
2157
2062
2158
2063
2159
2064
2160
2065
2161
2066
2162
2067
2163
2068
2164
2069
2165
2070
2166
2071
2167
2072
2168
2073
2169
2074
2170
2075
2171
2076
2172
2077
2173
2078
2174
2079
2175
2080
2176
2081
2177
2082
2178
2083
2179
2084
2180
2085
2181
2086
2182
2087
2183
2088
2184
2089
2185
2090
2186
2091
2187
2092
2188
2093
2189
2094
2190
2095
2191
2096
2192
2097
2193
2098
2194
2099
2195
2100
2196
2101
2197
2102
2198
2103
2199
2104
2200
2105
2201
2106
2202
2107
2203
2108
2204
2109
2205
2110
2206
2111
2207
2112
2208
2113
2209
2114
2210
2115
2211
2116
2212
2117
2213
2118
2214
2119
2215
2120
2216
2121
2217
2122
2218
2123
2219
2124
2220
2125
2221
2126
2222
2127
2223
2128
2224
2129
2225
2130
2226
2131
2227
2132
2228
2133
2229
2230
2135
2231
2136
2232
2137
2233
2138
2234
2139
2235
2140
2236
2141
2237
2142
2238
2143
2239
2144
2240
2145
2241
2146
2242
2147
2243
2148
2244
2149
2245
2150
2246
2151
2247
2152
2248
2153
2249
2154
2250
2155
2251
2156
2252
2157
2253
2158
2254
2159
2255
2160
2256
2161
2257
2162
2258
2163
2259
2164
2260
2165
2261
2166
2262
2167
2263
2168
2264
2169
2265
2170
2266
2171
2267
2172
2268
2173
2269
2174
2270
2175
2271
2176
2272
2177
2273
2178
2274
2179
2275
2180
2276
2181
2277
2182
2278
2183
2279
2184
2280
2185
2281
2186
2282
2187
2283
2188
2284
2189
2285
2190
2286
2191
2287
2192
2288
2193
2289
2194
2290
2195
2291
2196
2292
2197
2293
2198
2294
2199
2295
2200
2296
2201
2297
2202
2298
2203
2299
2204
2300
2205
2301
2206
2302
2207
2303
2208
2304
2209
2305
2210
2306
2211
2307
2212
2308
2213
2309
2214
2310
2215
2311
2216
2312
2217
2313
2218
2314
2219
2315
2220
2316
2221
2317
2222
2318
2223
2319
2224
2320
2225
2321
2226
2322
2227
2323
2228
2324
2229
2325
2230
2326
2327
2232
2328
2233
2329
2234
2330
2235
2331
2236
2332
2237
2333
2238
2334
2239
2335
2240
2336
2241
2337
2242
2338
2243
2339
2244
2340
2245
2341
2246
2342
2247
2343
2248
2344
2249
2345
2250
2346
2251
2347
2252
2348
2253
2349
2254
2350
2255
2351
2256
2352
2257
2353
2258
2354
2259
2355
2260
2356
2261
2357
2262
2358
2263
2359
2264
2360
2265
2361
2266
2362
2267
2363
2268
2364
2269
2365
2270
2366
2271
2367
2272
2368
2273
2369
2274
2370
2275
2371
2276
2372
2277
2373
2278
2374
2279
2375
2280
2376
2281
2377
2282
2378
2283
2379
2284
2380
2285
2381
2286
2382
2287
2383
2288
2384
2289
2385
2290
2386
2291
2387
2292
2388
2293
2389
2294
2390
2295
2391
2296
2392
2297
2393
2298
2394
2299
2395
2300
2396
2301
2397
2302
2398
2303
2399
2304
2400
2305
2401
2306
2402
2307
2403
2308
2404
2309
2405
2310
2406
2311
2407
2312
2408
2313
2409
2314
2410
2315
2411
2316
2412
2317
2413
2318
2414
2319
2415
2320
2416
2321
2417
2322
2418
2323
2419
2324
2420
2325
2421
2326
2422
2327
2423
2424
2329
2425
2330
2426
2331
2427
2332
2428
2333
2429
2334
2430
2335
2431
2336
2432
2337
2433
2338
2434
2339
2435
2340
2436
2341
2437
2342
2438
2343
2439
2344
2440
2345
2441
2346
2442
2347
2443
2348
2444
2349
2445
2350
2446
2351
2447
2352
2448
2353
2449
2354
2450
2355
2451
2356
2452
2357
2453
2358
2454
2359
2455
2360
2456
2361
2457
2362
2458
2363
2459
2364
2460
2365
2461
2366
2462
2367
2463
2368
2464
2369
2465
2370
2466
2371
2467
2372
2468
2373
2469
2374
2470
2375
2471
2376
2472
2377
2473
2378
2474
2379
2475
2380
2476
2381
2477
2382
2478
2383
2479
2384
2480
2385
2481
2386
2482
2387
2483
2388
2484
2389
2485
2390
2486
2391
2487
2392
2488
2393
2489
2394
2490
2395
2491
2396
2492
2397
2493
2398
2494
2399
2495
2400
2496
2401
2497
2402
2498
2403
2499
2404
2500
2405
2501
2406
2502
2407
2503
2408
2504
2409
2505
2410
2506
2411
2507
2412
2508
2413
2509
2414
2510
2415
2511
2416
2512
2417
2513
2418
2514
2419
2515
2420
2516
2421
2517
2422
2518
2423
2519
2424
2520
2521
2426
2522
2427
2523
2428
2524
2429
2525
2430
2526
2431
2527
2432
2528
2433
2529
2434
2530
2435
2531
2436
2532
2437
2533
2438
2534
2439
2535
2440
2536
2441
2537
2442
2538
2443
2539
2444
2540
2445
2541
2446
2542
2447
2543
2448
2544
2449
2545
2450
2546
2451
2547
2452
2548
2453
2549
2454
2550
2455
2551
2456
2552
2457
2553
2458
2554
2459
2555
2460
2556
2461
2557
2462
2558
2463
2559
2464
2560
2465
2561
2466
2562
2467
2563
2468
2564
2469
2565
2470
2566
2471
2567
2472
2568
2473
2569
2474
2570
2475
2571
2476
2572
2477
2573
2478
2574
2479
2575
2480
2576
2481
2577
2482
2578
2483
2579
2484
2580
2485
2581
2486
2582
2487
2583
2488
2584
2489
2585
2490
2586
2491
2587
2492
2588
2493
2589
2494
2590
2495
2591
2496
2592
2497
2593
2498
2594
2499
2595
2500
2596
2501
2597
2502
2598
2503
2599
2504
2600
2505
2601
2506
2602
2507
2603
2508
2604
2509
2605
2510
2606
2511
2607
2512
2608
2513
2609
2514
2610
2515
2611
2516
2612
2517
2613
2518
2614
2519
2615
2520
2616
2521
2617
2618
2523
2619
2524
2620
2525
2621
2526
2622
2527
2623
2528
2624
2529
2625
2530
2626
2531
2627
2532
2628
2533
2629
2534
2630
2535
2631
2536
2632
2537
2633
2538
2634
2539
2635
2540
2636
2541
2637
2542
2638
2543
2639
2544
2640
2545
2641
2546
2642
2547
2643
2548
2644
2549
2645
2550
2646
2551
2647
2552
2648
2553
2649
2554
2650
2555
2651
2556
2652
2557
2653
2558
2654
2559
2655
2560
2656
2561
2657
2562
2658
2563
2659
2564
2660
2565
2661
2566
2662
2567
2663
2568
2664
2569
2665
2570
2666
2571
2667
2572
2668
2573
2669
2574
2670
2575
2671
2576
2672
2577
2673
2578
2674
2579
2675
2580
2676
2581
2677
2582
2678
2583
2679
2584
2680
2585
2681
2586
2682
2587
2683
2588
2684
2589
2685
2590
2686
2591
2687
2592
2688
2593
2689
2594
2690
2595
2691
2596
2692
2597
2693
2598
2694
2599
2695
2600
2696
2601
2697
2602
2698
2603
2699
2604
2700
2605
2701
2606
2702
2607
2703
2608
2704
2609
2705
2610
2706
2611
2707
2612
2708
2613
2709
2614
2710
2615
2711
2616
2712
2617
2713
2618
2714
2715
2620
2721
2621
2722
2622
2723
2623
2724
2624
2725
2625
2726
2626
2727
2627
2728
2628
2729
2629
2730
2630
2731
2631
2732
2632
2733
2633
2734
2634
2735
2635
2736
2636
2737
2637
2738
2638
2739
2639
2740
2640
2741
2641
2742
2642
2743
2643
2744
2644
2745
2645
2746
2646
2747
2647
2748
2648
2749
2649
2750
2650
2751
2651
2752
2652
2753
2653
2754
2654
2755
2655
2756
2656
2757
2657
2758
2658
2759
2659
2760
2660
2761
2661
2762
2662
2763
2663
2764
2664
2765
2665
2766
2666
2767
2667
2768
2668
2769
2669
2770
2670
2771
2671
2772
2672
2773
2673
2774
2674
2775
2675
2776
2676
2777
2677
2778
2678
2779
2679
2780
2680
2781
2681
2782
2682
2783
2683
2784
2684
2785
2685
2786
2686
2787
2687
2788
2688
2789
2689
2790
2690
2791
2691
2792
2692
2793
2693
2794
2694
2795
2695
2796
2696
2797
2697
2798
2698
2799
2699
2800
2700
2801
2701
2802
2702
2803
2703
2804
2704
2805
2705
2806
2706
2807
2707
2808
2708
2809
2709
2810
2710
2811
2711
2812
2712
2813
2713
2814
2714
2815
2715
2816
2817
2717
2818
2718
2819
2719
2820
2720
2821
2721
2822
2722
2823
2723
2824
2724
2825
2725
2826
2726
2827
2727
2828
2728
2829
2729
2830
2730
2831
2731
2832
2732
2833
2733
2834
2734
2835
2735
2836
2736
2837
2737
2838
2738
2839
2739
2840
2740
2841
2741
2842
2742
2843
2743
2844
2744
2845
2745
2846
2746
2847
2747
2848
2748
2849
2749
2850
2750
2851
2751
2852
2752
2853
2753
2854
2754
2855
2755
2856
2756
2857
2757
2858
2758
2859
2759
2860
2760
2861
2761
2862
2762
2863
2763
2864
2764
2865
2765
2866
2766
2867
2767
2868
2768
2869
2769
2870
2770
2871
2771
2872
2772
2873
2773
2874
2774
2875
2775
2876
2776
2877
2777
2878
2778
2879
2779
2880
2780
2881
2781
2882
2782
2883
2783
2884
2784
2885
2785
2886
2786
2887
2787
2888
2788
2889
2789
2890
2790
2891
2791
2892
2792
2893
2793
2894
2794
2895
2795
2896
2796
2897
2797
2898
2798
2899
2799
2900
2800
2901
2801
2902
2802
2903
2803
2904
2804
2905
2805
2906
2806
2907
2807
2908
2808
2909
2809
2910
2810
2911
2811
2912
2812
2913
2813
2914
2814
2915
2815
2916
2816
2917
2817
2918
2919
2819
2920
2820
2921
2821
2922
2822
2923
2823
2924
2824
2925
2825
2926
2826
2927
2827
2928
2828
2929
2829
2930
2830
2931
2831
2932
2832
2933
2833
2934
2834
2935
2835
2936
2836
2937
2837
2938
2838
2939
2839
2940
2840
2941
2841
2942
2842
2943
2843
2944
2844
2945
2845
2946
2846
2947
2847
2948
2848
2949
2849
2950
2850
2951
2851
2952
2852
2953
2853
2954
2854
2955
2855
2956
2856
2957
2857
2958
2858
2959
2859
2960
2860
2961
2861
2962
2862
2963
2863
2964
2864
2965
2865
2966
2866
2967
2867
2968
2868
2969
2869
2970
2870
2971
2871
2972
2872
2973
2873
2974
2874
2975
2875
2976
2876
2977
2877
2978
2878
2979
2879
2980
2880
2981
2881
2982
2882
2983
2883
2984
2884
2985
2885
2986
2886
2987
2887
2988
2888
2989
2889
2990
2890
2991
2891
2992
2892
2993
2893
2994
2894
2995
2895
2996
2896
2997
2897
2998
2898
2999
2899
3000
2900
3001
2901
3002
2902
3003
2903
3004
2904
3005
2905
3006
2906
3007
2907
3008
2908
3009
2909
3010
2910
3011
2911
3012
2912
3013
2913
3014
2914
3015
2915
3016
2916
3017
2917
3018
2918
3019
2919
3020
3021
2921
3022
2922
3023
2923
3024
2924
3025
2925
3026
2926
3027
2927
3028
2928
3029
2929
3030
2930
3031
2931
3032
2932
3033
2933
3034
2934
3035
2935
3036
2936
3037
2937
3038
2938
3039
2939
3040
2940
3041
2941
3042
2942
3043
2943
3044
2944
3045
2945
3046
2946
3047
2947
3048
2948
3049
2949
3050
2950
3051
2951
3052
2952
3053
2953
3054
2954
3055
2955
3056
2956
3057
2957
3058
2958
3059
2959
3060
2960
3061
2961
3062
2962
3063
2963
3064
2964
3065
2965
3066
2966
3067
2967
3068
2968
3069
2969
3070
2970
3071
2971
3072
2972
3073
2973
3074
2974
3075
2975
3076
2976
3077
2977
3078
2978
3079
2979
3080
2980
3081
2981
3082
2982
3083
2983
3084
2984
3085
2985
3086
2986
3087
2987
3088
2988
3089
2989
3090
2990
3091
2991
3092
2992
3093
2993
3094
2994
3095
2995
3096
2996
3097
2997
3098
2998
3099
2999
3100
3000
3101
3001
3102
3002
3103
3003
3104
3004
3105
3005
3106
3006
3107
3007
3108
3008
3109
3009
3110
3010
3111
3011
3112
3012
3113
3013
3114
3014
3115
3015
3116
3016
3117
3017
3118
3018
3119
3019
3120
3020
3121
3021
3122
3123
3023
3124
3024
3125
3025
3126
3026
3127
3027
3128
3028
3129
3029
3130
3030
3131
3031
3132
3032
3133
3033
3134
3034
3135
3035
3136
3036
3137
3037
3138
3038
3139
3039
3140
3040
3141
3041
3142
3042
3143
3043
3144
3044
3145
3045
3146
3046
3147
3047
3148
3048
3149
3049
3150
3050
3151
3051
3152
3052
3153
3053
3154
3054
3155
3055
3156
3056
3157
3057
3158
3058
3159
3059
3160
3060
3161
3061
3162
3062
3163
3063
3164
3064
3165
3065
3166
3066
3167
3067
3168
3068
3169
3069
3170
3070
3171
3071
3172
3072
3173
3073
3174
3074
3175
3075
3176
3076
3177
3077
3178
3078
3179
3079
3180
3080
3181
3081
3182
3082
3183
3083
3184
3084
3185
3085
3186
3086
3187
3087
3188
3088
3189
3089
3190
3090
3191
3091
3192
3092
3193
3093
3194
3094
3195
3095
3196
3096
3197
3097
3198
3098
3199
3099
3200
3100
3201
3101
3202
3102
3203
3103
3204
3104
3205
3105
3206
3106
3207
3107
3208
3108
3209
3109
3210
3110
3211
3111
3212
3112
3213
3113
3214
3114
3215
3115
3216
3116
3217
3117
3218
3118
3219
3119
3220
3120
3221
3121
3222
3122
3223
3123
3224
3225
3125
3226
3126
3227
3127
3228
3128
3229
3129
3230
3130
3231
3131
3232
3132
3233
3133
3234
3134
3235
3135
3236
3136
3237
3137
3238
3138
3239
3139
3240
3140
3241
3141
3242
3142
3243
3143
3244
3144
3245
3145
3246
3146
3247
3147
3248
3148
3249
3149
3250
3150
3251
3151
3252
3152
3253
3153
3254
3154
3255
3155
3256
3156
3257
3157
3258
3158
3259
3159
3260
3160
3261
3161
3262
3162
3263
3163
3264
3164
3265
3165
3266
3166
3267
3167
3268
3168
3269
3169
3270
3170
3271
3171
3272
3172
3273
3173
3274
3174
3275
3175
3276
3176
3277
3177
3278
3178
3279
3179
3280
3180
3281
3181
3282
3182
3283
3183
3284
3184
3285
3185
3286
3186
3287
3187
3288
3188
3289
3189
3290
3190
3291
3191
3292
3192
3293
3193
3294
3194
3295
3195
3296
3196
3297
3197
3298
3198
3299
3199
3300
3200
3301
3201
3302
3202
3303
3203
3304
3204
3305
3205
3306
3206
3307
3207
3308
3208
3309
3209
3310
3210
3311
3211
3312
3212
3313
3213
3314
3214
3315
3215
3316
3216
3317
3217
3318
3218
3319
3219
3320
3220
3321
3221
3322
3222
3323
3223
3324
3224
3325
3225
3326
3327
3227
3328
3228
3329
3229
3330
3230
3331
3231
3332
3232
3333
3233
3334
3234
3335
3235
3336
3236
3337
3237
3338
3238
3339
3239
3340
3240
3341
3241
3342
3242
3343
3243
3344
3244
3345
3245
3346
3246
3347
3247
3348
3248
3349
3249
3350
3250
3351
3251
3352
3252
3353
3253
3354
3254
3355
3255
3356
3256
3357
3257
3358
3258
3359
3259
3360
3260
3361
3261
3362
3262
3363
3263
3364
3264
3365
3265
3366
3266
3367
3267
3368
3268
3369
3269
3370
3270
3371
3271
3372
3272
3373
3273
3374
3274
3375
3275
3376
3276
3377
3277
3378
3278
3379
3279
3380
3280
3381
3281
3382
3282
3383
3283
3384
3284
3385
3285
3386
3286
3387
3287
3388
3288
3389
3289
3390
3290
3391
3291
3392
3292
3393
3293
3394
3294
3395
3295
3396
3296
3397
3297
3398
3298
3399
3299
3400
3300
3401
3301
3402
3302
3403
3303
3404
3304
3405
3305
3406
3306
3407
3307
3408
3308
3409
3309
3410
3310
3411
3311
3412
3312
3413
3313
3414
3314
3415
3315
3416
3316
3417
3317
3418
3318
3419
3319
3420
3320
3421
3321
3422
3322
3423
3323
3424
3324
3425
3325
3426
3326
3427
3327
3428
3429
3329
3430
3330
3431
3331
3432
3332
3433
3333
3434
3334
3435
3335
3436
3336
3437
3337
3438
3338
3439
3339
3440
3340
3441
3341
3442
3342
3443
3343
3444
3344
3445
3345
3446
3346
3447
3347
3448
3348
3449
3349
3450
3350
3451
3351
3452
3352
3453
3353
3454
3354
3455
3355
3456
3356
3457
3357
3458
3358
3459
3359
3460
3360
3461
3361
3462
3362
3463
3363
3464
3364
3465
3365
3466
3366
3467
3367
3468
3368
3469
3369
3470
3370
3471
3371
3472
3372
3473
3373
3474
3374
3475
3375
3476
3376
3477
3377
3478
3378
3479
3379
3480
3380
3481
3381
3482
3382
3483
3383
3484
3384
3485
3385
3486
3386
3487
3387
3488
3388
3489
3389
3490
3390
3491
3391
3492
3392
3493
3393
3494
3394
3495
3395
3496
3396
3497
3397
3498
3398
3499
3399
3500
3400
3501
3401
3502
3402
3503
3403
3504
3404
3505
3405
3506
3406
3507
3407
3508
3408
3509
3409
3510
3410
3511
3411
3512
3412
3513
3413
3514
3414
3515
3415
3516
3416
3517
3417
3518
3418
3519
3419
3520
3420
3521
3421
3522
3422
3523
3423
3524
3424
3525
3425
3526
3426
3527
3427
3528
3428
3529
3429
3530
3531
3431
3532
3432
3533
3433
3534
3434
3535
3435
3536
3436
3537
3437
3538
3438
3539
3439
3540
3440
3541
3441
3542
3442
3543
3443
3544
3444
3545
3445
3546
3446
3547
3447
3548
3448
3549
3449
3550
3450
3551
3451
3552
3452
3553
3453
3554
3454
3555
3455
3556
3456
3557
3457
3558
3458
3559
3459
3560
3460
3561
3461
3562
3462
3563
3463
3564
3464
3565
3465
3566
3466
3567
3467
3568
3468
3569
3469
3570
3470
3571
3471
3572
3472
3573
3473
3574
3474
3575
3475
3576
3476
3577
3477
3578
3478
3579
3479
3580
3480
3581
3481
3582
3482
3583
3483
3584
3484
3585
3485
3586
3486
3587
3487
3588
3488
3589
3489
3590
3490
3591
3491
3592
3492
3593
3493
3594
3494
3595
3495
3596
3496
3597
3497
3598
3498
3599
3499
3600
3500
3601
3501
3602
3502
3603
3503
3604
3504
3605
3505
3606
3506
3607
3507
3608
3508
3609
3509
3610
3510
3611
3511
3612
3512
3613
3513
3614
3514
3615
3515
3616
3516
3617
3517
3618
3518
3619
3519
3620
3520
3621
3521
3622
3522
3623
3523
3624
3524
3625
3525
3626
3526
3627
3527
3628
3528
3629
3529
3630
3530
3631
3531
3632
3633
3533
3634
3534
3635
3535
3636
3536
3637
3537
3638
3538
3639
3539
3640
3540
3641
3541
3642
3542
3643
3543
3644
3544
3645
3545
3646
3546
3647
3547
3648
3548
3649
3549
3650
3550
3651
3551
3652
3552
3653
3553
3654
3554
3655
3555
3656
3556
3657
3557
3658
3558
3659
3559
3660
3560
3661
3561
3662
3562
3663
3563
3664
3564
3665
3565
3666
3566
3667
3567
3668
3568
3669
3569
3670
3570
3671
3571
3672
3572
3673
3573
3674
3574
3675
3575
3676
3576
3677
3577
3678
3578
3679
3579
3680
3580
3681
3581
3682
3582
3683
3583
3684
3584
3685
3585
3686
3586
3687
3587
3688
3588
3689
3589
3690
3590
3691
3591
3692
3592
3693
3593
3694
3594
3695
3595
3696
3596
3697
3597
3698
3598
3699
3599
3700
3600
3701
3601
3702
3602
3703
3603
3704
3604
3705
3605
3706
3606
3707
3607
3708
3608
3709
3609
3710
3610
3711
3611
3712
3612
3713
3613
3714
3614
3715
3615
3716
3616
3717
3617
3718
3618
3719
3619
3720
3620
3721
3621
3722
3622
3723
3623
3724
3624
3725
3625
3726
3626
3727
3627
3728
3628
3729
3629
3730
3630
3731
3631
3732
3632
3733
3633
3734
3735
3635
3736
3636
3737
3637
3738
3638
3739
3639
3740
3640
3741
3641
3742
3642
3743
3643
3744
3644
3745
3645
3746
3646
3747
3647
3748
3648
3749
3649
3750
3650
3751
3651
3752
3652
3753
3653
3754
3654
3755
3655
3756
3656
3757
3657
3758
3658
3759
3659
3760
3660
3761
3661
3762
3662
3763
3663
3764
3664
3765
3665
3766
3666
3767
3667
3768
3668
3769
3669
3770
3670
3771
3671
3772
3672
3773
3673
3774
3674
3775
3675
3776
3676
3777
3677
3778
3678
3779
3679
3780
3680
3781
3681
3782
3682
3783
3683
3784
3684
3785
3685
3786
3686
3787
3687
3788
3688
3789
3689
3790
3690
3791
3691
3792
3692
3793
3693
3794
3694
3795
3695
3796
3696
3797
3697
3798
3698
3799
3699
3800
3700
3801
3701
3802
3702
3803
3703
3804
3704
3805
3705
3806
3706
3807
3707
3808
3708
3809
3709
3810
3710
3811
3711
3812
3712
3813
3713
3814
3714
3815
3715
3816
3716
3817
3717
3818
3718
3819
3719
3820
3720
3821
3721
3822
3722
3823
3723
3824
3724
3825
3725
3826
3726
3827
3727
3828
3728
3829
3729
3830
3730
3831
3731
3832
3732
3833
3733
3834
3734
3835
3735
3836
3837
3737
3838
3738
3839
3739
3840
3740
3841
3741
3842
3742
3843
3743
3844
3744
3845
3745
3846
3746
3847
3747
3848
3748
3849
3749
3850
3750
3851
3751
3852
3752
3853
3753
3854
3754
3855
3755
3856
3756
3857
3757
3858
3758
3859
3759
3860
3760
3861
3761
3862
3762
3863
3763
3864
3764
3865
3765
3866
3766
3867
3767
3868
3768
3869
3769
3870
3770
3871
3771
3872
3772
3873
3773
3874
3774
3875
3775
3876
3776
3877
3777
3878
3778
3879
3779
3880
3780
3881
3781
3882
3782
3883
3783
3884
3784
3885
3785
3886
3786
3887
3787
3888
3788
3889
3789
3890
3790
3891
3791
3892
3792
3893
3793
3894
3794
3895
3795
3896
3796
3897
3797
3898
3798
3899
3799
3900
3800
3901
3801
3902
3802
3903
3803
3904
3804
3905
3805
3906
3806
3907
3807
3908
3808
3909
3809
3910
3810
3911
3811
3912
3812
3913
3813
3914
3814
3915
3815
3916
3816
3917
3817
3918
3818
3919
3819
3920
3820
3921
3821
3922
3822
3923
3823
3924
3824
3925
3825
3926
3826
3927
3827
3928
3828
3929
3829
3930
3830
3931
3831
3932
3832
3933
3833
3934
3834
3935
3835
3936
3836
3937
3837
3938
3939
3839
3940
3840
3941
3841
3942
3842
3943
3843
3944
3844
3945
3845
3946
3846
3947
3847
3948
3848
3949
3849
3950
3850
3951
3851
3952
3852
3953
3853
3954
3854
3955
3855
3956
3856
3957
3857
3958
3858
3959
3859
3960
3860
3961
3861
3962
3862
3963
3863
3964
3864
3965
3865
3966
3866
3967
3867
3968
3868
3969
3869
3970
3870
3971
3871
3972
3872
3973
3873
3974
3874
3975
3875
3976
3876
3977
3877
3978
3878
3979
3879
3980
3880
3981
3881
3982
3882
3983
3883
3984
3884
3985
3885
3986
3886
3987
3887
3988
3888
3989
3889
3990
3890
3991
3891
3992
3892
3993
3893
3994
3894
3995
3895
3996
3896
3997
3897
3998
3898
3999
3899
4000
3900
4001
3901
4002
3902
4003
3903
4004
3904
4005
3905
4006
3906
4007
3907
4008
3908
4009
3909
4010
3910
4011
3911
4012
3912
4013
3913
4014
3914
4015
3915
4016
3916
4017
3917
4018
3918
4019
3919
4020
3920
4021
3921
4022
3922
4023
3923
4024
3924
4025
3925
4026
3926
4027
3927
4028
3928
4029
3929
4030
3930
4031
3931
4032
3932
4033
3933
4034
3934
4035
3935
4036
3936
4037
3937
4038
3938
4039
3939
4040
4041
3941
4042
3942
4043
3943
4044
3944
4045
3945
4046
3946
4047
3947
4048
3948
4049
3949
4050
3950
4051
3951
4052
3952
4053
3953
4054
3954
4055
3955
4056
3956
4057
3957
4058
3958
4059
3959
4060
3960
4061
3961
4062
3962
4063
3963
4064
3964
4065
3965
4066
3966
4067
3967
4068
3968
4069
3969
4070
3970
4071
3971
4072
3972
4073
3973
4074
3974
4075
3975
4076
3976
4077
3977
4078
3978
4079
3979
4080
3980
4081
3981
4082
3982
4083
3983
4084
3984
4085
3985
4086
3986
4087
3987
4088
3988
4089
3989
4090
3990
4091
3991
4092
3992
4093
3993
4094
3994
4095
3995
4096
3996
4097
3997
4098
3998
4099
3999
4100
4000
4101
4001
4102
4002
4103
4003
4104
4004
4105
4005
4106
4006
4107
4007
4108
4008
4109
4009
4110
4010
4111
4011
4112
4012
4113
4013
4114
4014
4115
4015
4116
4016
4117
4017
4118
4018
4119
4019
4120
4020
4121
4021
4122
4022
4123
4023
4124
4024
4125
4025
4126
4026
4127
4027
4128
4028
4129
4029
4130
4030
4131
4031
4132
4032
4133
4033
4134
4034
4135
4035
4136
4036
4137
4037
4138
4038
4139
4039
4140
4040
4141
4041
4142
4143
4043
4144
4044
4145
4045
4146
4046
4147
4047
4148
4048
4149
4049
4150
4050
4151
4051
4152
4052
4153
4053
4154
4054
4155
4055
4156
4056
4157
4057
4158
4058
4159
4059
4160
4060
4161
4061
4162
4062
4163
4063
4164
4064
4165
4065
4166
4066
4167
4067
4168
4068
4169
4069
4170
4070
4171
4071
4172
4072
4173
4073
4174
4074
4175
4075
4176
4076
4177
4077
4178
4078
4179
4079
4180
4080
4181
4081
4182
4082
4183
4083
4184
4084
4185
4085
4186
4086
4187
4087
4188
4088
4189
4089
4190
4090
4191
4091
4192
4092
4193
4093
4194
4094
4195
4095
4196
4096
4197
4097
4198
4098
4199
4099
4200
4100
4201
4101
4202
4102
4203
4103
4204
4104
4205
4105
4206
4106
4207
4107
4208
4108
4209
4109
4210
4110
4211
4111
4212
4112
4213
4113
4214
4114
4215
4115
4216
4116
4217
4117
4218
4118
4219
4119
4220
4120
4221
4121
4222
4122
4223
4123
4224
4124
4225
4125
4226
4126
4227
4127
4228
4128
4229
4129
4230
4130
4231
4131
4232
4132
4233
4133
4234
4134
4235
4135
4236
4136
4237
4137
4238
4138
4239
4139
4240
4140
4241
4141
4242
4142
4243
4143
4244
4245
4145
4246
4146
4247
4147
4248
4148
4249
4149
4250
4150
4251
4151
4252
4152
4253
4153
4254
4154
4255
4155
4256
4156
4257
4157
4258
4158
4259
4159
4260
4160
4261
4161
4262
4162
4263
4163
4264
4164
4265
4165
4266
4166
4267
4167
4268
4168
4269
4169
4270
4170
4271
4171
4272
4172
4273
4173
4274
4174
4275
4175
4276
4176
4277
4177
4278
4178
4279
4179
4280
4180
4281
4181
4282
4182
4283
4183
4284
4184
4285
4185
4286
4186
4287
4187
4288
4188
4289
4189
4290
4190
4291
4191
4292
4192
4293
4193
4294
4194
4295
4195
4296
4196
4297
4197
4298
4198
4299
4199
4300
4200
4301
4201
4302
4202
4303
4203
4304
4204
4305
4205
4306
4206
4307
4207
4308
4208
4309
4209
4310
4210
4311
4211
4312
4212
4313
4213
4314
4214
4315
4215
4316
4216
4317
4217
4318
4218
4319
4219
4320
4220
4321
4221
4322
4222
4323
4223
4324
4224
4325
4225
4326
4226
4327
4227
4328
4228
4329
4229
4330
4230
4331
4231
4332
4232
4333
4233
4334
4234
4335
4235
4336
4236
4337
4237
4338
4238
4339
4239
4340
4240
4341
4241
4342
4242
4343
4243
4344
4244
4345
4245
4346
4347
4247
4348
4248
4349
4249
4350
4250
4351
4251
4352
4252
4353
4253
4354
4254
4355
4255
4356
4256
4357
4257
4358
4258
4359
4259
4360
4260
4361
4261
4362
4262
4363
4263
4364
4264
4365
4265
4366
4266
4367
4267
4368
4268
4369
4269
4370
4270
4371
4271
4372
4272
4373
4273
4374
4274
4375
4275
4376
4276
4377
4277
4378
4278
4379
4279
4380
4280
4381
4281
4382
4282
4383
4283
4384
4284
4385
4285
4386
4286
4387
4287
4388
4288
4389
4289
4390
4290
4391
4291
4392
4292
4393
4293
4394
4294
4395
4295
4396
4296
4397
4297
4398
4298
4399
4299
4400
4300
4401
4301
4402
4302
4403
4303
4404
4304
4405
4305
4406
4306
4407
4307
4408
4308
4409
4309
4410
4310
4411
4311
4412
4312
4413
4313
4414
4314
4415
4315
4416
4316
4417
4317
4418
4318
4419
4319
4420
4320
4421
4321
4422
4322
4423
4323
4424
4324
4425
4325
4426
4326
4427
4327
4428
4328
4429
4329
4430
4330
4431
4331
4432
4332
4433
4333
4434
4334
4435
4335
4436
4336
4437
4337
4438
4338
4439
4339
4440
4340
4441
4341
4442
4342
4443
4343
4444
4344
4445
4345
4446
4346
4447
4347
4448
4449
4349
4450
4350
4451
4351
4452
4352
4453
4353
4454
4354
4455
4355
4456
4356
4457
4357
4458
4358
4459
4359
4460
4360
4461
4361
4462
4362
4463
4363
4464
4364
4465
4365
4466
4366
4467
4367
4468
4368
4469
4369
4470
4370
4471
4371
4472
4372
4473
4373
4474
4374
4475
4375
4476
4376
4477
4377
4478
4378
4479
4379
4480
4380
4481
4381
4482
4382
4483
4383
4484
4384
4485
4385
4486
4386
4487
4387
4488
4388
4489
4389
4490
4390
4491
4391
4492
4392
4493
4393
4494
4394
4495
4395
4496
4396
4497
4397
4498
4398
4499
4399
4500
4400
4501
4401
4502
4402
4503
4403
4504
4404
4505
4405
4506
4406
4507
4407
4508
4408
4509
4409
4510
4410
4511
4411
4512
4412
4513
4413
4514
4414
4515
4415
4516
4416
4517
4417
4518
4418
4519
4419
4520
4420
4521
4421
4522
4422
4523
4423
4524
4424
4525
4425
4526
4426
4527
4427
4528
4428
4529
4429
4530
4430
4531
4431
4532
4432
4533
4433
4534
4434
4535
4435
4536
4436
4537
4437
4538
4438
4539
4439
4540
4440
4541
4441
4542
4442
4543
4443
4544
4444
4545
4445
4546
4446
4547
4447
4548
4448
4549
4449
4550
4551
4451
4552
4452
4553
4453
4554
4454
4555
4455
4556
4456
4557
4457
4558
4458
4559
4459
4560
4460
4561
4461
4562
4462
4563
4463
4564
4464
4565
4465
4566
4466
4567
4467
4568
4468
4569
4469
4570
4470
4571
4471
4572
4472
4573
4473
4574
4474
4575
4475
4576
4476
4577
4477
4578
4478
4579
4479
4580
4480
4581
4481
4582
4482
4583
4483
4584
4484
4585
4485
4586
4486
4587
4487
4588
4488
4589
4489
4590
4490
4591
4491
4592
4492
4593
4493
4594
4494
4595
4495
4596
4496
4597
4497
4598
4498
4599
4499
4600
4500
4601
4501
4602
4502
4603
4503
4604
4504
4605
4505
4606
4506
4607
4507
4608
4508
4609
4509
4610
4510
4611
4511
4612
4512
4613
4513
4614
4514
4615
4515
4616
4516
4617
4517
4618
4518
4619
4519
4620
4520
4621
4521
4622
4522
4623
4523
4624
4524
4625
4525
4626
4526
4627
4527
4628
4528
4629
4529
4630
4530
4631
4531
4632
4532
4633
4533
4634
4534
4635
4535
4636
4536
4637
4537
4638
4538
4639
4539
4640
4540
4641
4541
4642
4542
4643
4543
4644
4544
4645
4545
4646
4546
4647
4547
4648
4548
4649
4549
4650
4550
4651
4551
4652
4653
4553
4654
4554
4655
4555
4656
4556
4657
4557
4658
4558
4659
4559
4660
4560
4661
4561
4662
4562
4663
4563
4664
4564
4665
4565
4666
4566
4667
4567
4668
4568
4669
4569
4670
4570
4671
4571
4672
4572
4673
4573
4674
4574
4675
4575
4676
4576
4677
4577
4678
4578
4679
4579
4680
4580
4681
4581
4682
4582
4683
4583
4684
4584
4685
4585
4686
4586
4687
4587
4688
4588
4689
4589
4690
4590
4691
4591
4692
4592
4693
4593
4694
4594
4695
4595
4696
4596
4697
4597
4698
4598
4699
4599
4700
4600
4701
4601
4702
4602
4703
4603
4704
4604
4705
4605
4706
4606
4707
4607
4708
4608
4709
4609
4710
4610
4711
4611
4712
4612
4713
4613
4714
4614
4715
4615
4716
4616
4717
4617
4718
4618
4719
4619
4720
4620
4721
4621
4722
4622
4723
4623
4724
4624
4725
4625
4726
4626
4727
4627
4728
4628
4729
4629
4730
4630
4731
4631
4732
4632
4733
4633
4734
4634
4735
4635
4736
4636
4737
4637
4738
4638
4739
4639
4740
4640
4741
4641
4742
4642
4743
4643
4744
4644
4745
4645
4746
4646
4747
4647
4748
4648
4749
4649
4750
4650
4751
4651
4752
4652
4753
4653
4754
4755
4655
4756
4656
4757
4657
4758
4658
4759
4659
4760
4660
4761
4661
4762
4662
4763
4663
4764
4664
4765
4665
4766
4666
4767
4667
4768
4668
4769
4669
4770
4670
4771
4671
4772
4672
4773
4673
4774
4674
4775
4675
4776
4676
4777
4677
4778
4678
4779
4679
4780
4680
4781
4681
4782
4682
4783
4683
4784
4684
4785
4685
4786
4686
4787
4687
4788
4688
4789
4689
4790
4690
4791
4691
4792
4692
4793
4693
4794
4694
4795
4695
4796
4696
4797
4697
4798
4698
4799
4699
4800
4700
4801
4701
4802
4702
4803
4703
4804
4704
4805
4705
4806
4706
4807
4707
4808
4708
4809
4709
4810
4710
4811
4711
4812
4712
4813
4713
4814
4714
4815
4715
4816
4716
4817
4717
4818
4718
4819
4719
4820
4720
4821
4721
4822
4722
4823
4723
4824
4724
4825
4725
4826
4726
4827
4727
4828
4728
4829
4729
4830
4730
4831
4731
4832
4732
4833
4733
4834
4734
4835
4735
4836
4736
4837
4737
4838
4738
4839
4739
4840
4740
4841
4741
4842
4742
4843
4743
4844
4744
4845
4745
4846
4746
4847
4747
4848
4748
4849
4749
4850
4750
4851
4751
4852
4752
4853
4753
4854
4754
4855
4755
4856
4857
4757
4858
4758
4859
4759
4860
4760
4861
4761
4862
4762
4863
4763
4864
4764
4865
4765
4866
4766
4867
4767
4868
4768
4869
4769
4870
4770
4871
4771
4872
4772
4873
4773
4874
4774
4875
4775
4876
4776
4877
4777
4878
4778
4879
4779
4880
4780
4881
4781
4882
4782
4883
4783
4884
4784
4885
4785
4886
4786
4887
4787
4888
4788
4889
4789
4890
4790
4891
4791
4892
4792
4893
4793
4894
4794
4895
4795
4896
4796
4897
4797
4898
4798
4899
4799
4900
4800
4901
4801
4902
4802
4903
4803
4904
4804
4905
4805
4906
4806
4907
4807
4908
4808
4909
4809
4910
4810
4911
4811
4912
4812
4913
4813
4914
4814
4915
4815
4916
4816
4917
4817
4918
4818
4919
4819
4920
4820
4921
4821
4922
4822
4923
4823
4924
4824
4925
4825
4926
4826
4927
4827
4928
4828
4929
4829
4930
4830
4931
4831
4932
4832
4933
4833
4934
4834
4935
4835
4936
4836
4937
4837
4938
4838
4939
4839
4940
4840
4941
4841
4942
4842
4943
4843
4944
4844
4945
4845
4946
4846
4947
4847
4948
4848
4949
4849
4950
4850
4951
4851
4952
4852
4953
4853
4954
4854
4955
4855
4956
4856
4957
4857
4958
4959
4859
4860
4861
4862
4863
4864
4865
4866
4867
4868
4869
4870
4871
4872
4873
4874
4875
4876
4877
4878
4879
4880
4881
4882
4883
4884
4885
4886
4887
4888
4889
4890
4891
4892
4893
4894
4895
4896
4897
4898
4899
4900
4901
4902
4903
4904
4905
4906
4907
4908
4909
4910
4911
4912
4913
4914
4915
4916
4917
4918
4919
4920
4921
4922
4923
4924
4925
4926
4927
4928
4929
4930
4931
4932
4933
4934
4935
4936
4937
4938
4939
4940
4941
4942
4943
4944
4945
4946
4947
4948
4949
4950
4951
4952
4953
4954
4955
4956
4957
4958
4959
)


// ************************************************************************* //
