/*--------------------------------*- C++ -*----------------------------------*\ 
| =========                 |                                                 |
| \\      /  F ield         | OpenFOAM: The Open Source CFD Toolbox           |
|  \\    /   O peration     | Version:  2406                                  |
|   \\  /    A nd           | Website:  www.openfoam.com                      |
|    \\/     M anipulation  |                                                 |
\*---------------------------------------------------------------------------*/
FoamFile
{
    version     2.0;
    format      ascii;
    class       dictionary;
    object      bolsigProperties;
}
// * * * * * * * * * * * * * * * * * * * * * * * * * * * * * * * * * * * * * //

EN
(
    0.100000
    3.544830
    6.989660
    10.434500
    13.879300
    17.324100
    20.769000
    24.213800
    27.658600
    31.103400
    34.548300
    37.993100
    41.437900
    44.882800
    48.327600
    51.772400
    55.217200
    58.662100
    62.106900
    65.551700
    68.996600
    72.441400
    75.886200
    79.331000
    82.775900
    86.220700
    89.665500
    93.110300
    96.555200
    100.000000
);

He
(
    0.000000
    0.111111
    0.222222
    0.333333
    0.444444
    0.555556
    0.666667
    0.777778
    0.888889
    1.000000
);

mobility
(
    2.554152e+02
    4.059909e+01
    3.444795e+01
    3.527071e+01
    3.561457e+01
    3.564158e+01
    3.555417e+01
    3.538756e+01
    3.521123e+01
    3.502974e+01
    3.482792e+01
    3.463885e+01
    3.442853e+01
    3.422883e+01
    3.402762e+01
    3.382398e+01
    3.363278e+01
    3.343520e+01
    3.323520e+01
    3.305493e+01
    3.284431e+01
    3.267223e+01
    3.247527e+01
    3.231290e+01
    3.213627e+01
    3.194810e+01
    3.178179e+01
    3.161032e+01
    3.145220e+01
    3.127921e+01
    2.967405e+02
    4.268225e+01
    3.679393e+01
    3.746737e+01
    3.764765e+01
    3.760607e+01
    3.745736e+01
    3.725341e+01
    3.702883e+01
    3.680061e+01
    3.658877e+01
    3.635144e+01
    3.611442e+01
    3.590895e+01
    3.566373e+01
    3.545341e+01
    3.522580e+01
    3.502064e+01
    3.478847e+01
    3.459393e+01
    3.437390e+01
    3.419727e+01
    3.399090e+01
    3.378270e+01
    3.360334e+01
    3.342124e+01
    3.323399e+01
    3.304674e+01
    3.287496e+01
    3.271593e+01
    3.290865e+02
    4.506131e+01
    3.940395e+01
    3.989469e+01
    3.991351e+01
    3.977299e+01
    3.954598e+01
    3.928771e+01
    3.901821e+01
    3.877117e+01
    3.849894e+01
    3.823187e+01
    3.797572e+01
    3.772504e+01
    3.746889e+01
    3.723065e+01
    3.697572e+01
    3.675417e+01
    3.650986e+01
    3.631017e+01
    3.607041e+01
    3.585068e+01
    3.564886e+01
    3.544370e+01
    3.523247e+01
    3.504006e+01
    3.486282e+01
    3.466889e+01
    3.446464e+01
    3.430410e+01
    3.554052e+02
    4.778270e+01
    4.233718e+01
    4.254992e+01
    4.240728e+01
    4.215478e+01
    4.185341e+01
    4.152413e+01
    4.121457e+01
    4.091866e+01
    4.060364e+01
    4.029985e+01
    4.001942e+01
    3.973202e+01
    3.945615e+01
    3.919818e+01
    3.892868e+01
    3.868407e+01
    3.841882e+01
    3.820152e+01
    3.796146e+01
    3.772200e+01
    3.750470e+01
    3.730683e+01
    3.707739e+01
    3.686859e+01
    3.668710e+01
    3.649105e+01
    3.629378e+01
    3.610804e+01
    3.772777e+02
    5.099727e+01
    4.560759e+01
    4.548680e+01
    4.514264e+01
    4.476631e+01
    4.438149e+01
    4.400425e+01
    4.363369e+01
    4.328467e+01
    4.294021e+01
    4.259879e+01
    4.228164e+01
    4.198422e+01
    4.168194e+01
    4.138786e+01
    4.110956e+01
    4.084977e+01
    4.057876e+01
    4.033263e+01
    4.010774e+01
    3.984522e+01
    3.963005e+01
    3.942003e+01
    3.919848e+01
    3.899029e+01
    3.879454e+01
    3.860152e+01
    3.840668e+01
    3.823065e+01
    3.956722e+02
    5.480971e+01
    4.925857e+01
    4.870592e+01
    4.818907e+01
    4.767709e+01
    4.719393e+01
    4.673869e+01
    4.630986e+01
    4.590865e+01
    4.553293e+01
    4.518058e+01
    4.481608e+01
    4.448923e+01
    4.419848e+01
    4.388407e+01
    4.361517e+01
    4.334294e+01
    4.306737e+01
    4.282367e+01
    4.258665e+01
    4.235478e+01
    4.213748e+01
    4.192443e+01
    4.172443e+01
    4.153232e+01
    4.134355e+01
    4.115690e+01
    4.098118e+01
    4.081244e+01
    4.112200e+02
    5.943369e+01
    5.330835e+01
    5.226100e+01
    5.152807e+01
    5.088498e+01
    5.031168e+01
    4.978695e+01
    4.931351e+01
    4.887891e+01
    4.848073e+01
    4.810926e+01
    4.774750e+01
    4.743369e+01
    4.712049e+01
    4.684734e+01
    4.658058e+01
    4.632656e+01
    4.609742e+01
    4.587071e+01
    4.566859e+01
    4.546980e+01
    4.527769e+01
    4.510258e+01
    4.493141e+01
    4.476510e+01
    4.460486e+01
    4.446798e+01
    4.432656e+01
    4.417663e+01
    4.243885e+02
    6.509287e+01
    5.769985e+01
    5.614112e+01
    5.516115e+01
    5.439241e+01
    5.375508e+01
    5.319879e+01
    5.272443e+01
    5.230137e+01
    5.193900e+01
    5.161882e+01
    5.132838e+01
    5.107041e+01
    5.085311e+01
    5.064825e+01
    5.046616e+01
    5.030440e+01
    5.016024e+01
    5.002246e+01
    4.990895e+01
    4.980273e+01
    4.969347e+01
    4.960668e+01
    4.953111e+01
    4.945402e+01
    4.938756e+01
    4.932231e+01
    4.926616e+01
    4.921457e+01
    4.355175e+02
    7.189378e+01
    6.226829e+01
    6.016358e+01
    5.902367e+01
    5.824704e+01
    5.769105e+01
    5.730410e+01
    5.703096e+01
    5.685250e+01
    5.675387e+01
    5.670197e+01
    5.670228e+01
    5.672959e+01
    5.679545e+01
    5.687496e+01
    5.696965e+01
    5.707436e+01
    5.719939e+01
    5.731927e+01
    5.745948e+01
    5.758604e+01
    5.773080e+01
    5.787253e+01
    5.801244e+01
    5.814750e+01
    5.829924e+01
    5.843581e+01
    5.858543e+01
    5.871866e+01
    4.448862e+02
    7.969954e+01
    6.512929e+01
    6.611259e+01
    6.783703e+01
    6.905827e+01
    7.001912e+01
    7.087375e+01
    7.165948e+01
    7.242792e+01
    7.317572e+01
    7.392352e+01
    7.469196e+01
    7.545432e+01
    7.621487e+01
    7.696995e+01
    7.773991e+01
    7.850440e+01
    7.926373e+01
    8.003429e+01
    8.075448e+01
    8.150228e+01
    8.228862e+01
    8.307466e+01
    8.374871e+01
    8.453961e+01
    8.524856e+01
    8.600182e+01
    8.665311e+01
    8.745402e+01
);

diffusion
(
    3.756206e+01
    5.482337e+01
    6.009772e+01
    6.814719e+01
    7.367527e+01
    7.762033e+01
    8.083460e+01
    8.350895e+01
    8.594598e+01
    8.821123e+01
    9.026131e+01
    9.226555e+01
    9.413080e+01
    9.591290e+01
    9.764886e+01
    9.926586e+01
    1.008923e+02
    1.024492e+02
    1.038801e+02
    1.053951e+02
    1.066792e+02
    1.081002e+02
    1.093633e+02
    1.107524e+02
    1.120006e+02
    1.131344e+02
    1.143988e+02
    1.155126e+02
    1.166753e+02
    1.177551e+02
    3.671806e+01
    5.716844e+01
    6.425129e+01
    7.306768e+01
    7.879514e+01
    8.301942e+01
    8.644310e+01
    8.936783e+01
    9.197967e+01
    9.440030e+01
    9.673991e+01
    9.888801e+01
    1.009132e+02
    1.029657e+02
    1.047703e+02
    1.066580e+02
    1.083527e+02
    1.100920e+02
    1.116452e+02
    1.133074e+02
    1.147763e+02
    1.164042e+02
    1.178042e+02
    1.191372e+02
    1.205994e+02
    1.219505e+02
    1.232619e+02
    1.245132e+02
    1.258088e+02
    1.271499e+02
    3.585766e+01
    5.986343e+01
    6.914021e+01
    7.872049e+01
    8.476631e+01
    8.926920e+01
    9.291138e+01
    9.608710e+01
    9.895964e+01
    1.017074e+02
    1.042121e+02
    1.065985e+02
    1.088789e+02
    1.110877e+02
    1.131684e+02
    1.152012e+02
    1.170941e+02
    1.190552e+02
    1.208155e+02
    1.227168e+02
    1.243256e+02
    1.259745e+02
    1.276607e+02
    1.292616e+02
    1.307742e+02
    1.323341e+02
    1.339302e+02
    1.353360e+02
    1.366379e+02
    1.382018e+02
    3.498331e+01
    6.297420e+01
    7.495357e+01
    8.531411e+01
    9.172656e+01
    9.654750e+01
    1.005190e+02
    1.039830e+02
    1.072140e+02
    1.102610e+02
    1.130686e+02
    1.157056e+02
    1.183363e+02
    1.207393e+02
    1.231329e+02
    1.254507e+02
    1.276094e+02
    1.297863e+02
    1.317457e+02
    1.339050e+02
    1.358155e+02
    1.376777e+02
    1.395863e+02
    1.415266e+02
    1.431848e+02
    1.449199e+02
    1.468042e+02
    1.485099e+02
    1.501171e+02
    1.517466e+02
    3.410531e+01
    6.676267e+01
    8.192382e+01
    9.308649e+01
    9.989469e+01
    1.051302e+02
    1.095290e+02
    1.134816e+02
    1.171117e+02
    1.205411e+02
    1.237687e+02
    1.267785e+02
    1.297469e+02
    1.325982e+02
    1.353205e+02
    1.378920e+02
    1.404291e+02
    1.429778e+02
    1.453114e+02
    1.477086e+02
    1.501083e+02
    1.521772e+02
    1.544716e+02
    1.567651e+02
    1.588331e+02
    1.609208e+02
    1.630498e+02
    1.651590e+02
    1.671684e+02
    1.692449e+02
    3.323278e+01
    7.143035e+01
    9.045038e+01
    1.023967e+02
    1.098662e+02
    1.156561e+02
    1.206334e+02
    1.251469e+02
    1.293299e+02
    1.332926e+02
    1.370804e+02
    1.407053e+02
    1.440634e+02
    1.473748e+02
    1.507484e+02
    1.537706e+02
    1.569184e+02
    1.599235e+02
    1.627560e+02
    1.656783e+02
    1.685533e+02
    1.713211e+02
    1.741126e+02
    1.768856e+02
    1.796307e+02
    1.823238e+02
    1.850021e+02
    1.876143e+02
    1.902528e+02
    1.928753e+02
    3.237147e+01
    7.751806e+01
    1.010507e+02
    1.139329e+02
    1.223153e+02
    1.289736e+02
    1.348589e+02
    1.402340e+02
    1.452583e+02
    1.500422e+02
    1.546580e+02
    1.590662e+02
    1.632470e+02
    1.674680e+02
    1.714744e+02
    1.755387e+02
    1.794889e+02
    1.833384e+02
    1.872270e+02
    1.910489e+02
    1.948762e+02
    1.986316e+02
    2.023256e+02
    2.060774e+02
    2.097475e+02
    2.133581e+02
    2.169326e+02
    2.206598e+02
    2.242716e+02
    2.276929e+02
    3.152534e+01
    8.584036e+01
    1.146498e+02
    1.290932e+02
    1.388789e+02
    1.470513e+02
    1.544379e+02
    1.612701e+02
    1.678039e+02
    1.740501e+02
    1.801815e+02
    1.861794e+02
    1.920586e+02
    1.978689e+02
    2.037126e+02
    2.094698e+02
    2.151860e+02
    2.208744e+02
    2.265842e+02
    2.321569e+02
    2.378225e+02
    2.434407e+02
    2.488895e+02
    2.544337e+02
    2.599763e+02
    2.654510e+02
    2.708747e+02
    2.762683e+02
    2.816653e+02
    2.870297e+02
    3.069772e+01
    9.774082e+01
    1.337074e+02
    1.516710e+02
    1.649833e+02
    1.766807e+02
    1.875815e+02
    1.981697e+02
    2.085278e+02
    2.188027e+02
    2.291002e+02
    2.392631e+02
    2.494810e+02
    2.595487e+02
    2.696771e+02
    2.796495e+02
    2.895806e+02
    2.994370e+02
    3.092564e+02
    3.189712e+02
    3.286950e+02
    3.382276e+02
    3.478483e+02
    3.573627e+02
    3.668042e+02
    3.761487e+02
    3.856206e+02
    3.949499e+02
    4.043642e+02
    4.135842e+02
    2.989105e+01
    1.159863e+02
    2.036525e+02
    2.803208e+02
    3.195083e+02
    3.461032e+02
    3.682428e+02
    3.884734e+02
    4.077845e+02
    4.266677e+02
    4.453293e+02
    4.640091e+02
    4.829317e+02
    5.019697e+02
    5.212504e+02
    5.407375e+02
    5.606343e+02
    5.808255e+02
    6.012959e+02
    6.222792e+02
    6.432231e+02
    6.647739e+02
    6.870804e+02
    7.098574e+02
    7.320819e+02
    7.558179e+02
    7.793050e+02
    8.035903e+02
    8.273475e+02
    8.532231e+02
);

rateCoefficients
(
    (0.000000e+00 0.000000e+00 0.000000e+00 0.000000e+00 0.000000e+00 0.000000e+00 0.000000e+00 3.536180e-36 3.166970e-26 0.000000e+00)
    (0.000000e+00 0.000000e+00 5.093240e-23 0.000000e+00 0.000000e+00 1.104960e-20 3.983600e-24 3.858920e-37 5.777830e-17 0.000000e+00)
    (0.000000e+00 0.000000e+00 4.731190e-20 2.901790e-25 0.000000e+00 6.802490e-18 1.745550e-19 2.334690e-37 1.852180e-16 2.583870e-28)
    (0.000000e+00 0.000000e+00 3.439340e-19 2.344380e-22 0.000000e+00 3.951220e-17 4.297680e-18 1.830700e-37 2.910330e-16 3.714370e-24)
    (0.000000e+00 0.000000e+00 8.750320e-19 6.949660e-21 0.000000e+00 8.639340e-17 2.007870e-17 1.623100e-37 3.551480e-16 2.047040e-22)
    (0.000000e+00 0.000000e+00 1.557600e-18 5.749500e-20 4.636160e-25 1.364770e-16 5.145500e-17 1.503500e-37 3.994610e-16 2.372240e-21)
    (0.000000e+00 0.000000e+00 2.354690e-18 2.506050e-19 1.159430e-23 1.863560e-16 9.885920e-17 1.416340e-37 4.341720e-16 1.274230e-20)
    (1.832740e-26 0.000000e+00 3.248350e-18 7.509460e-19 1.194460e-22 2.349890e-16 1.610940e-16 1.346790e-37 4.630460e-16 4.412220e-20)
    (2.572230e-25 0.000000e+00 4.233130e-18 1.770510e-18 7.153900e-22 2.825230e-16 2.367110e-16 1.286770e-37 4.884900e-16 1.161490e-19)
    (2.036670e-24 0.000000e+00 5.301810e-18 3.539880e-18 2.968940e-21 3.290100e-16 3.240450e-16 1.233560e-37 5.114730e-16 2.542220e-19)
    (1.081330e-23 2.144430e-27 6.443400e-18 6.281330e-18 9.515990e-21 3.742870e-16 4.212840e-16 1.186020e-37 5.324170e-16 4.880900e-19)
    (4.288290e-23 6.493260e-26 7.655790e-18 1.020120e-17 2.523950e-20 4.187030e-16 5.272370e-16 1.142150e-37 5.520020e-16 8.513530e-19)
    (1.360450e-22 3.871870e-25 8.924300e-18 1.545540e-17 5.783990e-20 4.618200e-16 6.401800e-16 1.102230e-37 5.700360e-16 1.378230e-18)
    (3.638590e-22 1.734280e-24 1.024920e-17 2.218830e-17 1.184540e-19 5.040360e-16 7.594110e-16 1.065150e-37 5.871130e-16 2.106460e-18)
    (8.501780e-22 6.312930e-24 1.162130e-17 3.048820e-17 2.217260e-19 5.451620e-16 8.837540e-16 1.030590e-37 6.031900e-16 3.072700e-18)
    (1.783030e-21 1.952620e-23 1.303450e-17 4.041500e-17 3.859710e-19 5.851580e-16 1.012330e-15 9.987500e-38 6.182960e-16 4.314340e-18)
    (3.423880e-21 5.293190e-23 1.448980e-17 5.201950e-17 6.330310e-19 6.242770e-16 1.144920e-15 9.686010e-38 6.327420e-16 5.870350e-18)
    (6.108450e-21 1.285460e-22 1.597500e-17 6.528430e-17 9.873990e-19 6.621510e-16 1.280340e-15 9.401980e-38 6.464310e-16 7.774560e-18)
    (1.025120e-20 2.849140e-22 1.748750e-17 8.019790e-17 1.476540e-18 6.988090e-16 1.418190e-15 9.141900e-38 6.592620e-16 1.006270e-17)
    (1.636830e-20 5.869840e-22 1.903600e-17 9.676990e-17 2.132630e-18 7.347810e-16 1.559010e-15 8.890510e-38 6.717100e-16 1.277630e-17)
    (2.494650e-20 1.125900e-21 2.058810e-17 1.148330e-16 2.981720e-18 7.689400e-16 1.700040e-15 8.662530e-38 6.831080e-16 1.592960e-17)
    (3.659390e-20 2.036270e-21 2.218290e-17 1.345430e-16 4.059410e-18 8.027990e-16 1.844570e-15 8.437690e-38 6.944860e-16 1.957860e-17)
    (5.196980e-20 3.513020e-21 2.377660e-17 1.555980e-16 5.398820e-18 8.349410e-16 1.988740e-15 8.234570e-38 7.048100e-16 2.372940e-17)
    (7.176040e-20 5.807360e-21 2.541020e-17 1.781960e-16 7.038030e-18 8.669090e-16 2.136010e-15 8.025740e-38 7.153160e-16 2.844190e-17)
    (9.656200e-20 9.236290e-21 2.704490e-17 2.019880e-16 9.004020e-18 8.973970e-16 2.283190e-15 7.841400e-38 7.249210e-16 3.370510e-17)
    (1.270430e-19 1.420120e-20 2.867760e-17 2.269620e-16 1.133210e-17 9.264870e-16 2.429890e-15 7.667080e-38 7.339180e-16 3.955420e-17)
    (1.639720e-19 2.123120e-20 3.033760e-17 2.531410e-16 1.406280e-17 9.551700e-16 2.578730e-15 7.493290e-38 7.428000e-16 4.602780e-17)
    (2.077950e-19 3.084350e-20 3.199690e-17 2.803790e-16 1.721670e-17 9.826810e-16 2.727170e-15 7.332460e-38 7.512370e-16 5.312920e-17)
    (2.592020e-19 4.374370e-20 3.367350e-17 3.086730e-16 2.083350e-17 1.009530e-15 2.877070e-15 7.176840e-38 7.594100e-16 6.089540e-17)
    (3.185610e-19 6.067020e-20 3.533520e-17 3.377160e-16 2.492700e-17 1.035000e-15 3.025400e-15 7.035620e-38 7.668530e-16 6.929670e-17)
    (0.000000e+00 0.000000e+00 0.000000e+00 0.000000e+00 0.000000e+00 0.000000e+00 0.000000e+00 4.013630e-36 2.161020e-27 0.000000e+00)
    (0.000000e+00 0.000000e+00 8.309060e-23 0.000000e+00 0.000000e+00 1.754940e-20 9.722790e-24 3.801320e-37 6.109620e-17 0.000000e+00)
    (0.000000e+00 0.000000e+00 6.704890e-20 1.162130e-24 0.000000e+00 9.290210e-18 3.159540e-19 2.248200e-37 2.012340e-16 5.534860e-27)
    (0.000000e+00 0.000000e+00 4.394880e-19 6.380100e-22 0.000000e+00 4.861470e-17 6.543540e-18 1.771110e-37 3.082150e-16 1.252770e-23)
    (0.000000e+00 0.000000e+00 1.068660e-18 1.562380e-20 2.223550e-26 1.013780e-16 2.811830e-17 1.576040e-37 3.716310e-16 5.334430e-22)
    (0.000000e+00 0.000000e+00 1.863110e-18 1.151750e-19 2.393190e-24 1.563690e-16 6.876490e-17 1.459470e-37 4.160950e-16 5.304120e-21)
    (3.201730e-27 0.000000e+00 2.784600e-18 4.634990e-19 4.666090e-23 2.104530e-16 1.280770e-16 1.373430e-37 4.510910e-16 2.575230e-20)
    (1.188780e-25 0.000000e+00 3.816620e-18 1.309500e-18 4.084440e-22 2.629930e-16 2.041890e-16 1.303460e-37 4.804960e-16 8.312280e-20)
    (1.342050e-24 0.000000e+00 4.949160e-18 2.947080e-18 2.162560e-21 3.140560e-16 2.948900e-16 1.243420e-37 5.063270e-16 2.077340e-19)
    (8.985400e-24 1.162930e-27 6.173490e-18 5.674210e-18 8.151930e-21 3.637830e-16 3.980830e-16 1.190100e-37 5.296970e-16 4.370860e-19)
    (4.170330e-23 6.612050e-26 7.483580e-18 9.766280e-18 2.421470e-20 4.124550e-16 5.119900e-16 1.141590e-37 5.513310e-16 8.143250e-19)
    (1.475080e-22 4.627530e-25 8.861410e-18 1.543730e-17 6.017680e-20 4.595530e-16 6.344060e-16 1.097930e-37 5.710680e-16 1.384630e-18)
    (4.260110e-22 2.318650e-24 1.030240e-17 2.286490e-17 1.307520e-19 5.053580e-16 7.640280e-16 1.058050e-37 5.894560e-16 2.196490e-18)
    (1.052690e-21 9.158550e-24 1.180890e-17 3.219640e-17 2.560570e-19 5.503350e-16 9.003900e-16 1.020240e-37 6.071060e-16 3.301830e-18)
    (2.295000e-21 3.002070e-23 1.335070e-17 4.344660e-17 4.607030e-19 5.933540e-16 1.040720e-15 9.865700e-38 6.231250e-16 4.743810e-18)
    (4.535870e-21 8.493620e-23 1.494810e-17 5.672650e-17 7.754240e-19 6.356060e-16 1.186180e-15 9.541330e-38 6.386680e-16 6.579630e-18)
    (8.261240e-21 2.127850e-22 1.657530e-17 7.196550e-17 1.233730e-18 6.761850e-16 1.334470e-15 9.249310e-38 6.529690e-16 8.849500e-18)
    (1.407570e-20 4.824680e-22 1.824530e-17 8.920520e-17 1.874610e-18 7.158530e-16 1.486390e-15 8.969310e-38 6.668380e-16 1.160820e-17)
    (2.268770e-20 1.008670e-21 1.992890e-17 1.082610e-16 2.738490e-18 7.536250e-16 1.639370e-15 8.713590e-38 6.795330e-16 1.488630e-17)
    (3.485480e-20 1.958010e-21 2.165710e-17 1.292860e-16 3.869240e-18 7.907790e-16 1.795970e-15 8.465970e-38 6.920200e-16 1.875030e-17)
    (5.130810e-20 3.564130e-21 2.338970e-17 1.519280e-16 5.301570e-18 8.260210e-16 1.952770e-15 8.242170e-38 7.033920e-16 2.319880e-17)
    (7.312810e-20 6.182230e-21 2.516960e-17 1.764560e-16 7.099480e-18 8.610110e-16 2.113190e-15 8.014900e-38 7.148890e-16 2.833450e-17)
    (1.009790e-19 1.023200e-20 2.694230e-17 2.023620e-16 9.287660e-18 8.939530e-16 2.272800e-15 7.816870e-38 7.251890e-16 3.411930e-17)
    (1.357960e-19 1.627330e-20 2.872350e-17 2.296610e-16 1.191740e-17 9.255790e-16 2.432820e-15 7.629380e-38 7.349100e-16 4.060920e-17)
    (1.786970e-19 2.505920e-20 3.053680e-17 2.585270e-16 1.505340e-17 9.567380e-16 2.595230e-15 7.440950e-38 7.445900e-16 4.789040e-17)
    (2.300240e-19 3.730260e-20 3.235480e-17 2.885410e-16 1.870270e-17 9.865910e-16 2.757920e-15 7.266990e-38 7.537180e-16 5.590890e-17)
    (2.908040e-19 5.402630e-20 3.417050e-17 3.197000e-16 2.292480e-17 1.015130e-15 2.920130e-15 7.107170e-38 7.621650e-16 6.472660e-17)
    (3.615210e-19 7.631580e-20 3.598680e-17 3.517790e-16 2.774390e-17 1.042500e-15 3.082250e-15 6.950610e-38 7.702390e-16 7.433140e-17)
    (4.430920e-19 1.054760e-19 3.781820e-17 3.849780e-16 3.321980e-17 1.069190e-15 3.245580e-15 6.797510e-38 7.781590e-16 8.480500e-17)
    (5.361180e-19 1.429110e-19 3.966340e-17 4.190840e-16 3.938540e-17 1.095340e-15 3.409930e-15 6.650240e-38 7.858550e-16 9.614970e-17)
    (0.000000e+00 0.000000e+00 0.000000e+00 0.000000e+00 0.000000e+00 0.000000e+00 0.000000e+00 4.335960e-36 3.543020e-28 0.000000e+00)
    (0.000000e+00 0.000000e+00 1.421870e-22 0.000000e+00 0.000000e+00 2.912410e-20 2.555120e-23 3.731090e-37 6.539830e-17 0.000000e+00)
    (0.000000e+00 0.000000e+00 9.625440e-20 4.871690e-24 0.000000e+00 1.280270e-17 5.847960e-19 2.156680e-37 2.193750e-16 3.816660e-26)
    (0.000000e+00 0.000000e+00 5.681630e-19 1.810620e-21 0.000000e+00 6.024570e-17 1.014360e-17 1.707950e-37 3.272790e-16 4.395670e-23)
    (0.000000e+00 0.000000e+00 1.322470e-18 3.644120e-20 2.165280e-25 1.198840e-16 4.005670e-17 1.524020e-37 3.902210e-16 1.437890e-21)
    (0.000000e+00 0.000000e+00 2.258960e-18 2.381410e-19 1.262920e-23 1.804740e-16 9.330640e-17 1.410670e-37 4.347860e-16 1.222570e-20)
    (4.283140e-26 0.000000e+00 3.339140e-18 8.818510e-19 1.952660e-22 2.393860e-16 1.682950e-16 1.325860e-37 4.700650e-16 5.360990e-20)
    (7.905230e-25 0.000000e+00 4.546230e-18 2.341890e-18 1.447910e-21 2.963870e-16 2.621790e-16 1.255740e-37 5.000040e-16 1.612450e-19)
    (7.191920e-24 4.480960e-28 5.866930e-18 5.022290e-18 6.769100e-21 3.516040e-16 3.719780e-16 1.195150e-37 5.264200e-16 3.828450e-19)
    (4.064680e-23 6.829560e-26 7.293090e-18 9.302110e-18 2.318150e-20 4.054410e-16 4.952300e-16 1.140930e-37 5.505620e-16 7.751070e-19)
    (1.639720e-22 5.791470e-25 8.803640e-18 1.548580e-17 6.357530e-20 4.573890e-16 6.291040e-16 1.092750e-37 5.723570e-16 1.399530e-18)
    (5.176750e-22 3.302700e-24 1.039130e-17 2.380860e-17 1.481120e-19 5.077920e-16 7.717420e-16 1.048960e-37 5.925690e-16 2.321530e-18)
    (1.359350e-21 1.426690e-23 1.204820e-17 3.444040e-17 3.049270e-19 5.566860e-16 9.218060e-16 1.008760e-37 6.114430e-16 3.609180e-18)
    (3.096860e-21 4.987100e-23 1.376460e-17 4.746960e-17 5.700020e-19 6.040210e-16 1.077850e-15 9.718090e-38 6.290730e-16 5.329800e-18)
    (6.301140e-21 1.473850e-22 1.552780e-17 6.291260e-17 9.860120e-19 6.495920e-16 1.238400e-15 9.379250e-38 6.454640e-16 7.547790e-18)
    (1.172020e-20 3.809630e-22 1.734100e-17 8.078900e-17 1.602800e-18 6.938120e-16 1.403350e-15 9.062510e-38 6.610710e-16 1.033230e-17)
    (2.026950e-20 8.851730e-22 1.918280e-17 1.009690e-16 2.475650e-18 7.360630e-16 1.570720e-15 8.773450e-38 6.753910e-16 1.373990e-17)
    (3.295060e-20 1.870920e-21 2.107230e-17 1.235050e-16 3.661110e-18 7.772810e-16 1.741980e-15 8.497520e-38 6.892790e-16 1.784120e-17)
    (5.079090e-20 3.650900e-21 2.297500e-17 1.480880e-16 5.211410e-18 8.163830e-16 1.914150e-15 8.247570e-38 7.019520e-16 2.265980e-17)
    (7.517490e-20 6.706520e-21 2.492810e-17 1.749090e-16 7.206130e-18 8.548790e-16 2.090210e-15 8.001550e-38 7.145100e-16 2.830710e-17)
    (1.070970e-19 1.164070e-20 2.687110e-17 2.034400e-16 9.688030e-18 8.908700e-16 2.265090e-15 7.785300e-38 7.256990e-16 3.476240e-17)
    (1.478090e-19 1.926400e-20 2.884100e-17 2.337780e-16 1.272500e-17 9.257400e-16 2.441960e-15 7.578710e-38 7.364580e-16 4.210330e-17)
    (1.986310e-19 3.064470e-20 3.083630e-17 2.658000e-16 1.638780e-17 9.596760e-16 2.620620e-15 7.375220e-38 7.469590e-16 5.038670e-17)
    (2.604480e-19 4.693480e-20 3.283520e-17 2.993270e-16 2.072210e-17 9.919780e-16 2.799400e-15 7.192050e-38 7.566410e-16 5.963260e-17)
    (3.340180e-19 6.955260e-20 3.483170e-17 3.340170e-16 2.576420e-17 1.022740e-15 2.977710e-15 7.016680e-38 7.657230e-16 6.982360e-17)
    (4.206670e-19 1.002530e-19 3.684640e-17 3.701040e-16 3.159850e-17 1.052610e-15 3.157510e-15 6.845420e-38 7.745980e-16 8.107180e-17)
    (5.212250e-19 1.409390e-19 3.887660e-17 4.073520e-16 3.827340e-17 1.081710e-15 3.338430e-15 6.682100e-38 7.831610e-16 9.339020e-17)
    (6.356930e-19 1.935420e-19 4.088270e-17 4.453120e-16 4.578770e-17 1.108900e-15 3.517410e-15 6.535600e-38 7.909160e-16 1.067050e-16)
    (7.647430e-19 2.603960e-19 4.286910e-17 4.838660e-16 5.419290e-17 1.134630e-15 3.694620e-15 6.397460e-38 7.981410e-16 1.210480e-16)
    (9.099910e-19 3.443260e-19 4.489920e-17 5.236740e-16 6.360410e-17 1.160540e-15 3.875780e-15 6.252900e-38 8.056090e-16 1.366140e-16)
    (0.000000e+00 0.000000e+00 0.000000e+00 0.000000e+00 0.000000e+00 0.000000e+00 0.000000e+00 4.558510e-36 9.245010e-29 0.000000e+00)
    (0.000000e+00 0.000000e+00 2.560480e-22 0.000000e+00 0.000000e+00 5.062580e-20 7.262740e-23 3.647140e-37 7.096430e-17 0.000000e+00)
    (0.000000e+00 0.000000e+00 1.404950e-19 2.174220e-23 0.000000e+00 1.785080e-17 1.114380e-18 2.058410e-37 2.401950e-16 2.454240e-25)
    (0.000000e+00 0.000000e+00 7.449240e-19 5.399520e-21 0.000000e+00 7.526810e-17 1.606300e-17 1.640980e-37 3.484010e-16 1.614830e-22)
    (0.000000e+00 0.000000e+00 1.663270e-18 8.879600e-20 1.783440e-24 1.430170e-16 5.822260e-17 1.467030e-37 4.111130e-16 4.037360e-21)
    (9.993220e-27 0.000000e+00 2.786880e-18 5.120680e-19 7.036240e-23 2.101800e-16 1.290220e-16 1.356340e-37 4.559280e-16 2.932220e-20)
    (3.959130e-25 0.000000e+00 4.077750e-18 1.737800e-18 8.592620e-22 2.749320e-16 2.251420e-16 1.271960e-37 4.917990e-16 1.160800e-19)
    (5.472530e-24 4.440330e-29 5.513140e-18 4.323130e-18 5.388430e-21 3.371600e-16 3.422480e-16 1.201640e-37 5.223110e-16 3.253740e-19)
    (3.982240e-23 6.640520e-26 7.079590e-18 8.809130e-18 2.216990e-20 3.973630e-16 4.766820e-16 1.140500e-37 5.494700e-16 7.338870e-19)
    (1.889270e-22 7.729280e-25 8.759690e-18 1.565060e-17 6.872490e-20 4.556340e-16 6.250150e-16 1.086060e-37 5.741710e-16 1.428950e-18)
    (6.619370e-22 5.125920e-24 1.052990e-17 2.516520e-17 1.739430e-19 5.115540e-16 7.840210e-16 1.037780e-37 5.964660e-16 2.501730e-18)
    (1.862020e-21 2.448450e-23 1.238260e-17 3.757340e-17 3.794580e-19 5.655100e-16 9.517860e-16 9.942970e-38 6.170230e-16 4.048070e-18)
    (4.441130e-21 9.155010e-23 1.431100e-17 5.299780e-17 7.394270e-19 6.177150e-16 1.126970e-15 9.539570e-38 6.363040e-16 6.165130e-18)
    (9.315200e-21 2.830280e-22 1.629490e-17 7.143150e-17 1.318190e-18 6.676810e-16 1.307430e-15 9.178400e-38 6.540260e-16 8.942930e-18)
    (1.766580e-20 7.532690e-22 1.833220e-17 9.285210e-17 2.189960e-18 7.157180e-16 1.492530e-15 8.843750e-38 6.705510e-16 1.247520e-17)
    (3.094830e-20 1.783660e-21 2.042000e-17 1.171790e-16 3.439760e-18 7.620410e-16 1.681750e-15 8.532940e-38 6.861840e-16 1.685670e-17)
    (5.057080e-20 3.799390e-21 2.253560e-17 1.441760e-16 5.139750e-18 8.060250e-16 1.873150e-15 8.249730e-38 7.005130e-16 2.213890e-17)
    (7.836190e-20 7.482370e-21 2.469370e-17 1.738080e-16 7.391130e-18 8.485260e-16 2.067750e-15 7.984260e-38 7.141720e-16 2.843140e-17)
    (1.158930e-19 1.374830e-20 2.686030e-17 2.056970e-16 1.027070e-17 8.886070e-16 2.262670e-15 7.742970e-38 7.266420e-16 3.576710e-17)
    (1.650450e-19 2.385640e-20 2.907750e-17 2.400180e-16 1.388310e-17 9.278680e-16 2.461500e-15 7.505510e-38 7.389460e-16 4.427220e-17)
    (2.272880e-19 3.941460e-20 3.129010e-17 2.761440e-16 1.829840e-17 9.647140e-16 2.659640e-15 7.293280e-38 7.500750e-16 5.393550e-17)
    (3.037830e-19 6.221950e-20 3.350990e-17 3.139500e-16 2.357770e-17 9.998230e-16 2.858050e-15 7.094200e-38 7.604540e-16 6.479180e-17)
    (3.963120e-19 9.467370e-20 3.575140e-17 3.535340e-16 2.983020e-17 1.033700e-15 3.058210e-15 6.900090e-38 7.705310e-16 7.695910e-17)
    (5.061180e-19 1.394600e-19 3.801170e-17 3.946510e-16 3.713070e-17 1.066510e-15 3.259760e-15 6.716540e-38 7.801890e-16 9.047310e-17)
    (6.332390e-19 1.992990e-19 4.023560e-17 4.365390e-16 4.547440e-17 1.096800e-15 3.458320e-15 6.554810e-38 7.887450e-16 1.052110e-16)
    (7.793570e-19 2.777810e-19 4.247180e-17 4.796950e-16 5.499190e-17 1.126170e-15 3.657840e-15 6.394930e-38 7.970950e-16 1.213640e-16)
    (9.452850e-19 3.786400e-19 4.472910e-17 5.239740e-16 6.574150e-17 1.154890e-15 3.859450e-15 6.233840e-38 8.053970e-16 1.389580e-16)
    (1.130360e-18 5.051810e-19 4.695430e-17 5.686400e-16 7.770230e-17 1.181750e-15 4.058570e-15 6.089430e-38 8.128470e-16 1.578630e-16)
    (1.335380e-18 6.618160e-19 4.916310e-17 6.139240e-16 9.094490e-17 1.207230e-15 4.256650e-15 5.956280e-38 8.198030e-16 1.781610e-16)
    (1.560430e-18 8.525450e-19 5.136420e-17 6.596490e-16 1.055120e-16 1.231770e-15 4.454410e-15 5.825340e-38 8.265720e-16 1.998710e-16)
    (0.000000e+00 0.000000e+00 0.000000e+00 0.000000e+00 0.000000e+00 0.000000e+00 0.000000e+00 4.711300e-36 3.111530e-29 0.000000e+00)
    (0.000000e+00 0.000000e+00 4.883840e-22 0.000000e+00 0.000000e+00 9.264890e-20 2.258860e-22 3.542560e-37 7.843890e-17 0.000000e+00)
    (0.000000e+00 0.000000e+00 2.093380e-19 1.051680e-22 0.000000e+00 2.524030e-17 2.198390e-18 1.953920e-37 2.640780e-16 1.680390e-24)
    (0.000000e+00 0.000000e+00 9.970480e-19 1.721280e-20 5.797600e-26 9.518070e-17 2.620020e-17 1.568770e-37 3.723790e-16 6.314070e-22)
    (0.000000e+00 0.000000e+00 2.138500e-18 2.289900e-19 1.542420e-23 1.726150e-16 8.687740e-17 1.403970e-37 4.349460e-16 1.198480e-20)
    (1.531180e-25 0.000000e+00 3.519260e-18 1.156290e-18 4.206410e-22 2.477530e-16 1.827830e-16 1.294880e-37 4.802780e-16 7.413300e-20)
    (3.877120e-24 0.000000e+00 5.098030e-18 3.577660e-18 4.040150e-21 3.196040e-16 3.080160e-16 1.210390e-37 5.169460e-16 2.650170e-19)
    (3.967100e-23 7.396700e-26 6.846830e-18 8.306180e-18 2.132410e-20 3.884140e-16 4.565900e-16 1.139390e-37 5.484590e-16 6.926700e-19)
    (2.299740e-22 1.135880e-24 8.738980e-18 1.602330e-17 7.706060e-20 4.543860e-16 6.231980e-16 1.077980e-37 5.763590e-16 1.484210e-18)
    (9.115800e-22 8.991930e-24 1.075520e-17 2.722350e-17 2.155710e-19 5.177730e-16 8.040250e-16 1.023770e-37 6.015520e-16 2.778010e-18)
    (2.768250e-21 4.799620e-23 1.287230e-17 4.219330e-17 5.028210e-19 5.783830e-16 9.956880e-16 9.755900e-38 6.244340e-16 4.716120e-18)
    (6.921910e-21 1.923590e-22 1.507240e-17 6.104230e-17 1.025200e-18 6.362490e-16 1.195510e-15 9.324900e-38 6.453170e-16 7.439370e-18)
    (1.495520e-20 6.211460e-22 1.734970e-17 8.378410e-17 1.886930e-18 6.917020e-16 1.402310e-15 8.932380e-38 6.646540e-16 1.108880e-17)
    (2.886790e-20 1.697020e-21 1.969300e-17 1.103270e-16 3.207010e-18 7.447530e-16 1.614690e-15 8.573720e-38 6.826400e-16 1.580200e-17)
    (5.094600e-20 4.061220e-21 2.208130e-17 1.404020e-16 5.109730e-18 7.950600e-16 1.830660e-15 8.246340e-38 6.991530e-16 2.169080e-17)
    (8.365800e-20 8.728930e-21 2.451030e-17 1.738020e-16 7.726540e-18 8.428640e-16 2.049650e-15 7.951540e-38 7.143700e-16 2.887420e-17)
    (1.295600e-19 1.719230e-20 2.697680e-17 2.102820e-16 1.118990e-17 8.884050e-16 2.271380e-15 7.677520e-38 7.285830e-16 3.745860e-17)
    (1.911520e-19 3.149310e-20 2.947770e-17 2.495840e-16 1.563150e-17 9.319310e-16 2.495590e-15 7.418570e-38 7.419770e-16 4.754250e-17)
    (2.706610e-19 5.432240e-20 3.198480e-17 2.911900e-16 2.116840e-17 9.729000e-16 2.719920e-15 7.186670e-38 7.542060e-16 5.917120e-17)
    (3.702530e-19 8.886800e-20 3.451790e-17 3.351530e-16 2.792680e-17 1.012080e-15 2.946290e-15 6.962120e-38 7.658860e-16 7.246750e-17)
    (4.919070e-19 1.391220e-19 3.707160e-17 3.811520e-16 3.602650e-17 1.049660e-15 3.174180e-15 6.753210e-38 7.769210e-16 8.749810e-17)
    (6.362150e-19 2.093160e-19 3.958720e-17 4.282850e-16 4.549990e-17 1.084200e-15 3.398890e-15 6.568570e-38 7.866760e-16 1.041580e-16)
    (8.055590e-19 3.048130e-19 4.213730e-17 4.772160e-16 5.652370e-17 1.118000e-15 3.626590e-15 6.383820e-38 7.963260e-16 1.226970e-16)
    (1.000210e-18 4.311530e-19 4.468090e-17 5.272170e-16 6.913930e-17 1.150110e-15 3.854060e-15 6.206100e-38 8.054840e-16 1.430450e-16)
    (1.220420e-18 5.939910e-19 4.719540e-17 5.779840e-16 8.338400e-17 1.180060e-15 4.079470e-15 6.049580e-38 8.136860e-16 1.651730e-16)
    (1.466630e-18 7.995960e-19 4.970020e-17 6.294290e-16 9.933900e-17 1.208720e-15 4.304480e-15 5.897350e-38 8.216000e-16 1.891420e-16)
    (1.739190e-18 1.054950e-18 5.219570e-17 6.814600e-16 1.170620e-16 1.236200e-15 4.529370e-15 5.749270e-38 8.291900e-16 2.149730e-16)
    (2.037490e-18 1.366410e-18 5.466770e-17 7.338160e-16 1.365760e-16 1.262240e-15 4.752980e-15 5.609270e-38 8.362680e-16 2.426390e-16)
    (2.360790e-18 1.740570e-18 5.710600e-17 7.862450e-16 1.578870e-16 1.286710e-15 4.974560e-15 5.478390e-38 8.428190e-16 2.721050e-16)
    (2.709710e-18 2.184730e-18 5.953650e-17 8.388760e-16 1.810830e-16 1.310420e-15 5.196440e-15 5.350330e-38 8.492030e-16 3.034550e-16)
    (0.000000e+00 0.000000e+00 0.000000e+00 0.000000e+00 0.000000e+00 0.000000e+00 0.000000e+00 4.812890e-36 1.194020e-29 0.000000e+00)
    (0.000000e+00 0.000000e+00 9.942620e-22 0.000000e+00 0.000000e+00 1.795380e-19 7.808100e-22 3.415320e-37 8.851210e-17 0.000000e+00)
    (0.000000e+00 0.000000e+00 3.209500e-19 5.683120e-22 0.000000e+00 3.637490e-17 4.552360e-18 1.841160e-37 2.919290e-16 1.283100e-23)
    (0.000000e+00 0.000000e+00 1.374190e-18 5.997520e-20 1.207310e-24 1.223540e-16 4.447110e-17 1.488680e-37 4.001040e-16 2.688510e-21)
    (3.790150e-26 0.000000e+00 2.842910e-18 6.376770e-19 1.477550e-22 2.121650e-16 1.345970e-16 1.330400e-37 4.633250e-16 3.851560e-20)
    (2.483420e-24 0.000000e+00 4.599590e-18 2.793520e-18 2.782430e-21 2.974850e-16 2.680540e-16 1.222750e-37 5.095430e-16 2.027990e-19)
    (4.091100e-23 8.932570e-26 6.592730e-18 7.817660e-18 2.084990e-20 3.782890e-16 4.350200e-16 1.137710e-37 5.472940e-16 6.541210e-19)
    (3.066000e-22 1.944450e-24 8.781320e-18 1.682400e-17 9.203320e-20 4.550230e-16 6.270360e-16 1.066640e-37 5.797200e-16 1.592260e-18)
    (1.404380e-21 1.892430e-23 1.113040e-17 3.058010e-17 2.905640e-19 5.279220e-16 8.376770e-16 1.005370e-37 6.084070e-16 3.238850e-18)
    (4.634790e-21 1.138750e-22 1.361300e-17 4.949620e-17 7.314820e-19 5.972060e-16 1.062300e-15 9.517830e-38 6.341020e-16 5.823740e-18)
    (1.215230e-20 4.887650e-22 1.620630e-17 7.368630e-17 1.567430e-18 6.629660e-16 1.297490e-15 9.042350e-38 6.574290e-16 9.575270e-18)
    (2.694140e-20 1.638840e-21 1.889140e-17 1.030650e-16 2.981350e-18 7.252810e-16 1.540760e-15 8.616920e-38 6.786940e-16 1.471680e-17)
    (5.260450e-20 4.562910e-21 2.163790e-17 1.372330e-16 5.172490e-18 7.837310e-16 1.789060e-15 8.239620e-38 6.978010e-16 2.143380e-17)
    (9.306920e-20 1.095370e-20 2.445210e-17 1.760040e-16 8.351330e-18 8.391540e-16 2.042640e-15 7.898030e-38 7.154280e-16 2.993390e-17)
    (1.525230e-19 2.349270e-20 2.732700e-17 2.189690e-16 1.274080e-17 8.919010e-16 2.300780e-15 7.578770e-38 7.319570e-16 4.039690e-17)
    (2.346910e-19 4.588440e-20 3.021400e-17 2.653930e-16 1.853170e-17 9.408550e-16 2.559490e-15 7.297590e-38 7.467050e-16 5.291770e-17)
    (3.433570e-19 8.312770e-20 3.314810e-17 3.151790e-16 2.594270e-17 9.876230e-16 2.821850e-15 7.032280e-38 7.606910e-16 6.768880e-17)
    (4.814410e-19 1.414310e-19 3.608610e-17 3.675730e-16 3.514470e-17 1.031340e-15 3.084330e-15 6.789710e-38 7.734330e-16 8.476590e-17)
    (6.509920e-19 2.278090e-19 3.901720e-17 4.221140e-16 4.627380e-17 1.072180e-15 3.346170e-15 6.568720e-38 7.850760e-16 1.041960e-16)
    (8.542240e-19 3.506130e-19 4.196520e-17 4.786760e-16 5.949700e-17 1.111080e-15 3.609800e-15 6.358110e-38 7.961100e-16 1.261070e-16)
    (1.092640e-18 5.197990e-19 4.490210e-17 5.366810e-16 7.495570e-17 1.147700e-15 3.872920e-15 6.161550e-38 8.063520e-16 1.505320e-16)
    (1.366060e-18 7.442600e-19 4.781720e-17 5.957220e-16 9.269970e-17 1.182080e-15 4.134740e-15 5.979690e-38 8.158620e-16 1.774420e-16)
    (1.675210e-18 1.034700e-18 5.071880e-17 6.557430e-16 1.128370e-16 1.214640e-15 4.396270e-15 5.806490e-38 8.247860e-16 2.069060e-16)
    (2.019750e-18 1.403270e-18 5.358860e-17 7.161130e-16 1.354470e-16 1.245290e-15 4.656090e-15 5.642160e-38 8.331320e-16 2.388930e-16)
    (2.399410e-18 1.859660e-18 5.643420e-17 7.768740e-16 1.605790e-16 1.274250e-15 4.915080e-15 5.487250e-38 8.409240e-16 2.734430e-16)
    (2.812440e-18 2.415490e-18 5.924520e-17 8.376830e-16 1.882380e-16 1.301700e-15 5.172290e-15 5.341900e-38 8.482990e-16 3.104810e-16)
    (3.256790e-18 3.080050e-18 6.201670e-17 8.983490e-16 2.183850e-16 1.327540e-15 5.427530e-15 5.203570e-38 8.551370e-16 3.499260e-16)
    (3.732920e-18 3.865650e-18 6.473810e-17 9.586430e-16 2.511240e-16 1.351760e-15 5.679870e-15 5.073340e-38 8.614720e-16 3.918420e-16)
    (4.237900e-18 4.782320e-18 6.742370e-17 1.018510e-15 2.863970e-16 1.374830e-15 5.930760e-15 4.946240e-38 8.675290e-16 4.361430e-16)
    (4.770980e-18 5.840110e-18 7.006700e-17 1.077920e-15 3.242390e-16 1.396660e-15 6.179560e-15 4.826070e-38 8.732150e-16 4.828590e-16)
    (0.000000e+00 0.000000e+00 0.000000e+00 0.000000e+00 0.000000e+00 0.000000e+00 0.000000e+00 4.875750e-36 4.809650e-30 0.000000e+00)
    (0.000000e+00 0.000000e+00 2.183520e-21 1.262150e-28 0.000000e+00 3.711720e-19 3.072940e-21 3.256020e-37 1.024540e-16 0.000000e+00)
    (0.000000e+00 0.000000e+00 5.141460e-19 3.612950e-21 0.000000e+00 5.393560e-17 1.012150e-17 1.717540e-37 3.251790e-16 1.149440e-22)
    (0.000000e+00 0.000000e+00 1.988470e-18 2.384190e-19 2.643980e-23 1.616650e-16 8.029260e-17 1.396060e-37 4.337790e-16 1.306280e-20)
    (1.359350e-24 0.000000e+00 3.977610e-18 1.983120e-18 1.674680e-21 2.679930e-16 2.202810e-16 1.242060e-37 4.982630e-16 1.401790e-19)
    (4.579990e-23 1.267140e-25 6.328850e-18 7.423870e-18 2.139080e-20 3.671390e-16 4.132720e-16 1.134590e-37 5.461190e-16 6.267170e-19)
    (4.810230e-22 4.326320e-24 8.965100e-18 1.858730e-17 1.236340e-19 4.598150e-16 6.436980e-16 1.049230e-37 5.853510e-16 1.821890e-18)
    (2.607050e-21 5.342850e-23 1.182450e-17 3.677440e-17 4.525020e-19 5.465930e-16 9.000090e-16 9.782800e-38 6.189410e-16 4.125010e-18)
    (9.359080e-21 3.624050e-22 1.486380e-17 6.255550e-17 1.240560e-18 6.279120e-16 1.174840e-15 9.181080e-38 6.483490e-16 7.950830e-18)
    (2.553300e-20 1.646750e-21 1.804510e-17 9.592510e-17 2.795310e-18 7.039650e-16 1.462780e-15 8.657010e-38 6.745020e-16 1.370450e-17)
    (5.744520e-20 5.641170e-21 2.134110e-17 1.365090e-16 5.476160e-18 7.750180e-16 1.760410e-15 8.195840e-38 6.978970e-16 2.176810e-17)
    (1.122390e-19 1.570940e-20 2.472390e-17 1.836290e-16 9.665160e-18 8.412190e-16 2.064880e-15 7.791650e-38 7.188560e-16 3.247640e-17)
    (1.969980e-19 3.735490e-20 2.816320e-17 2.364550e-16 1.573790e-17 9.025620e-16 2.373490e-15 7.432920e-38 7.376040e-16 4.610690e-17)
    (3.186950e-19 7.872720e-20 3.166230e-17 2.944030e-16 2.408140e-17 9.600620e-16 2.686660e-15 7.105820e-38 7.548490e-16 6.296140e-17)
    (4.827330e-19 1.505970e-19 3.517530e-17 3.563010e-16 3.501050e-17 1.013150e-15 3.000810e-15 6.813890e-38 7.702780e-16 8.316950e-17)
    (6.936400e-19 2.661990e-19 3.871540e-17 4.217610e-16 4.883510e-17 1.062960e-15 3.317330e-15 6.542780e-38 7.845760e-16 1.069490e-16)
    (9.540350e-19 4.407370e-19 4.224540e-17 4.898230e-16 6.577680e-17 1.109060e-15 3.633490e-15 6.294760e-38 7.975860e-16 1.343470e-16)
    (1.266280e-18 6.924610e-19 4.575470e-17 5.596810e-16 8.607260e-17 1.151920e-15 3.948660e-15 6.069310e-38 8.094410e-16 1.654440e-16)
    (1.630750e-18 1.038990e-18 4.924870e-17 6.311560e-16 1.098650e-16 1.192040e-15 4.263770e-15 5.857410e-38 8.204320e-16 2.003080e-16)
    (2.046740e-18 1.501270e-18 5.269480e-17 7.032760e-16 1.372770e-16 1.229190e-15 4.576240e-15 5.660100e-38 8.304940e-16 2.388870e-16)
    (2.513010e-18 2.097610e-18 5.610940e-17 7.759280e-16 1.683770e-16 1.264130e-15 4.887780e-15 5.475900e-38 8.398720e-16 2.811890e-16)
    (3.027270e-18 2.847910e-18 5.946610e-17 8.485670e-16 2.031890e-16 1.296620e-15 5.196250e-15 5.304340e-38 8.485070e-16 3.271330e-16)
    (3.587930e-18 3.771980e-18 6.275710e-17 9.208220e-16 2.417770e-16 1.326760e-15 5.501130e-15 5.144140e-38 8.563920e-16 3.767010e-16)
    (4.191460e-18 4.888590e-18 6.599860e-17 9.926220e-16 2.841140e-16 1.355160e-15 5.804120e-15 4.989520e-38 8.638430e-16 4.298300e-16)
    (4.833940e-18 6.212180e-18 6.916850e-17 1.063490e-15 3.300900e-16 1.381680e-15 6.103170e-15 4.847040e-38 8.706940e-16 4.863320e-16)
    (5.513320e-18 7.758870e-18 7.226930e-17 1.133460e-15 3.797140e-16 1.406320e-15 6.398670e-15 4.712370e-38 8.769750e-16 5.462120e-16)
    (6.225610e-18 9.547880e-18 7.529190e-17 1.202050e-15 4.329040e-16 1.429370e-15 6.689880e-15 4.584620e-38 8.828130e-16 6.092950e-16)
    (6.971220e-18 1.159200e-17 7.827440e-17 1.270000e-15 4.898050e-16 1.451420e-15 6.980120e-15 4.458950e-38 8.884630e-16 6.758500e-16)
    (7.741040e-18 1.389420e-17 8.117160e-17 1.336340e-15 5.499210e-16 1.471940e-15 7.265270e-15 4.341460e-38 8.936260e-16 7.452430e-16)
    (8.533770e-18 1.647270e-17 8.397120e-17 1.400950e-15 6.133090e-16 1.490600e-15 7.544350e-15 4.234630e-38 8.981580e-16 8.175140e-16)
    (0.000000e+00 0.000000e+00 0.000000e+00 0.000000e+00 0.000000e+00 0.000000e+00 0.000000e+00 4.908750e-36 1.887030e-30 0.000000e+00)
    (0.000000e+00 0.000000e+00 5.291190e-21 6.310630e-26 0.000000e+00 8.322550e-19 1.447610e-20 3.056450e-37 1.220930e-16 0.000000e+00)
    (0.000000e+00 0.000000e+00 8.908650e-19 3.007970e-20 7.539470e-25 8.397800e-17 2.536520e-17 1.576820e-37 3.667030e-16 1.347460e-21)
    (5.755390e-25 0.000000e+00 3.146560e-18 1.178050e-18 8.011510e-22 2.245710e-16 1.610500e-16 1.279610e-37 4.779530e-16 8.033600e-20)
    (6.367170e-23 2.596730e-25 6.096590e-18 7.387430e-18 2.531840e-20 3.557250e-16 3.957480e-16 1.128350e-37 5.450750e-16 6.388120e-19)
    (1.047830e-21 1.600140e-23 9.517580e-18 2.305110e-17 2.130000e-19 4.750910e-16 6.937670e-16 1.020590e-37 5.954450e-16 2.412560e-18)
    (6.806250e-21 2.539760e-22 1.328390e-17 5.070280e-17 9.297450e-19 5.841420e-16 1.031510e-15 9.359030e-38 6.365210e-16 6.287910e-18)
    (2.613720e-20 1.890830e-21 1.730330e-17 9.092630e-17 2.778660e-18 6.837050e-16 1.394340e-15 8.667310e-38 6.711430e-16 1.316460e-17)
    (7.238400e-20 8.767290e-21 2.151600e-17 1.430930e-16 6.531770e-18 7.746560e-16 1.774090e-15 8.085420e-38 7.009610e-16 2.389420e-17)
    (1.610320e-19 2.956510e-20 2.586300e-17 2.057480e-16 1.302350e-17 8.574510e-16 2.164640e-15 7.590390e-38 7.268120e-16 3.919790e-17)
    (3.072120e-19 7.961830e-20 3.030630e-17 2.773210e-16 2.308280e-17 9.329710e-16 2.562620e-15 7.159970e-38 7.495570e-16 5.970220e-17)
    (5.233610e-19 1.816490e-19 3.480140e-17 3.559160e-16 3.743790e-17 1.001720e-15 2.964810e-15 6.782220e-38 7.696160e-16 8.582810e-17)
    (8.183960e-19 3.654400e-19 3.930710e-17 4.398660e-16 5.671720e-17 1.064150e-15 3.368350e-15 6.447920e-38 7.873390e-16 1.179010e-16)
    (1.197600e-18 6.667200e-19 4.379550e-17 5.275090e-16 8.140450e-17 1.121080e-15 3.771530e-15 6.148640e-38 8.031680e-16 1.560760e-16)
    (1.662430e-18 1.124110e-18 4.825540e-17 6.179070e-16 1.118560e-16 1.173150e-15 4.174290e-15 5.876220e-38 8.174060e-16 2.004820e-16)
    (2.211790e-18 1.780250e-18 5.263880e-17 7.093720e-16 1.483000e-16 1.220460e-15 4.572980e-15 5.628810e-38 8.301300e-16 2.510190e-16)
    (2.841030e-18 2.674750e-18 5.694580e-17 8.013590e-16 1.908080e-16 1.263760e-15 4.968060e-15 5.402930e-38 8.416350e-16 3.076070e-16)
    (3.546040e-18 3.848760e-18 6.115580e-17 8.929080e-16 2.394570e-16 1.303370e-15 5.358170e-15 5.194320e-38 8.520250e-16 3.701230e-16)
    (4.320080e-18 5.342240e-18 6.526570e-17 9.835650e-16 2.942230e-16 1.339670e-15 5.743360e-15 5.000130e-38 8.614580e-16 4.384370e-16)
    (5.155800e-18 7.184260e-18 6.925670e-17 1.072650e-15 3.548830e-16 1.372840e-15 6.122080e-15 4.823690e-38 8.699140e-16 5.121900e-16)
    (6.047960e-18 9.415430e-18 7.314100e-17 1.160070e-15 4.214890e-16 1.403530e-15 6.495540e-15 4.655340e-38 8.777420e-16 5.914030e-16)
    (6.986890e-18 1.204870e-17 7.690860e-17 1.245460e-15 4.936100e-16 1.431800e-15 6.862740e-15 4.498430e-38 8.848660e-16 6.756010e-16)
    (7.966510e-18 1.511680e-17 8.053880e-17 1.328450e-15 5.711460e-16 1.457400e-15 7.221830e-15 4.355030e-38 8.911570e-16 7.646390e-16)
    (8.986800e-18 1.864590e-17 8.406590e-17 1.409360e-15 6.542500e-16 1.481290e-15 7.575970e-15 4.217460e-38 8.970420e-16 8.587140e-16)
    (1.003520e-17 2.264200e-17 8.748480e-17 1.488120e-15 7.423070e-16 1.503410e-15 7.924250e-15 4.087330e-38 9.024380e-16 9.572490e-16)
    (1.110820e-17 2.712100e-17 9.078070e-17 1.564300e-15 8.351980e-16 1.523720e-15 8.265440e-15 3.964750e-38 9.073300e-16 1.060080e-15)
    (1.220430e-17 3.210210e-17 9.395890e-17 1.637970e-15 9.329310e-16 1.542320e-15 8.599960e-15 3.850910e-38 9.116940e-16 1.167240e-15)
    (1.331560e-17 3.758500e-17 9.703310e-17 1.709390e-15 1.035080e-15 1.559600e-15 8.928640e-15 3.742010e-38 9.157200e-16 1.278400e-15)
    (1.444080e-17 4.357390e-17 1.000110e-16 1.778660e-15 1.141560e-15 1.575670e-15 9.251980e-15 3.637360e-38 9.194530e-16 1.393530e-15)
    (1.557740e-17 5.009520e-17 1.028810e-16 1.845570e-15 1.252400e-15 1.590450e-15 9.569160e-15 3.538920e-38 9.228030e-16 1.512630e-15)
    (0.000000e+00 0.000000e+00 0.000000e+00 0.000000e+00 0.000000e+00 0.000000e+00 0.000000e+00 4.918440e-36 6.518520e-31 0.000000e+00)
    (0.000000e+00 0.000000e+00 1.486520e-20 5.388820e-24 0.000000e+00 2.091620e-18 9.254870e-20 2.807940e-37 1.499290e-16 1.073840e-25)
    (1.538560e-25 0.000000e+00 1.872420e-18 4.439480e-19 2.384710e-22 1.469030e-16 8.285550e-17 1.394630e-37 4.264430e-16 2.891210e-20)
    (1.833060e-22 1.592010e-24 6.156690e-18 9.169080e-18 5.079230e-20 3.514010e-16 4.070380e-16 1.109380e-37 5.470350e-16 8.590630e-19)
    (5.283760e-21 2.016440e-22 1.152460e-17 4.018760e-17 7.232790e-19 5.291440e-16 8.752750e-16 9.573260e-38 6.205820e-16 4.942090e-18)
    (3.859710e-20 3.717390e-21 1.752100e-17 9.913010e-17 3.739860e-18 6.820520e-16 1.412990e-15 8.511530e-38 6.746200e-16 1.539860e-17)
    (1.450400e-19 2.670030e-20 2.390280e-17 1.838900e-16 1.170190e-17 8.138360e-16 1.985960e-15 7.708190e-38 7.169130e-16 3.506760e-17)
    (3.747070e-19 1.121430e-19 3.049840e-17 2.891140e-16 2.734560e-17 9.275960e-16 2.576580e-15 7.069010e-38 7.511430e-16 6.609650e-17)
    (7.655510e-19 3.359930e-19 3.715480e-17 4.085470e-16 5.294740e-17 1.025640e-15 3.172730e-15 6.547000e-38 7.792620e-16 1.097550e-16)
    (1.335690e-18 8.010420e-19 4.375790e-17 5.365950e-16 9.004470e-17 1.110360e-15 3.766690e-15 6.108990e-38 8.027010e-16 1.665190e-16)
    (2.086460e-18 1.625070e-18 5.022230e-17 6.687200e-16 1.394780e-16 1.183820e-15 4.353260e-15 5.731970e-38 8.225240e-16 2.362880e-16)
    (3.003790e-18 2.925670e-18 5.646850e-17 8.011790e-16 2.013810e-16 1.247480e-15 4.926980e-15 5.406750e-38 8.392740e-16 3.184080e-16)
    (4.068810e-18 4.815280e-18 6.247120e-17 9.318710e-16 2.756230e-16 1.303020e-15 5.486670e-15 5.118230e-38 8.536530e-16 4.122670e-16)
    (5.257950e-18 7.382470e-18 6.819750e-17 1.058880e-15 3.615500e-16 1.351560e-15 6.029860e-15 4.863790e-38 8.659820e-16 5.168260e-16)
    (6.548190e-18 1.071190e-17 7.365210e-17 1.181380e-15 4.586130e-16 1.394450e-15 6.557130e-15 4.632500e-38 8.767740e-16 6.313660e-16)
    (7.917200e-18 1.486030e-17 7.882550e-17 1.298790e-15 5.659940e-16 1.432200e-15 7.067340e-15 4.424810e-38 8.861000e-16 7.550120e-16)
    (9.347450e-18 1.987440e-17 8.372480e-17 1.410810e-15 6.830470e-16 1.465540e-15 7.560760e-15 4.235530e-38 8.942110e-16 8.871250e-16)
    (1.082140e-17 2.578390e-17 8.837060e-17 1.517570e-15 8.089810e-16 1.495250e-15 8.038740e-15 4.061680e-38 9.013370e-16 1.027010e-15)
    (1.233100e-17 3.262970e-17 9.276780e-17 1.618960e-15 9.435650e-16 1.521650e-15 8.501620e-15 3.902590e-38 9.075350e-16 1.174470e-15)
    (1.385800e-17 4.039480e-17 9.694270e-17 1.715530e-15 1.085620e-15 1.545350e-15 8.950580e-15 3.754140e-38 9.130380e-16 1.328590e-15)
    (1.540170e-17 4.914150e-17 1.008950e-16 1.807110e-15 1.235470e-15 1.566480e-15 9.385930e-15 3.617180e-38 9.178280e-16 1.489680e-15)
    (1.694850e-17 5.879220e-17 1.046400e-16 1.894070e-15 1.391710e-15 1.585220e-15 9.807750e-15 3.491090e-38 9.219370e-16 1.656570e-15)
    (1.849450e-17 6.944500e-17 1.082060e-16 1.976940e-15 1.554800e-15 1.602270e-15 1.021890e-14 3.371320e-38 9.256230e-16 1.829810e-15)
    (2.004020e-17 8.101220e-17 1.115930e-16 2.055620e-15 1.724000e-15 1.617390e-15 1.061860e-14 3.260250e-38 9.287830e-16 2.008820e-15)
    (2.157360e-17 9.353700e-17 1.148110e-16 2.130430e-15 1.898870e-15 1.630990e-15 1.100740e-14 3.156300e-38 9.315180e-16 2.193260e-15)
    (2.309660e-17 1.069720e-16 1.178670e-16 2.201490e-15 2.079110e-15 1.642980e-15 1.138560e-14 3.059470e-38 9.338010e-16 2.382940e-15)
    (2.461250e-17 1.213950e-16 1.207840e-16 2.269220e-15 2.265540e-15 1.653770e-15 1.175580e-14 2.966850e-38 9.357950e-16 2.578760e-15)
    (2.610700e-17 1.366810e-16 1.235670e-16 2.333830e-15 2.456150e-15 1.663470e-15 1.211670e-14 2.879350e-38 9.374880e-16 2.778900e-15)
    (2.759040e-17 1.529110e-16 1.262250e-16 2.395450e-15 2.652290e-15 1.672040e-15 1.247010e-14 2.796550e-38 9.388800e-16 2.984750e-15)
    (2.905440e-17 1.700060e-16 1.287410e-16 2.453720e-15 2.852740e-15 1.679430e-15 1.281370e-14 2.719980e-38 9.399260e-16 3.195010e-15)
    (0.000000e+00 0.000000e+00 0.000000e+00 0.000000e+00 0.000000e+00 0.000000e+00 0.000000e+00 4.909830e-36 1.590140e-31 0.000000e+00)
    (5.413200e-26 0.000000e+00 7.017810e-20 1.023230e-20 3.221170e-23 7.351660e-18 1.883600e-18 2.491060e-37 1.918170e-16 8.305010e-22)
    (2.969670e-19 3.088720e-20 2.377080e-17 2.597560e-16 2.401730e-17 7.024240e-16 1.978250e-15 8.443650e-38 6.684850e-16 6.083940e-17)
    (3.195830e-18 1.063980e-18 6.328520e-17 1.007700e-15 2.068100e-16 1.257090e-15 5.477110e-15 5.757910e-38 8.312160e-16 3.619830e-16)
    (6.874940e-18 4.317890e-18 8.114940e-17 1.413540e-15 4.334370e-16 1.395170e-15 7.132870e-15 5.184760e-38 8.624460e-16 6.529680e-16)
    (1.015530e-17 9.781500e-18 9.082160e-17 1.640950e-15 6.527440e-16 1.448000e-15 8.095680e-15 4.823150e-38 8.751510e-16 9.043940e-16)
    (1.302690e-17 1.727850e-17 9.757990e-17 1.797980e-15 8.665960e-16 1.481850e-15 8.813810e-15 4.506690e-38 8.846730e-16 1.136810e-15)
    (1.559870e-17 2.671340e-17 1.030120e-16 1.921490e-15 1.079750e-15 1.509800e-15 9.422200e-15 4.223360e-38 8.930890e-16 1.362020e-15)
    (1.796890e-17 3.800280e-17 1.077720e-16 2.027960e-15 1.296040e-15 1.535110e-15 9.976710e-15 3.970000e-38 9.006980e-16 1.587360e-15)
    (2.018950e-17 5.114700e-17 1.120700e-16 2.122940e-15 1.517450e-15 1.558260e-15 1.049560e-14 3.744750e-38 9.074500e-16 1.816160e-15)
    (2.230510e-17 6.610800e-17 1.160440e-16 2.210070e-15 1.745610e-15 1.579440e-15 1.099080e-14 3.543480e-38 9.133700e-16 2.051090e-15)
    (2.434520e-17 8.289770e-17 1.197520e-16 2.291270e-15 1.981810e-15 1.598400e-15 1.146790e-14 3.364040e-38 9.184060e-16 2.294040e-15)
    (2.631610e-17 1.015310e-16 1.232590e-16 2.368050e-15 2.226280e-15 1.615500e-15 1.193170e-14 3.202060e-38 9.227010e-16 2.545850e-15)
    (2.823540e-17 1.219940e-16 1.265620e-16 2.440350e-15 2.479490e-15 1.630590e-15 1.238240e-14 3.055990e-38 9.262540e-16 2.807080e-15)
    (3.010920e-17 1.442640e-16 1.297140e-16 2.509540e-15 2.741380e-15 1.643980e-15 1.282400e-14 2.922440e-38 9.291960e-16 3.078210e-15)
    (3.195080e-17 1.683680e-16 1.326920e-16 2.574960e-15 3.012660e-15 1.655550e-15 1.325530e-14 2.801010e-38 9.315110e-16 3.359890e-15)
    (3.376260e-17 1.943590e-16 1.355150e-16 2.636970e-15 3.293660e-15 1.665390e-15 1.367790e-14 2.689570e-38 9.332730e-16 3.652720e-15)
    (3.554240e-17 2.221850e-16 1.381830e-16 2.695560e-15 3.583950e-15 1.673690e-15 1.409130e-14 2.586920e-38 9.345490e-16 3.956260e-15)
    (3.728060e-17 2.518440e-16 1.407010e-16 2.750790e-15 3.882890e-15 1.680630e-15 1.449570e-14 2.492010e-38 9.353980e-16 4.270050e-15)
    (3.899150e-17 2.833660e-16 1.430960e-16 2.803310e-15 4.191170e-15 1.686280e-15 1.489330e-14 2.403700e-38 9.358510e-16 4.595050e-15)
    (4.068950e-17 3.165610e-16 1.453720e-16 2.853210e-15 4.508450e-15 1.690620e-15 1.528480e-14 2.321880e-38 9.359250e-16 4.930860e-15)
    (4.234280e-17 3.516670e-16 1.475340e-16 2.900390e-15 4.834390e-15 1.694150e-15 1.566980e-14 2.244710e-38 9.357370e-16 5.277410e-15)
    (4.396050e-17 3.888660e-16 1.495520e-16 2.944180e-15 5.170250e-15 1.696540e-15 1.604660e-14 2.172530e-38 9.352430e-16 5.635910e-15)
    (4.554350e-17 4.279130e-16 1.514730e-16 2.985660e-15 5.515040e-15 1.698260e-15 1.641840e-14 2.104200e-38 9.345470e-16 6.005770e-15)
    (4.712370e-17 4.681810e-16 1.532960e-16 3.024960e-15 5.866010e-15 1.698810e-15 1.678420e-14 2.040650e-38 9.335380e-16 6.383390e-15)
    (4.863530e-17 5.109190e-16 1.549850e-16 3.060950e-15 6.228280e-15 1.698850e-15 1.714300e-14 1.980210e-38 9.323740e-16 6.774790e-15)
    (5.016520e-17 5.550140e-16 1.566670e-16 3.096770e-15 6.597590e-15 1.698390e-15 1.750310e-14 1.922070e-38 9.310550e-16 7.176130e-15)
    (5.160420e-17 6.012050e-16 1.581300e-16 3.127280e-15 6.975370e-15 1.696910e-15 1.784810e-14 1.868530e-38 9.294990e-16 7.587400e-15)
    (5.306480e-17 6.484850e-16 1.596100e-16 3.158470e-15 7.358500e-15 1.695070e-15 1.819520e-14 1.816500e-38 9.278510e-16 8.006970e-15)
    (5.445060e-17 6.986110e-16 1.609330e-16 3.185340e-15 7.755230e-15 1.692880e-15 1.853510e-14 1.767090e-38 9.260620e-16 8.442630e-15)
);

