/*--------------------------------*- C++ -*----------------------------------*\ 
| =========                 |                                                 |
| \\      /  F ield         | OpenFOAM: The Open Source CFD Toolbox           |
|  \\    /   O peration     | Version:  2406                                  |
|   \\  /    A nd           | Website:  www.openfoam.com                      |
|    \\/     M anipulation  |                                                 |
\*---------------------------------------------------------------------------*/
FoamFile
{
    version     2.0;
    format      ascii;
    class       dictionary;
    object      bolsigProperties;
}
// * * * * * * * * * * * * * * * * * * * * * * * * * * * * * * * * * * * * * //

EN
(
    0.100000
    10.441400
    20.782800
    31.124100
    41.465500
    51.806900
    62.148300
    72.489700
    82.831000
    93.172400
    103.514000
    113.855000
    124.197000
    134.538000
    144.879000
    155.221000
    165.562000
    175.903000
    186.245000
    196.586000
    206.928000
    217.269000
    227.610000
    237.952000
    248.293000
    258.634000
    268.976000
    279.317000
    289.659000
    300.000000
);

He
(
    0.000000
    0.111111
    0.222222
    0.333333
    0.444444
    0.555556
    0.666667
    0.777778
    0.888889
    1.000000
);

electronMobility
(
    3.440253e-01
    4.750908e-02
    4.788801e-02
    4.718124e-02
    4.637104e-02
    4.555511e-02
    4.476208e-02
    4.400339e-02
    4.328108e-02
    4.257266e-02
    4.190227e-02
    4.130504e-02
    4.069674e-02
    4.012625e-02
    3.958314e-02
    3.907605e-02
    3.859365e-02
    3.813603e-02
    3.768384e-02
    3.726553e-02
    3.685867e-02
    3.645893e-02
    3.609818e-02
    3.574414e-02
    3.538176e-02
    3.505334e-02
    3.474235e-02
    3.443131e-02
    3.412587e-02
    3.383952e-02
    3.996874e-01
    5.046659e-02
    5.045187e-02
    4.956605e-02
    4.864098e-02
    4.775026e-02
    4.685380e-02
    4.605750e-02
    4.525711e-02
    4.450701e-02
    4.383620e-02
    4.317153e-02
    4.253914e-02
    4.197135e-02
    4.139743e-02
    4.088523e-02
    4.037855e-02
    3.990710e-02
    3.945287e-02
    3.900877e-02
    3.860980e-02
    3.820016e-02
    3.782257e-02
    3.746547e-02
    3.712238e-02
    3.677602e-02
    3.645480e-02
    3.614568e-02
    3.584752e-02
    3.555745e-02
    4.432551e-01
    5.373641e-02
    5.326468e-02
    5.222025e-02
    5.114721e-02
    5.014406e-02
    4.917321e-02
    4.828494e-02
    4.745144e-02
    4.669111e-02
    4.597043e-02
    4.527101e-02
    4.463700e-02
    4.404182e-02
    4.347566e-02
    4.294057e-02
    4.243286e-02
    4.194805e-02
    4.149799e-02
    4.104588e-02
    4.063481e-02
    4.024880e-02
    3.986132e-02
    3.949656e-02
    3.915012e-02
    3.881713e-02
    3.849334e-02
    3.817372e-02
    3.787858e-02
    3.759055e-02
    4.787044e-01
    5.731282e-02
    5.637099e-02
    5.511236e-02
    5.389992e-02
    5.279418e-02
    5.174321e-02
    5.080424e-02
    4.993518e-02
    4.914583e-02
    4.839081e-02
    4.769711e-02
    4.706310e-02
    4.645443e-02
    4.588827e-02
    4.535236e-02
    4.485569e-02
    4.436271e-02
    4.391918e-02
    4.349119e-02
    4.307669e-02
    4.269039e-02
    4.232004e-02
    4.196031e-02
    4.161203e-02
    4.128787e-02
    4.097557e-02
    4.067585e-02
    4.037237e-02
    4.009232e-02
    5.081650e-01
    6.126652e-02
    5.977612e-02
    5.829797e-02
    5.694655e-02
    5.574270e-02
    5.465248e-02
    5.366406e-02
    5.279295e-02
    5.198847e-02
    5.125431e-02
    5.056592e-02
    4.993845e-02
    4.935103e-02
    4.881104e-02
    4.828044e-02
    4.781075e-02
    4.734516e-02
    4.691962e-02
    4.651411e-02
    4.612127e-02
    4.575010e-02
    4.539896e-02
    4.507030e-02
    4.473388e-02
    4.442566e-02
    4.412643e-02
    4.384846e-02
    4.356354e-02
    4.329416e-02
    5.329411e-01
    6.560162e-02
    6.356386e-02
    6.183227e-02
    6.036026e-02
    5.910490e-02
    5.800488e-02
    5.704466e-02
    5.619562e-02
    5.543080e-02
    5.474241e-02
    5.411494e-02
    5.352385e-02
    5.300388e-02
    5.250680e-02
    5.205306e-02
    5.162670e-02
    5.121138e-02
    5.083653e-02
    5.048417e-02
    5.012976e-02
    4.980723e-02
    4.949615e-02
    4.920387e-02
    4.891405e-02
    4.863076e-02
    4.837364e-02
    4.811448e-02
    4.786798e-02
    4.762231e-02
    5.538829e-01
    7.038924e-02
    6.776406e-02
    6.583258e-02
    6.430865e-02
    6.309622e-02
    6.208653e-02
    6.124077e-02
    6.051560e-02
    5.989180e-02
    5.932442e-02
    5.884124e-02
    5.840221e-02
    5.800365e-02
    5.762512e-02
    5.729156e-02
    5.696658e-02
    5.667267e-02
    5.639674e-02
    5.612572e-02
    5.586533e-02
    5.563314e-02
    5.539973e-02
    5.516959e-02
    5.495907e-02
    5.473996e-02
    5.455152e-02
    5.434059e-02
    5.414928e-02
    5.395919e-02
    5.716198e-01
    7.561506e-02
    7.240043e-02
    7.044320e-02
    6.913265e-02
    6.821699e-02
    6.755967e-02
    6.707854e-02
    6.671309e-02
    6.643185e-02
    6.622174e-02
    6.604106e-02
    6.589471e-02
    6.577208e-02
    6.566989e-02
    6.555993e-02
    6.547858e-02
    6.539560e-02
    6.531343e-02
    6.522718e-02
    6.515319e-02
    6.507675e-02
    6.499745e-02
    6.492468e-02
    6.482780e-02
    6.475136e-02
    6.465244e-02
    6.458581e-02
    6.448484e-02
    6.441126e-02
    5.866097e-01
    8.103220e-02
    7.770310e-02
    7.657488e-02
    7.637417e-02
    7.660758e-02
    7.704497e-02
    7.756657e-02
    7.814091e-02
    7.871197e-02
    7.928058e-02
    7.982794e-02
    8.035403e-02
    8.088299e-02
    8.135391e-02
    8.178476e-02
    8.220335e-02
    8.258637e-02
    8.299229e-02
    8.329397e-02
    8.362222e-02
    8.389283e-02
    8.412216e-02
    8.440094e-02
    8.460329e-02
    8.474023e-02
    8.496424e-02
    8.507257e-02
    8.522177e-02
    8.530312e-02
    5.992287e-01
    8.905448e-02
    9.431546e-02
    9.756076e-02
    1.006135e-01
    1.036843e-01
    1.067730e-01
    1.097935e-01
    1.128151e-01
    1.158516e-01
    1.186586e-01
    1.215254e-01
    1.241338e-01
    1.265170e-01
    1.289578e-01
    1.311158e-01
    1.331535e-01
    1.351557e-01
    1.369642e-01
    1.385756e-01
    1.400725e-01
    1.413365e-01
    1.426241e-01
    1.437016e-01
    1.445948e-01
    1.455342e-01
    1.461878e-01
    1.468967e-01
    1.474751e-01
    1.479464e-01
);

electronDiffusivity
(
    5.059331e-02
    9.180720e-02
    1.088925e-01
    1.188332e-01
    1.268085e-01
    1.337238e-01
    1.399417e-01
    1.456270e-01
    1.508814e-01
    1.556139e-01
    1.600577e-01
    1.644701e-01
    1.684123e-01
    1.722209e-01
    1.758067e-01
    1.794248e-01
    1.828823e-01
    1.862150e-01
    1.893851e-01
    1.925740e-01
    1.956108e-01
    1.984727e-01
    2.015193e-01
    2.044314e-01
    2.070100e-01
    2.097578e-01
    2.125126e-01
    2.151116e-01
    2.176097e-01
    2.201163e-01
    4.945650e-02
    9.843595e-02
    1.164512e-01
    1.271702e-01
    1.359451e-01
    1.436845e-01
    1.504019e-01
    1.568157e-01
    1.624675e-01
    1.677411e-01
    1.729130e-01
    1.776495e-01
    1.820929e-01
    1.865707e-01
    1.906707e-01
    1.947933e-01
    1.987036e-01
    2.025825e-01
    2.062996e-01
    2.098106e-01
    2.135227e-01
    2.168550e-01
    2.202508e-01
    2.236220e-01
    2.269482e-01
    2.300427e-01
    2.331923e-01
    2.362303e-01
    2.392569e-01
    2.422194e-01
    4.829761e-02
    1.060515e-01
    1.251648e-01
    1.370153e-01
    1.466743e-01
    1.551969e-01
    1.627614e-01
    1.697135e-01
    1.761758e-01
    1.823182e-01
    1.881289e-01
    1.934177e-01
    1.987502e-01
    2.038592e-01
    2.087612e-01
    2.135533e-01
    2.181901e-01
    2.226789e-01
    2.271832e-01
    2.313299e-01
    2.355796e-01
    2.398186e-01
    2.438013e-01
    2.477595e-01
    2.516245e-01
    2.554548e-01
    2.591800e-01
    2.627638e-01
    2.664346e-01
    2.699652e-01
    4.711992e-02
    1.149343e-01
    1.354100e-01
    1.485379e-01
    1.594159e-01
    1.690075e-01
    1.774839e-01
    1.854752e-01
    1.928933e-01
    2.000710e-01
    2.066650e-01
    2.131830e-01
    2.194998e-01
    2.255600e-01
    2.314828e-01
    2.372212e-01
    2.429413e-01
    2.482587e-01
    2.536966e-01
    2.589948e-01
    2.640915e-01
    2.691329e-01
    2.741025e-01
    2.789146e-01
    2.836192e-01
    2.883607e-01
    2.929549e-01
    2.975038e-01
    3.017935e-01
    3.062055e-01
    4.593732e-02
    1.254039e-01
    1.475487e-01
    1.623853e-01
    1.747897e-01
    1.857637e-01
    1.957608e-01
    2.050115e-01
    2.139813e-01
    2.225056e-01
    2.307151e-01
    2.386470e-01
    2.464200e-01
    2.539587e-01
    2.614418e-01
    2.684458e-01
    2.756284e-01
    2.824281e-01
    2.892023e-01
    2.958532e-01
    3.022804e-01
    3.086643e-01
    3.149206e-01
    3.211508e-01
    3.270058e-01
    3.329891e-01
    3.388391e-01
    3.447619e-01
    3.503037e-01
    3.558345e-01
    4.476208e-02
    1.379444e-01
    1.625096e-01
    1.795650e-01
    1.940795e-01
    2.071600e-01
    2.192693e-01
    2.308087e-01
    2.420088e-01
    2.527654e-01
    2.633087e-01
    2.735768e-01
    2.834831e-01
    2.933858e-01
    3.029823e-01
    3.124152e-01
    3.216818e-01
    3.306067e-01
    3.395720e-01
    3.483436e-01
    3.567473e-01
    3.652205e-01
    3.735456e-01
    3.818026e-01
    3.897288e-01
    3.975855e-01
    4.055301e-01
    4.132589e-01
    4.209153e-01
    4.284041e-01
    4.360197e-02
    1.534849e-01
    1.816772e-01
    2.021321e-01
    2.199274e-01
    2.364928e-01
    2.522442e-01
    2.676123e-01
    2.825924e-01
    2.973006e-01
    3.115564e-01
    3.257664e-01
    3.395933e-01
    3.532187e-01
    3.664378e-01
    3.795952e-01
    3.923331e-01
    4.050343e-01
    4.175920e-01
    4.297654e-01
    4.417753e-01
    4.538506e-01
    4.656602e-01
    4.772818e-01
    4.888339e-01
    5.002102e-01
    5.116928e-01
    5.227544e-01
    5.339017e-01
    5.449633e-01
    4.246229e-02
    1.739096e-01
    2.080545e-01
    2.344828e-01
    2.587528e-01
    2.822179e-01
    3.052841e-01
    3.280024e-01
    3.502874e-01
    3.722416e-01
    3.939020e-01
    4.151270e-01
    4.359911e-01
    4.565813e-01
    4.769916e-01
    4.968828e-01
    5.168312e-01
    5.364811e-01
    5.559063e-01
    5.751966e-01
    5.943560e-01
    6.134133e-01
    6.323724e-01
    6.512907e-01
    6.698166e-01
    6.884855e-01
    7.068397e-01
    7.256598e-01
    7.439609e-01
    7.625194e-01
    4.134755e-02
    2.043293e-01
    2.527164e-01
    2.947948e-01
    3.361420e-01
    3.768007e-01
    4.166967e-01
    4.557474e-01
    4.942543e-01
    5.321971e-01
    5.698211e-01
    6.072571e-01
    6.445581e-01
    6.821494e-01
    7.193973e-01
    7.566902e-01
    7.941752e-01
    8.316030e-01
    8.699178e-01
    9.073742e-01
    9.455991e-01
    9.834725e-01
    1.021268e+00
    1.060364e+00
    1.098609e+00
    1.136143e+00
    1.175701e+00
    1.213635e+00
    1.252784e+00
    1.290997e+00
    4.026102e-02
    3.777103e-01
    4.961102e-01
    5.748368e-01
    6.506776e-01
    7.286071e-01
    8.102239e-01
    8.958303e-01
    9.865179e-01
    1.082924e+00
    1.182822e+00
    1.289411e+00
    1.399159e+00
    1.511463e+00
    1.630790e+00
    1.751425e+00
    1.875587e+00
    2.005002e+00
    2.136134e+00
    2.268182e+00
    2.402421e+00
    2.536897e+00
    2.675775e+00
    2.811719e+00
    2.948602e+00
    3.089378e+00
    3.226257e+00
    3.367233e+00
    3.507550e+00
    3.647553e+00
);

rateCoefficients
(
    (0.000000e+00 0.000000e+00 0.000000e+00 0.000000e+00 0.000000e+00 3.166970e-26 0.000000e+00 0.000000e+00 3.536180e-36 0.000000e+00)
    (0.000000e+00 0.000000e+00 2.365420e-22 3.447990e-19 0.000000e+00 2.911940e-16 3.959750e-17 4.315510e-18 1.830110e-37 3.754170e-24)
    (0.000000e+00 0.000000e+00 2.518650e-19 2.358070e-18 1.171960e-23 4.342950e-16 1.865520e-16 9.907930e-17 1.416050e-37 1.281490e-20)
    (2.059350e-24 0.000000e+00 3.553250e-18 5.308490e-18 2.991810e-21 5.116070e-16 3.292870e-16 3.246030e-16 1.233260e-37 2.553090e-19)
    (1.372060e-22 3.922490e-25 1.550360e-17 8.934820e-18 5.819750e-20 5.701810e-16 4.621670e-16 6.411210e-16 1.101920e-37 1.383230e-18)
    (1.795450e-21 1.973420e-23 4.052240e-17 1.304870e-17 3.879920e-19 6.184400e-16 5.855470e-16 1.013630e-15 9.984480e-38 4.328250e-18)
    (1.031170e-20 2.875090e-22 8.038660e-17 1.750590e-17 1.483350e-18 6.594140e-16 6.992440e-16 1.419860e-15 9.138820e-38 1.009270e-17)
    (3.678200e-20 2.052530e-21 1.348280e-16 2.220510e-17 4.076270e-18 6.946350e-16 8.032570e-16 1.846580e-15 8.434750e-38 1.963310e-17)
    (9.700260e-20 9.302390e-21 2.023790e-16 2.707090e-17 9.038280e-18 7.250680e-16 8.978700e-16 2.285540e-15 7.838580e-38 3.379390e-17)
    (2.086490e-19 3.104400e-20 2.808770e-16 3.202680e-17 1.727740e-17 7.513850e-16 9.831670e-16 2.729850e-15 7.329650e-38 5.326260e-17)
    (3.879770e-19 8.302880e-20 3.681790e-16 3.703680e-17 2.963500e-17 7.742870e-16 1.060180e-15 3.177180e-15 6.891030e-38 7.856880e-17)
    (6.490090e-19 1.890370e-19 4.626460e-16 4.209530e-17 4.691450e-17 7.949780e-16 1.130670e-15 3.627820e-15 6.494410e-38 1.102190e-16)
    (9.999930e-19 3.799910e-19 5.613990e-16 4.709060e-17 6.966180e-17 8.127010e-16 1.193310e-15 4.073300e-15 6.152780e-38 1.482620e-16)
    (1.446290e-18 6.934500e-19 6.632910e-16 5.203650e-17 9.839370e-17 8.284700e-16 1.249990e-15 4.515720e-15 5.844150e-38 1.929320e-16)
    (1.988960e-18 1.171440e-18 7.667940e-16 5.690170e-17 1.334510e-16 8.425510e-16 1.301240e-15 4.953230e-15 5.568220e-38 2.442390e-16)
    (2.626510e-18 1.859130e-18 8.710370e-16 6.168560e-17 1.750940e-16 8.552660e-16 1.347930e-15 5.386710e-15 5.311090e-38 3.022060e-16)
    (3.354860e-18 2.802210e-18 9.747790e-16 6.635590e-17 2.234550e-16 8.665780e-16 1.390130e-15 5.814000e-15 5.077470e-38 3.667130e-16)
    (4.166840e-18 4.045040e-18 1.077430e-15 7.090930e-17 2.784990e-16 8.768810e-16 1.428670e-15 6.235030e-15 4.863690e-38 4.375460e-16)
    (5.054400e-18 5.628180e-18 1.177900e-15 7.530250e-17 3.401060e-16 8.858850e-16 1.463150e-15 6.646390e-15 4.667320e-38 5.143830e-16)
    (6.014160e-18 7.596510e-18 1.276670e-15 7.958620e-17 4.084790e-16 8.942010e-16 1.494870e-15 7.052790e-15 4.482340e-38 5.974710e-16)
    (7.033470e-18 9.979430e-18 1.372700e-15 8.371790e-17 4.831310e-16 9.015850e-16 1.523620e-15 7.450500e-15 4.315230e-38 6.861330e-16)
    (8.104480e-18 1.280860e-17 1.465620e-15 8.768800e-17 5.638860e-16 9.081050e-16 1.549430e-15 7.838710e-15 4.159740e-38 7.801390e-16)
    (9.226940e-18 1.612330e-17 1.556600e-15 9.156850e-17 6.510460e-16 9.143800e-16 1.573770e-15 8.223800e-15 4.006720e-38 8.799700e-16)
    (1.038680e-17 1.993330e-17 1.644410e-15 9.529530e-17 7.438680e-16 9.199340e-16 1.595770e-15 8.599800e-15 3.865910e-38 9.847160e-16)
    (1.157500e-17 2.425650e-17 1.728330e-15 9.883090e-17 8.419830e-16 9.244770e-16 1.614820e-15 8.963410e-15 3.742590e-38 1.093940e-15)
    (1.279730e-17 2.913010e-17 1.810280e-15 1.022850e-16 9.460070e-16 9.289200e-16 1.632940e-15 9.324150e-15 3.619750e-38 1.208560e-15)
    (1.404290e-17 3.455620e-17 1.889540e-15 1.056270e-16 1.055280e-15 9.330820e-16 1.649760e-15 9.679280e-15 3.500070e-38 1.327850e-15)
    (1.530250e-17 4.053480e-17 1.965420e-15 1.088140e-16 1.169270e-15 9.365820e-16 1.664660e-15 1.002450e-14 3.392270e-38 1.451200e-15)
    (1.657150e-17 4.707340e-17 2.038130e-15 1.118640e-16 1.287770e-15 9.395780e-16 1.677970e-15 1.036140e-14 3.293040e-38 1.578510e-15)
    (1.785570e-17 5.419770e-17 2.108710e-15 1.148240e-16 1.411260e-15 9.424250e-16 1.690380e-15 1.069390e-14 3.195000e-38 1.710420e-15)
    (0.000000e+00 0.000000e+00 0.000000e+00 0.000000e+00 0.000000e+00 2.161020e-27 0.000000e+00 0.000000e+00 4.013630e-36 0.000000e+00)
    (0.000000e+00 0.000000e+00 6.434100e-22 4.405320e-19 0.000000e+00 3.083730e-16 4.871270e-17 6.569130e-18 1.770570e-37 1.265340e-23)
    (3.300870e-27 0.000000e+00 4.657080e-19 2.788560e-18 4.713050e-23 4.512210e-16 2.106690e-16 1.283520e-16 1.373110e-37 2.589090e-20)
    (9.077350e-24 1.225900e-27 5.694440e-18 6.181140e-18 8.210450e-21 5.298340e-16 3.640810e-16 3.987380e-16 1.189790e-37 4.388630e-19)
    (4.293500e-22 2.346320e-24 2.293200e-17 1.031430e-17 1.315090e-19 5.896000e-16 5.057240e-16 7.650970e-16 1.057740e-37 2.204120e-18)
    (4.564910e-21 8.576970e-23 5.686910e-17 1.496420e-17 7.792370e-19 6.388170e-16 6.360180e-16 1.187650e-15 9.538180e-38 6.600100e-18)
    (2.281060e-20 1.017110e-21 1.085000e-16 1.994930e-17 2.750320e-18 6.796820e-16 7.540710e-16 1.641220e-15 8.710640e-38 1.492880e-17)
    (7.347490e-20 6.227900e-21 1.768100e-16 2.519450e-17 7.127370e-18 7.150410e-16 8.614870e-16 2.115440e-15 8.011980e-38 2.841100e-17)
    (1.794500e-19 2.522540e-20 2.589980e-16 3.056580e-17 1.510760e-17 7.447400e-16 9.572240e-16 2.597830e-15 7.438100e-38 4.801270e-17)
    (3.628960e-19 7.677700e-20 3.523680e-16 3.601970e-17 2.783680e-17 7.703840e-16 1.042990e-15 3.085180e-15 6.947800e-38 7.451270e-17)
    (6.428480e-19 1.911520e-19 4.545590e-16 4.152940e-17 4.639070e-17 7.930930e-16 1.120520e-15 3.576290e-15 6.513380e-38 1.085820e-16)
    (1.031180e-18 4.094810e-19 5.622810e-16 4.698810e-17 7.155830e-17 8.126030e-16 1.189220e-15 4.063270e-15 6.136770e-38 1.504230e-16)
    (1.534180e-18 7.822060e-19 6.735280e-16 5.237560e-17 1.039770e-16 8.294820e-16 1.250480e-15 4.545840e-15 5.808460e-38 2.002350e-16)
    (2.154430e-18 1.367240e-18 7.869970e-16 5.770360e-17 1.442000e-16 8.448720e-16 1.306190e-15 5.026020e-15 5.504570e-38 2.582440e-16)
    (2.885290e-18 2.222890e-18 9.002130e-16 6.286450e-17 1.922830e-16 8.580000e-16 1.355190e-15 5.495500e-15 5.237230e-38 3.240040e-16)
    (3.723940e-18 3.412800e-18 1.013160e-15 6.793290e-17 2.486030e-16 8.700900e-16 1.400160e-15 5.961510e-15 4.989920e-38 3.977850e-16)
    (4.658310e-18 4.991880e-18 1.124080e-15 7.282070e-17 3.129160e-16 8.805340e-16 1.440030e-15 6.416790e-15 4.767370e-38 4.790000e-16)
    (5.681250e-18 7.018810e-18 1.232810e-15 7.756450e-17 3.853300e-16 8.900310e-16 1.476250e-15 6.864990e-15 4.557960e-38 5.676830e-16)
    (6.780290e-18 9.538990e-18 1.338590e-15 8.213560e-17 4.655040e-16 8.984170e-16 1.508860e-15 7.303590e-15 4.370230e-38 6.633440e-16)
    (7.944000e-18 1.259500e-17 1.440820e-15 8.651760e-17 5.531460e-16 9.057530e-16 1.537900e-15 7.731260e-15 4.197190e-38 7.655890e-16)
    (9.169730e-18 1.623610e-17 1.540630e-15 9.078600e-17 6.485000e-16 9.127290e-16 1.565030e-15 8.154680e-15 4.028420e-38 8.748370e-16)
    (1.043730e-17 2.047450e-17 1.635950e-15 9.482700e-17 7.504950e-16 9.184970e-16 1.588540e-15 8.563420e-15 3.880500e-38 9.897400e-16)
    (1.174850e-17 2.535510e-17 1.728420e-15 9.874210e-17 8.595880e-16 9.238350e-16 1.610300e-15 8.966490e-15 3.738910e-38 1.111030e-15)
    (1.309400e-17 3.089760e-17 1.817590e-15 1.025090e-16 9.753680e-16 9.286820e-16 1.630120e-15 9.361730e-15 3.604780e-38 1.238270e-15)
    (1.446460e-17 3.711370e-17 1.903350e-15 1.061280e-16 1.097370e-15 9.330700e-16 1.648130e-15 9.748790e-15 3.476780e-38 1.371020e-15)
    (1.584670e-17 4.399720e-17 1.984870e-15 1.095550e-16 1.224760e-15 9.366340e-16 1.663800e-15 1.012350e-14 3.363790e-38 1.508390e-15)
    (1.725060e-17 5.159050e-17 2.063700e-15 1.128670e-16 1.358380e-15 9.398730e-16 1.678120e-15 1.049250e-14 3.255130e-38 1.651500e-15)
    (1.866300e-17 5.988750e-17 2.139320e-15 1.160470e-16 1.497390e-15 9.428690e-16 1.691240e-15 1.085420e-14 3.149780e-38 1.799500e-15)
    (2.008220e-17 6.888800e-17 2.212090e-15 1.191000e-16 1.641680e-15 9.454310e-16 1.702950e-15 1.120860e-14 3.051600e-38 1.952370e-15)
    (2.150010e-17 7.858580e-17 2.281530e-15 1.220170e-16 1.790700e-15 9.476490e-16 1.713450e-15 1.155460e-14 2.959290e-38 2.109560e-15)
    (0.000000e+00 0.000000e+00 0.000000e+00 0.000000e+00 0.000000e+00 3.543020e-28 0.000000e+00 0.000000e+00 4.335960e-36 0.000000e+00)
    (0.000000e+00 0.000000e+00 1.824990e-21 5.694510e-19 0.000000e+00 3.274400e-16 6.036050e-17 1.018100e-17 1.707430e-37 4.436640e-23)
    (4.341510e-26 0.000000e+00 8.858000e-19 3.343770e-18 1.970730e-22 4.701970e-16 2.396210e-16 1.686360e-16 1.325550e-37 5.388020e-20)
    (4.102560e-23 6.929520e-26 9.333360e-18 7.302010e-18 2.333640e-20 5.507030e-16 4.057630e-16 4.960120e-16 1.140620e-37 7.781040e-19)
    (1.369050e-21 1.442160e-23 3.453480e-17 1.206160e-17 3.065660e-19 6.115850e-16 5.570650e-16 9.230250e-16 1.008460e-37 3.621120e-18)
    (1.178870e-20 3.843790e-22 8.098100e-17 1.735950e-17 1.610190e-18 6.612240e-16 6.942530e-16 1.405030e-15 9.059430e-38 1.036330e-17)
    (5.104310e-20 3.679020e-21 1.483980e-16 2.299840e-17 5.232650e-18 7.021090e-16 8.168560e-16 1.916260e-15 8.244440e-38 2.272280e-17)
    (1.484520e-19 1.939490e-20 2.342210e-16 2.886910e-17 1.277210e-17 7.366130e-16 9.262330e-16 2.444490e-15 7.575690e-38 4.221370e-17)
    (3.353030e-19 6.997620e-20 3.345850e-16 3.486380e-17 2.585140e-17 7.658680e-16 1.023220e-15 2.980580e-15 7.013880e-38 6.999550e-17)
    (6.378850e-19 1.946100e-19 4.459970e-16 4.091840e-17 4.593080e-17 7.910460e-16 1.109370e-15 3.520590e-15 6.533120e-38 1.069540e-16)
    (1.073800e-18 4.498920e-19 5.646620e-16 4.694410e-17 7.418350e-17 8.127340e-16 1.185490e-15 4.058430e-15 6.114010e-38 1.535630e-16)
    (1.650530e-18 9.056970e-19 6.873540e-16 5.286820e-17 1.114240e-16 8.309950e-16 1.252170e-15 4.589890e-15 5.760420e-38 2.099780e-16)
    (2.369650e-18 1.642790e-18 8.122180e-16 5.869800e-17 1.583140e-16 8.473460e-16 1.311970e-15 5.116890e-15 5.435090e-38 2.763880e-16)
    (3.225110e-18 2.744630e-18 9.371280e-16 6.437880e-17 2.151640e-16 8.615500e-16 1.364970e-15 5.636140e-15 5.145880e-38 3.526390e-16)
    (4.205530e-18 4.293470e-18 1.060640e-15 6.988270e-17 2.820040e-16 8.740460e-16 1.412130e-15 6.145750e-15 4.886720e-38 4.384020e-16)
    (5.299360e-18 6.368690e-18 1.181590e-15 7.519450e-17 3.588460e-16 8.850410e-16 1.454110e-15 6.645170e-15 4.648240e-38 5.334380e-16)
    (6.491580e-18 9.039050e-18 1.299320e-15 8.030820e-17 4.454100e-16 8.947090e-16 1.491630e-15 7.134040e-15 4.434510e-38 6.373070e-16)
    (7.768360e-18 1.236790e-17 1.413230e-15 8.521350e-17 5.414280e-16 9.032550e-16 1.525060e-15 7.611590e-15 4.235610e-38 7.496330e-16)
    (9.117930e-18 1.641060e-17 1.523470e-15 8.993710e-17 6.466840e-16 9.109070e-16 1.555300e-15 8.080220e-15 4.051580e-38 8.702180e-16)
    (1.052170e-17 2.119960e-17 1.628770e-15 9.441210e-17 7.603500e-16 9.173150e-16 1.581580e-15 8.533560e-15 3.887980e-38 9.980990e-16)
    (1.197990e-17 2.679430e-17 1.730580e-15 9.873070e-17 8.829020e-16 9.232250e-16 1.605660e-15 8.979800e-15 3.731490e-38 1.134010e-15)
    (1.347690e-17 3.321190e-17 1.828410e-15 1.028760e-16 1.013520e-15 9.285950e-16 1.627510e-15 9.417090e-15 3.582140e-38 1.277110e-15)
    (1.499580e-17 4.045540e-17 1.921350e-15 1.067960e-16 1.151250e-15 9.330230e-16 1.646540e-15 9.840320e-15 3.449360e-38 1.426380e-15)
    (1.653950e-17 4.856260e-17 2.010380e-15 1.105470e-16 1.296490e-15 9.368750e-16 1.663520e-15 1.025440e-14 3.325410e-38 1.582450e-15)
    (1.809880e-17 5.754330e-17 2.095670e-15 1.141410e-16 1.448720e-15 9.404040e-16 1.678950e-15 1.065990e-14 3.205680e-38 1.744890e-15)
    (1.966780e-17 6.739600e-17 2.177360e-15 1.175760e-16 1.607560e-15 9.434090e-16 1.692620e-15 1.105630e-14 3.094530e-38 1.913430e-15)
    (2.123670e-17 7.811680e-17 2.254890e-15 1.208390e-16 1.772360e-15 9.459410e-16 1.704660e-15 1.144210e-14 2.991360e-38 2.087400e-15)
    (2.280300e-17 8.969360e-17 2.328570e-15 1.239330e-16 1.942810e-15 9.479030e-16 1.714930e-15 1.181720e-14 2.897470e-38 2.266630e-15)
    (2.437040e-17 1.021650e-16 2.399440e-15 1.269190e-16 2.119400e-15 9.497740e-16 1.724480e-15 1.218710e-14 2.804060e-38 2.451810e-15)
    (2.592880e-17 1.154850e-16 2.467020e-15 1.297640e-16 2.301120e-15 9.512790e-16 1.732710e-15 1.254820e-14 2.716680e-38 2.641960e-15)
    (0.000000e+00 0.000000e+00 0.000000e+00 0.000000e+00 0.000000e+00 9.245010e-29 0.000000e+00 0.000000e+00 4.558510e-36 0.000000e+00)
    (0.000000e+00 0.000000e+00 5.439750e-21 7.465290e-19 0.000000e+00 3.485630e-16 7.540230e-17 1.611890e-17 1.640490e-37 1.628790e-22)
    (4.007890e-25 0.000000e+00 1.745040e-18 4.083180e-18 8.665900e-22 4.919270e-16 2.751840e-16 2.255690e-16 1.271660e-37 1.166260e-19)
    (1.905070e-22 7.827020e-25 1.569950e-17 8.770120e-18 6.914670e-20 5.743150e-16 4.559800e-16 6.259440e-16 1.085750e-37 1.434180e-18)
    (4.469570e-21 9.244350e-23 5.313310e-17 1.432660e-17 7.430930e-19 6.364490e-16 6.181220e-16 1.128390e-15 9.536630e-38 6.184570e-18)
    (3.111090e-20 1.798100e-21 1.174380e-16 2.044130e-17 3.454430e-18 6.863420e-16 7.625060e-16 1.683680e-15 8.529780e-38 1.690510e-17)
    (1.164100e-19 1.384390e-20 2.060940e-16 2.688660e-17 1.030940e-17 7.267880e-16 8.890800e-16 2.265030e-15 7.740190e-38 3.586190e-17)
    (3.049660e-19 6.260150e-20 3.144920e-16 3.354100e-17 2.365840e-17 7.605950e-16 1.000300e-15 2.860830e-15 7.091470e-38 6.495300e-17)
    (6.354230e-19 2.003980e-19 4.372160e-16 4.027100e-17 4.561710e-17 7.888750e-16 1.097260e-15 3.461480e-15 6.552320e-38 1.054580e-16)
    (1.133870e-18 5.077220e-19 5.694500e-16 4.699410e-17 7.792930e-17 8.129750e-16 1.182220e-15 4.062150e-15 6.086990e-38 1.582160e-16)
    (1.810670e-18 1.087090e-18 7.066400e-16 5.359910e-17 1.217630e-16 8.332360e-16 1.255890e-15 4.655810e-15 5.694750e-38 2.234620e-16)
    (2.665210e-18 2.055370e-18 8.459050e-16 6.006030e-17 1.779400e-16 8.506790e-16 1.320500e-15 5.242380e-15 5.345110e-38 3.013380e-16)
    (3.686380e-18 3.532930e-18 9.847430e-16 6.634150e-17 2.467910e-16 8.659310e-16 1.377590e-15 5.820140e-15 5.035380e-38 3.915770e-16)
    (4.857760e-18 5.635170e-18 1.120990e-15 7.237640e-17 3.283230e-16 8.789460e-16 1.427310e-15 6.384290e-15 4.758270e-38 4.937210e-16)
    (6.160420e-18 8.468730e-18 1.253720e-15 7.817840e-17 4.223700e-16 8.903140e-16 1.471310e-15 6.936580e-15 4.510520e-38 6.073670e-16)
    (7.573870e-18 1.212610e-17 1.381910e-15 8.372410e-17 5.285140e-16 9.002030e-16 1.510040e-15 7.475190e-15 4.283550e-38 7.319010e-16)
    (9.079890e-18 1.668440e-17 1.505470e-15 8.903490e-17 6.463400e-16 9.089300e-16 1.544580e-15 8.001970e-15 4.075390e-38 8.668910e-16)
    (1.065710e-17 2.220380e-17 1.623170e-15 9.405060e-17 7.750930e-16 9.161530e-16 1.574290e-15 8.511250e-15 3.891980e-38 1.011470e-15)
    (1.229900e-17 2.875150e-17 1.736390e-15 9.886510e-17 9.148690e-16 9.227500e-16 1.601250e-15 9.011150e-15 3.717320e-38 1.166000e-15)
    (1.398250e-17 3.634560e-17 1.844200e-15 1.034370e-16 1.064470e-15 9.284710e-16 1.625040e-15 9.497330e-15 3.555530e-38 1.329220e-15)
    (1.569660e-17 4.501490e-17 1.946400e-15 1.077570e-16 1.223410e-15 9.331780e-16 1.645660e-15 9.968750e-15 3.411100e-38 1.500750e-15)
    (1.743670e-17 5.479710e-17 2.044030e-15 1.118820e-16 1.391620e-15 9.374240e-16 1.664180e-15 1.042990e-14 3.272710e-38 1.680760e-15)
    (1.919120e-17 6.568570e-17 2.137040e-15 1.158030e-16 1.568350e-15 9.410180e-16 1.680450e-15 1.087950e-14 3.144870e-38 1.868610e-15)
    (2.094790e-17 7.767900e-17 2.224780e-15 1.195030e-16 1.752780e-15 9.439690e-16 1.694520e-15 1.131540e-14 3.027820e-38 2.063490e-15)
    (2.270460e-17 9.077940e-17 2.308040e-15 1.230100e-16 1.944730e-15 9.463350e-16 1.706640e-15 1.173970e-14 2.919710e-38 2.265460e-15)
    (2.445860e-17 1.050020e-16 2.387520e-15 1.263650e-16 2.144110e-15 9.484770e-16 1.717580e-15 1.215590e-14 2.814270e-38 2.474620e-15)
    (2.620600e-17 1.203180e-16 2.462980e-15 1.295500e-16 2.350370e-15 9.501390e-16 1.726910e-15 1.256190e-14 2.717430e-38 2.690460e-15)
    (2.793810e-17 1.367280e-16 2.534390e-15 1.325700e-16 2.562970e-15 9.514330e-16 1.734930e-15 1.295770e-14 2.626840e-38 2.912570e-15)
    (2.964610e-17 1.541490e-16 2.601500e-15 1.354040e-16 2.780750e-15 9.522050e-16 1.741290e-15 1.334060e-14 2.545130e-38 3.139800e-15)
    (3.134350e-17 1.726880e-16 2.665670e-15 1.381250e-16 3.005140e-15 9.528730e-16 1.747010e-15 1.371780e-14 2.464290e-38 3.373860e-15)
    (0.000000e+00 0.000000e+00 0.000000e+00 0.000000e+00 0.000000e+00 3.111530e-29 0.000000e+00 0.000000e+00 4.711300e-36 0.000000e+00)
    (0.000000e+00 0.000000e+00 1.733060e-20 9.990450e-19 5.894540e-26 3.725360e-16 9.533500e-17 2.628410e-17 1.568320e-37 6.363640e-22)
    (3.919390e-24 0.000000e+00 3.591490e-18 5.104690e-18 4.071320e-21 5.170800e-16 3.198830e-16 3.085670e-16 1.210080e-37 2.661780e-19)
    (9.183130e-22 9.092200e-24 2.730180e-17 1.076760e-17 2.167730e-19 6.016920e-16 5.181420e-16 8.051410e-16 1.023470e-37 2.787570e-18)
    (1.504020e-20 6.265420e-22 8.398130e-17 1.736810e-17 1.895500e-18 6.648010e-16 6.921310e-16 1.403980e-15 8.929360e-38 1.112210e-17)
    (8.404840e-20 8.792020e-21 1.741520e-16 2.453470e-17 7.756840e-18 7.145160e-16 8.433290e-16 2.051860e-15 7.948710e-38 2.895310e-17)
    (2.717340e-19 5.466010e-20 2.917040e-16 3.201500e-17 2.124210e-17 7.543470e-16 9.733770e-16 2.722620e-15 7.183930e-38 5.932080e-17)
    (6.384070e-19 2.104660e-19 4.289590e-16 3.962260e-17 4.564340e-17 7.868110e-16 1.084680e-15 3.402050e-15 6.566010e-38 1.044040e-16)
    (1.224160e-18 5.969320e-19 5.788050e-16 4.723560e-17 8.362600e-17 8.138160e-16 1.180530e-15 4.083090e-15 6.047110e-38 1.655420e-16)
    (2.043080e-18 1.372560e-18 7.347590e-16 5.471180e-17 1.369430e-16 8.363900e-16 1.262690e-15 4.756970e-15 5.606870e-38 2.431530e-16)
    (3.090070e-18 2.716980e-18 8.924390e-16 6.198190e-17 2.066430e-16 8.553700e-16 1.333390e-15 5.420790e-15 5.227600e-38 3.372740e-16)
    (4.343390e-18 4.807720e-18 1.048260e-15 6.897270e-17 2.929200e-16 8.713440e-16 1.394210e-15 6.069930e-15 4.895170e-38 4.472690e-16)
    (5.779010e-18 7.816200e-18 1.200370e-15 7.567390e-17 3.958450e-16 8.850380e-16 1.447040e-15 6.704610e-15 4.601490e-38 5.727700e-16)
    (7.365250e-18 1.188600e-17 1.346970e-15 8.204950e-17 5.147780e-16 8.967110e-16 1.492790e-15 7.322200e-15 4.337610e-38 7.127780e-16)
    (9.074120e-18 1.713520e-17 1.487600e-15 8.811550e-17 6.490760e-16 9.068130e-16 1.532880e-15 7.924000e-15 4.098720e-38 8.665880e-16)
    (1.087680e-17 2.366170e-17 1.620930e-15 9.381370e-17 7.978410e-16 9.150610e-16 1.566930e-15 8.504590e-15 3.890130e-38 1.033170e-15)
    (1.275750e-17 3.154850e-17 1.748430e-15 9.925120e-17 9.607390e-16 9.225110e-16 1.597410e-15 9.072920e-15 3.691770e-38 1.212540e-15)
    (1.468380e-17 4.082120e-17 1.868330e-15 1.043410e-16 1.136060e-15 9.285000e-16 1.623300e-15 9.620390e-15 3.518020e-38 1.402850e-15)
    (1.665220e-17 5.154800e-17 1.982240e-15 1.091700e-16 1.323990e-15 9.337600e-16 1.646160e-15 1.015430e-14 3.354340e-38 1.604700e-15)
    (1.864270e-17 6.372980e-17 2.090020e-15 1.137290e-16 1.523310e-15 9.381620e-16 1.665970e-15 1.067300e-14 3.204340e-38 1.817010e-15)
    (2.064030e-17 7.736160e-17 2.191030e-15 1.180000e-16 1.732950e-15 9.416830e-16 1.682780e-15 1.117410e-14 3.068940e-38 2.038790e-15)
    (2.264000e-17 9.247510e-17 2.286540e-15 1.220370e-16 1.952830e-15 9.445890e-16 1.697350e-15 1.166190e-14 2.942260e-38 2.270280e-15)
    (2.463490e-17 1.090330e-16 2.376810e-15 1.258530e-16 2.182060e-15 9.469920e-16 1.709890e-15 1.213680e-14 2.823430e-38 2.510830e-15)
    (2.661900e-17 1.270720e-16 2.461890e-15 1.294580e-16 2.420550e-15 9.488900e-16 1.720660e-15 1.259950e-14 2.713440e-38 2.760450e-15)
    (2.857500e-17 1.464470e-16 2.541250e-15 1.328160e-16 2.666120e-15 9.500740e-16 1.729140e-15 1.304520e-14 2.615570e-38 3.017030e-15)
    (3.051650e-17 1.672940e-16 2.616500e-15 1.360110e-16 2.920410e-15 9.510510e-16 1.736570e-15 1.348230e-14 2.520070e-38 3.282550e-15)
    (3.243120e-17 1.894790e-16 2.687350e-15 1.390240e-16 3.181690e-15 9.516530e-16 1.742580e-15 1.390760e-14 2.430790e-38 3.555370e-15)
    (3.432090e-17 2.130550e-16 2.754330e-15 1.418850e-16 3.450370e-15 9.519880e-16 1.747550e-15 1.432400e-14 2.345420e-38 3.836040e-15)
    (3.617280e-17 2.378730e-16 2.816590e-15 1.445440e-16 3.724580e-15 9.518480e-16 1.751030e-15 1.472600e-14 2.269380e-38 4.122640e-15)
    (3.799180e-17 2.640230e-16 2.875340e-15 1.470630e-16 4.005150e-15 9.514450e-16 1.753540e-15 1.511920e-14 2.197930e-38 4.416330e-15)
    (0.000000e+00 0.000000e+00 0.000000e+00 0.000000e+00 0.000000e+00 1.194020e-29 0.000000e+00 0.000000e+00 4.812890e-36 0.000000e+00)
    (0.000000e+00 0.000000e+00 6.035000e-20 1.376790e-18 1.223020e-24 4.002590e-16 1.225360e-16 4.460230e-17 1.488270e-37 2.707550e-21)
    (4.129610e-23 9.068140e-26 7.845140e-18 6.601110e-18 2.099260e-20 5.474340e-16 3.786040e-16 4.357420e-16 1.137400e-37 6.567640e-19)
    (4.664560e-21 1.149780e-22 4.962570e-17 1.362820e-17 7.351530e-19 6.342470e-16 5.976080e-16 1.063680e-15 9.514840e-38 5.842570e-18)
    (5.286500e-20 4.597570e-21 1.375260e-16 2.166020e-17 5.193760e-18 6.979490e-16 7.841890e-16 1.791070e-15 8.236750e-38 2.149460e-17)
    (2.356460e-19 4.617540e-20 2.658780e-16 3.024320e-17 1.859780e-17 7.468490e-16 9.413360e-16 2.562110e-15 7.294870e-38 5.305480e-17)
    (6.532320e-19 2.290510e-19 4.227840e-16 3.905280e-17 4.642010e-17 7.852160e-16 1.072670e-15 3.349350e-15 6.566060e-38 1.044450e-16)
    (1.370140e-18 7.478530e-19 5.965530e-16 4.785790e-17 9.296490e-17 8.159910e-16 1.182550e-15 4.138400e-15 5.977210e-38 1.778370e-16)
    (2.405760e-18 1.867750e-18 7.778490e-16 5.647950e-17 1.610010e-16 8.410470e-16 1.274700e-15 4.919220e-15 5.484810e-38 2.740160e-16)
    (3.741770e-18 3.880970e-18 9.597230e-16 6.478670e-17 2.517370e-16 8.615830e-16 1.352180e-15 5.684390e-15 5.071050e-38 3.926190e-16)
    (5.340290e-18 7.071240e-18 1.137680e-15 7.271030e-17 3.653410e-16 8.786270e-16 1.417700e-15 6.430450e-15 4.711540e-38 5.327860e-16)
    (7.155280e-18 1.168480e-17 1.309000e-15 8.020790e-17 5.011970e-16 8.927700e-16 1.473180e-15 7.154670e-15 4.397030e-38 6.933220e-16)
    (9.135340e-18 1.791210e-17 1.471750e-15 8.724630e-17 6.579160e-16 9.043960e-16 1.520060e-15 7.854020e-15 4.123030e-38 8.725470e-16)
    (1.124990e-17 2.592830e-17 1.626250e-15 9.388160e-17 8.350410e-16 9.143000e-16 1.560430e-15 8.533170e-15 3.875180e-38 1.070170e-15)
    (1.345020e-17 3.581660e-17 1.771280e-15 1.000760e-16 1.030370e-15 9.224210e-16 1.594590e-15 9.187580e-15 3.654650e-38 1.284000e-15)
    (1.571590e-17 4.767320e-17 1.907490e-15 1.058760e-16 1.243270e-15 9.291660e-16 1.623750e-15 9.820510e-15 3.455400e-38 1.513760e-15)
    (1.801890e-17 6.152620e-17 2.035340e-15 1.113050e-16 1.472210e-15 9.347250e-16 1.648600e-15 1.043270e-14 3.274700e-38 1.758250e-15)
    (2.033500e-17 7.737020e-17 2.154100e-15 1.163400e-16 1.715530e-15 9.390000e-16 1.669140e-15 1.102090e-14 3.114700e-38 2.015980e-15)
    (2.265690e-17 9.526170e-17 2.265680e-15 1.210740e-16 1.973110e-15 9.426270e-16 1.686930e-15 1.159280e-14 2.963530e-38 2.287340e-15)
    (2.497330e-17 1.151610e-16 2.369920e-15 1.254990e-16 2.243750e-15 9.454050e-16 1.701740e-15 1.214650e-14 2.826710e-38 2.571360e-15)
    (2.726010e-17 1.369780e-16 2.466530e-15 1.295970e-16 2.525300e-15 9.473000e-16 1.713590e-15 1.267890e-14 2.704680e-38 2.866090e-15)
    (2.952670e-17 1.608040e-16 2.557060e-15 1.334490e-16 2.818760e-15 9.487570e-16 1.723580e-15 1.319740e-14 2.588640e-38 3.172920e-15)
    (3.175870e-17 1.865000e-16 2.641560e-15 1.370510e-16 3.122170e-15 9.496970e-16 1.731620e-15 1.370010e-14 2.480940e-38 3.490100e-15)
    (3.395810e-17 2.140860e-16 2.720330e-15 1.404190e-16 3.435680e-15 9.501480e-16 1.737870e-15 1.418830e-14 2.381330e-38 3.817950e-15)
    (3.610770e-17 2.434790e-16 2.793270e-15 1.435450e-16 3.757580e-15 9.500400e-16 1.742330e-15 1.466010e-14 2.292240e-38 4.154920e-15)
    (3.821400e-17 2.745550e-16 2.861420e-15 1.464770e-16 4.087360e-15 9.497020e-16 1.745660e-15 1.511910e-14 2.206570e-38 4.500690e-15)
    (4.028040e-17 3.074830e-16 2.924950e-15 1.492290e-16 4.426150e-15 9.490690e-16 1.747890e-15 1.556740e-14 2.125840e-38 4.856610e-15)
    (4.229540e-17 3.419540e-16 2.984240e-15 1.518010e-16 4.771230e-15 9.481150e-16 1.748930e-15 1.600270e-14 2.050980e-38 5.220020e-15)
    (4.426280e-17 3.781480e-16 3.038940e-15 1.541910e-16 5.123890e-15 9.468580e-16 1.748920e-15 1.642580e-14 1.981690e-38 5.592270e-15)
    (4.617720e-17 4.157700e-16 3.089750e-15 1.564270e-16 5.481830e-15 9.454170e-16 1.748150e-15 1.683750e-14 1.916200e-38 5.971160e-15)
    (0.000000e+00 0.000000e+00 0.000000e+00 0.000000e+00 0.000000e+00 4.809650e-30 0.000000e+00 0.000000e+00 4.875750e-36 0.000000e+00)
    (0.000000e+00 0.000000e+00 2.397480e-19 1.992010e-18 2.673150e-23 4.339350e-16 1.618840e-16 8.050690e-17 1.395670e-37 1.314440e-20)
    (4.848290e-22 4.377100e-24 1.864570e-17 8.976230e-18 1.243740e-19 5.855000e-16 4.601780e-16 6.446840e-16 1.048910e-37 1.828640e-18)
    (2.567040e-20 1.660200e-21 9.614750e-17 1.806450e-17 2.807640e-18 6.746480e-16 7.044030e-16 1.464540e-15 8.654110e-38 1.374550e-17)
    (1.978170e-19 3.759520e-20 2.369000e-16 2.819100e-17 1.579520e-17 7.377480e-16 9.030390e-16 2.375990e-15 7.430190e-38 4.622880e-17)
    (6.959990e-19 2.676300e-19 4.224310e-16 3.875090e-17 4.898900e-17 7.847130e-16 1.063440e-15 3.320510e-15 6.540170e-38 1.072050e-16)
    (1.635450e-18 1.043820e-18 6.320200e-16 4.929050e-17 1.101730e-16 8.205590e-16 1.192500e-15 4.267550e-15 5.854950e-38 2.007500e-16)
    (3.034820e-18 2.859590e-18 8.495840e-16 5.951270e-17 2.037040e-16 8.486220e-16 1.297050e-15 5.200550e-15 5.302030e-38 3.278020e-16)
    (4.844530e-18 6.235150e-18 1.064620e-15 6.921860e-17 3.308560e-16 8.707990e-16 1.382080e-15 6.107930e-15 4.844820e-38 4.872650e-16)
    (6.984860e-18 1.163110e-17 1.271210e-15 7.832720e-17 4.908580e-16 8.885590e-16 1.451800e-15 6.985290e-15 4.456780e-38 6.770740e-16)
    (9.368860e-18 1.940240e-17 1.465770e-15 8.677780e-17 6.816000e-16 9.026660e-16 1.508890e-15 7.827350e-15 4.126790e-38 8.945640e-16)
    (1.192890e-17 2.981890e-17 1.648030e-15 9.462780e-17 9.011970e-16 9.142140e-16 1.556440e-15 8.638180e-15 3.835130e-38 1.138040e-15)
    (1.460210e-17 4.305040e-17 1.816830e-15 1.018560e-16 1.147110e-15 9.233010e-16 1.595460e-15 9.414320e-15 3.582140e-38 1.405180e-15)
    (1.734150e-17 5.918350e-17 1.973380e-15 1.085360e-16 1.417070e-15 9.306030e-16 1.627860e-15 1.016010e-14 3.356560e-38 1.694350e-15)
    (2.010670e-17 7.824160e-17 2.117240e-15 1.146610e-16 1.708550e-15 9.361160e-16 1.654090e-15 1.087280e-14 3.159200e-38 2.003460e-15)
    (2.288050e-17 1.002630e-16 2.250470e-15 1.203320e-16 2.020510e-15 9.404950e-16 1.675850e-15 1.156000e-14 2.978650e-38 2.332210e-15)
    (2.562960e-17 1.251850e-16 2.372550e-15 1.255300e-16 2.350300e-15 9.435690e-16 1.693160e-15 1.221790e-14 2.820090e-38 2.678310e-15)
    (2.835100e-17 1.530110e-16 2.485250e-15 1.303370e-16 2.697460e-15 9.458090e-16 1.707170e-15 1.285270e-14 2.673700e-38 3.041880e-15)
    (3.102670e-17 1.836180e-16 2.589150e-15 1.347800e-16 3.059760e-15 9.472760e-16 1.718270e-15 1.346500e-14 2.539480e-38 3.421170e-15)
    (3.364790e-17 2.169670e-16 2.684200e-15 1.388530e-16 3.436300e-15 9.478850e-16 1.726410e-15 1.405340e-14 2.420260e-38 3.815470e-15)
    (3.620910e-17 2.529120e-16 2.771680e-15 1.426160e-16 3.825460e-15 9.479420e-16 1.732410e-15 1.462170e-14 2.310370e-38 4.223640e-15)
    (3.871290e-17 2.915480e-16 2.852170e-15 1.461010e-16 4.227860e-15 9.475470e-16 1.736620e-15 1.517290e-14 2.207650e-38 4.646570e-15)
    (4.114440e-17 3.326150e-16 2.926100e-15 1.493110e-16 4.640790e-15 9.466430e-16 1.738990e-15 1.570510e-14 2.114020e-38 5.081750e-15)
    (4.351010e-17 3.760140e-16 2.993570e-15 1.522650e-16 5.063720e-15 9.453450e-16 1.739870e-15 1.621970e-14 2.027550e-38 5.528810e-15)
    (4.580140e-17 4.219100e-16 3.055530e-15 1.549950e-16 5.497250e-15 9.437210e-16 1.739480e-15 1.671940e-14 1.947330e-38 5.988620e-15)
    (4.802570e-17 4.697460e-16 3.112560e-15 1.575280e-16 5.938040e-15 9.418870e-16 1.738200e-15 1.720470e-14 1.871650e-38 6.457810e-15)
    (5.018350e-17 5.201540e-16 3.164610e-15 1.598600e-16 6.390000e-15 9.397020e-16 1.735690e-15 1.767710e-14 1.802240e-38 6.940750e-15)
    (5.226360e-17 5.721390e-16 3.211890e-15 1.619990e-16 6.846120e-15 9.373350e-16 1.732390e-15 1.813340e-14 1.737690e-38 7.429980e-15)
    (5.427140e-17 6.264740e-16 3.254840e-15 1.639660e-16 7.311600e-15 9.347790e-16 1.728340e-15 1.857790e-14 1.676880e-38 7.931240e-15)
    (5.622320e-17 6.824510e-16 3.294560e-15 1.658040e-16 7.782640e-15 9.320880e-16 1.723730e-15 1.901250e-14 1.619170e-38 8.440620e-15)
    (0.000000e+00 0.000000e+00 0.000000e+00 0.000000e+00 0.000000e+00 1.887030e-30 0.000000e+00 0.000000e+00 4.908750e-36 0.000000e+00)
    (5.828710e-25 0.000000e+00 1.183780e-18 3.151880e-18 8.085340e-22 4.781160e-16 2.248470e-16 1.614340e-16 1.279230e-37 8.077260e-20)
    (6.849030e-21 2.563480e-22 5.083860e-17 1.329950e-17 9.344180e-19 6.366700e-16 5.845590e-16 1.032920e-15 9.356000e-38 6.308840e-18)
    (1.617230e-19 2.975890e-20 2.061530e-16 2.588950e-17 1.307250e-17 7.269570e-16 8.579260e-16 2.167020e-15 7.587630e-38 3.930500e-17)
    (8.210920e-19 3.673340e-19 4.405550e-16 3.934320e-17 5.689270e-17 7.874740e-16 1.064630e-15 3.371590e-15 6.445360e-38 1.181820e-16)
    (2.217680e-18 1.787950e-18 7.102930e-16 5.268240e-17 1.486940e-16 8.302510e-16 1.220910e-15 4.576960e-15 5.626450e-38 2.515550e-16)
    (4.329760e-18 5.362200e-18 9.846460e-16 6.531440e-17 2.949160e-16 8.615660e-16 1.340090e-15 5.747950e-15 4.997890e-38 4.392900e-16)
    (7.000350e-18 1.208860e-17 1.246650e-15 7.696060e-17 4.946590e-16 8.849610e-16 1.432180e-15 6.867840e-15 4.496290e-38 6.768160e-16)
    (1.005220e-17 2.270980e-17 1.489360e-15 8.753850e-17 7.437550e-16 9.025200e-16 1.503750e-15 7.929780e-15 4.085310e-38 9.588610e-16)
    (1.333570e-17 3.768810e-17 1.710660e-15 9.708750e-17 1.036950e-15 9.157890e-16 1.559900e-15 8.934490e-15 3.740100e-38 1.280440e-15)
    (1.674350e-17 5.727140e-17 1.911330e-15 1.057000e-16 1.369430e-15 9.258540e-16 1.604240e-15 9.886120e-15 3.444370e-38 1.637760e-15)
    (2.019290e-17 8.153980e-17 2.092360e-15 1.134450e-16 1.736400e-15 9.332090e-16 1.638900e-15 1.078650e-14 3.190490e-38 2.027170e-15)
    (2.363710e-17 1.104860e-16 2.255590e-15 1.204250e-16 2.134420e-15 9.384760e-16 1.665900e-15 1.164130e-14 2.970200e-38 2.446400e-15)
    (2.703990e-17 1.440770e-16 2.402430e-15 1.267110e-16 2.560530e-15 9.420120e-16 1.686550e-15 1.245380e-14 2.776710e-38 2.893550e-15)
    (3.037540e-17 1.821620e-16 2.534960e-15 1.323980e-16 3.011600e-15 9.442400e-16 1.702250e-15 1.322930e-14 2.603840e-38 3.366440e-15)
    (3.362040e-17 2.245790e-16 2.653930e-15 1.375180e-16 3.484690e-15 9.452210e-16 1.713490e-15 1.396800e-14 2.452390e-38 3.862820e-15)
    (3.678020e-17 2.712860e-16 2.761230e-15 1.421650e-16 3.979370e-15 9.453610e-16 1.721380e-15 1.467730e-14 2.314180e-38 4.383020e-15)
    (3.983290e-17 3.220730e-16 2.857550e-15 1.463570e-16 4.492680e-15 9.446450e-16 1.726170e-15 1.535610e-14 2.190860e-38 4.924540e-15)
    (4.278080e-17 3.767310e-16 2.944010e-15 1.501490e-16 5.023000e-15 9.432900e-16 1.728460e-15 1.600830e-14 2.078920e-38 5.486130e-15)
    (4.562400e-17 4.350040e-16 3.022080e-15 1.536030e-16 5.568460e-15 9.414720e-16 1.728910e-15 1.663720e-14 1.975810e-38 6.066380e-15)
    (4.835800e-17 4.970360e-16 3.091640e-15 1.567110e-16 6.129400e-15 9.390860e-16 1.727260e-15 1.724230e-14 1.883440e-38 6.665810e-15)
    (5.097200e-17 5.625550e-16 3.153650e-15 1.595150e-16 6.703560e-15 9.363770e-16 1.724280e-15 1.782550e-14 1.797830e-38 7.282480e-15)
    (5.349820e-17 6.311010e-16 3.209690e-15 1.620800e-16 7.289320e-15 9.333540e-16 1.720060e-15 1.839150e-14 1.718480e-38 7.914830e-15)
    (5.589740e-17 7.030640e-16 3.258980e-15 1.643750e-16 7.887380e-15 9.301260e-16 1.714820e-15 1.893760e-14 1.644730e-38 8.563720e-15)
    (5.820610e-17 7.775200e-16 3.303210e-15 1.664650e-16 8.492920e-15 9.266380e-16 1.708670e-15 1.946660e-14 1.577590e-38 9.224350e-15)
    (6.040010e-17 8.552500e-16 3.341520e-15 1.683170e-16 9.110670e-15 9.229490e-16 1.701610e-15 1.997850e-14 1.515380e-38 9.901530e-15)
    (6.250340e-17 9.352270e-16 3.375760e-15 1.700030e-16 9.734250e-15 9.191540e-16 1.693990e-15 2.047520e-14 1.456970e-38 1.058890e-14)
    (6.451170e-17 1.018330e-15 3.405570e-15 1.715170e-16 1.037010e-14 9.152650e-16 1.685940e-15 2.096060e-14 1.401440e-38 1.129310e-14)
    (6.642290e-17 1.103260e-15 3.431670e-15 1.728800e-16 1.100880e-14 9.113400e-16 1.677490e-15 2.143030e-14 1.349360e-38 1.200440e-14)
    (6.824680e-17 1.191070e-15 3.453520e-15 1.740690e-16 1.165840e-14 9.072670e-16 1.668440e-15 2.188770e-14 1.301530e-38 1.273090e-14)
    (0.000000e+00 0.000000e+00 0.000000e+00 0.000000e+00 0.000000e+00 6.518520e-31 0.000000e+00 0.000000e+00 4.918440e-36 0.000000e+00)
    (1.849820e-22 1.612890e-24 9.205190e-18 6.166580e-18 5.115030e-20 5.472130e-16 3.517850e-16 4.078680e-16 1.109000e-37 8.629610e-19)
    (1.456840e-19 2.687790e-20 1.842750e-16 2.392890e-17 1.174760e-17 7.170640e-16 8.143270e-16 1.988300e-15 7.705340e-38 3.516810e-17)
    (1.339680e-18 8.047990e-19 5.373800e-16 4.379720e-17 9.030430e-17 8.028310e-16 1.110830e-15 3.770240e-15 6.106550e-38 1.669000e-16)
    (4.077850e-18 4.833000e-18 9.329060e-16 6.251830e-17 2.762650e-16 8.537600e-16 1.303440e-15 5.491090e-15 5.116060e-38 4.130620e-16)
    (7.931260e-18 1.490610e-17 1.299940e-15 7.887590e-17 5.671200e-16 8.861860e-16 1.432550e-15 7.072360e-15 4.422850e-38 7.562950e-16)
    (1.234910e-17 3.271710e-17 1.620150e-15 9.281920e-17 9.452170e-16 9.076050e-16 1.521950e-15 8.507090e-15 3.900750e-38 1.176270e-15)
    (1.697020e-17 5.893440e-17 1.895260e-15 1.046910e-16 1.393950e-15 9.219920e-16 1.585470e-15 9.813590e-15 3.489360e-38 1.658950e-15)
    (2.159810e-17 9.374370e-17 2.131600e-15 1.148610e-16 1.901710e-15 9.315570e-16 1.631190e-15 1.101350e-14 3.154700e-38 2.196250e-15)
    (2.613370e-17 1.369650e-16 2.334970e-15 1.236160e-16 2.459630e-15 9.375160e-16 1.663640e-15 1.212310e-14 2.877810e-38 2.782550e-15)
    (3.052980e-17 1.883840e-16 2.510770e-15 1.312060e-16 3.061970e-15 9.408020e-16 1.686180e-15 1.315800e-14 2.644680e-38 3.414730e-15)
    (3.475780e-17 2.476510e-16 2.663160e-15 1.378210e-16 3.703480e-15 9.421260e-16 1.701250e-15 1.412970e-14 2.443860e-38 4.089480e-15)
    (3.879690e-17 3.145660e-16 2.794870e-15 1.435810e-16 4.380660e-15 9.418370e-16 1.710320e-15 1.504490e-14 2.270500e-38 4.804730e-15)
    (4.265090e-17 3.888940e-16 2.909660e-15 1.486500e-16 5.091180e-15 9.403840e-16 1.714940e-15 1.591520e-14 2.117570e-38 5.559670e-15)
    (4.630810e-17 4.699610e-16 3.008410e-15 1.530610e-16 5.829590e-15 9.379110e-16 1.715580e-15 1.673960e-14 1.983660e-38 6.349170e-15)
    (4.979430e-17 5.573880e-16 3.094310e-15 1.569530e-16 6.594030e-15 9.347270e-16 1.713330e-15 1.752840e-14 1.863090e-38 7.172240e-15)
    (5.308310e-17 6.511940e-16 3.168600e-15 1.603740e-16 7.383530e-15 9.309240e-16 1.708770e-15 1.828430e-14 1.755740e-38 8.028370e-15)
    (5.617700e-17 7.509110e-16 3.231340e-15 1.633290e-16 8.194730e-15 9.266240e-16 1.702030e-15 1.900550e-14 1.659540e-38 8.914270e-15)
    (5.911680e-17 8.566450e-16 3.285000e-15 1.659220e-16 9.030500e-15 9.219780e-16 1.693870e-15 1.970310e-14 1.570960e-38 9.833200e-15)
    (6.187030e-17 9.667550e-16 3.330900e-15 1.681980e-16 9.877880e-15 9.171310e-16 1.684560e-15 2.037210e-14 1.490040e-38 1.077210e-14)
    (6.446960e-17 1.082390e-15 3.368710e-15 1.701500e-16 1.074650e-14 9.119800e-16 1.674060e-15 2.101830e-14 1.417410e-38 1.174110e-14)
    (6.687860e-17 1.202380e-15 3.399910e-15 1.718270e-16 1.162690e-14 9.067300e-16 1.662790e-15 2.163920e-14 1.350330e-38 1.273010e-14)
    (6.916400e-17 1.326050e-15 3.425320e-15 1.732750e-16 1.251860e-14 9.014240e-16 1.650980e-15 2.224030e-14 1.287690e-38 1.373800e-14)
    (7.129310e-17 1.455140e-15 3.445650e-15 1.745130e-16 1.343060e-14 8.960170e-16 1.638640e-15 2.282640e-14 1.229550e-38 1.477600e-14)
    (7.327260e-17 1.587050e-15 3.460360e-15 1.755240e-16 1.434680e-14 8.906150e-16 1.625950e-15 2.338850e-14 1.176330e-38 1.582510e-14)
    (7.512220e-17 1.721330e-15 3.471340e-15 1.763710e-16 1.526720e-14 8.852050e-16 1.612880e-15 2.393240e-14 1.127410e-38 1.688470e-14)
    (7.685290e-17 1.861140e-15 3.477990e-15 1.770460e-16 1.620940e-14 8.797820e-16 1.599590e-15 2.446540e-14 1.081210e-38 1.797650e-14)
    (7.843250e-17 2.001850e-15 3.481420e-15 1.775830e-16 1.714520e-14 8.745210e-16 1.586430e-15 2.497660e-14 1.038080e-38 1.906750e-14)
    (7.993220e-17 2.146360e-15 3.481440e-15 1.779770e-16 1.809650e-14 8.692310e-16 1.572870e-15 2.547780e-14 9.972390e-39 2.018070e-14)
    (8.129210e-17 2.292290e-15 3.478960e-15 1.782570e-16 1.904450e-14 8.640950e-16 1.559490e-15 2.596040e-14 9.593910e-39 2.129740e-14)
    (0.000000e+00 0.000000e+00 0.000000e+00 0.000000e+00 0.000000e+00 1.590140e-31 0.000000e+00 0.000000e+00 4.909830e-36 0.000000e+00)
    (3.203290e-18 1.068190e-18 1.008830e-15 6.333680e-17 2.072590e-16 8.313320e-16 1.257580e-15 5.481770e-15 5.756080e-38 3.626130e-16)
    (1.303780e-17 1.731260e-17 1.798520e-15 9.760370e-17 8.674510e-16 8.847090e-16 1.481970e-15 8.816410e-15 4.505490e-38 1.137720e-15)
    (2.020250e-17 5.123120e-17 2.123490e-15 1.120950e-16 1.518800e-15 9.074880e-16 1.558390e-15 1.049870e-14 3.743480e-38 1.817550e-15)
    (2.633140e-17 1.016890e-16 2.368620e-15 1.232860e-16 2.228270e-15 9.227320e-16 1.615630e-15 1.193530e-14 3.200840e-38 2.547880e-15)
    (3.196930e-17 1.686210e-16 2.575600e-15 1.327220e-16 3.015450e-15 9.315300e-16 1.655650e-15 1.325970e-14 2.799860e-38 3.362790e-15)
    (3.730180e-17 2.522070e-16 2.751440e-15 1.407310e-16 3.886540e-15 9.354040e-16 1.680700e-15 1.450050e-14 2.490930e-38 4.273880e-15)
    (4.236640e-17 3.521790e-16 2.901030e-15 1.475640e-16 4.839110e-15 9.357310e-16 1.694190e-15 1.567520e-14 2.243680e-38 5.282430e-15)
    (4.714950e-17 4.688290e-16 3.025580e-15 1.533250e-16 5.871670e-15 9.335190e-16 1.698810e-15 1.679000e-14 2.039670e-38 6.389470e-15)
    (5.162940e-17 6.020340e-16 3.127870e-15 1.581580e-16 6.982080e-15 9.294720e-16 1.696880e-15 1.785430e-14 1.867560e-38 7.594750e-15)
    (5.585950e-17 7.502710e-16 3.212770e-15 1.622700e-16 8.160630e-15 9.241370e-16 1.690110e-15 1.887860e-14 1.718970e-38 8.890240e-15)
    (5.976010e-17 9.146320e-16 3.278100e-15 1.655880e-16 9.411470e-15 9.177690e-16 1.679220e-15 1.985840e-14 1.590320e-38 1.028040e-14)
    (6.338910e-17 1.092290e-15 3.331170e-15 1.683890e-16 1.071760e-14 9.107740e-16 1.665560e-15 2.080570e-14 1.476320e-38 1.174970e-14)
    (6.671620e-17 1.282370e-15 3.369910e-15 1.706120e-16 1.207310e-14 9.033320e-16 1.649660e-15 2.171340e-14 1.375650e-38 1.328970e-14)
    (6.973210e-17 1.486640e-15 3.396830e-15 1.723620e-16 1.348680e-14 8.956600e-16 1.632480e-15 2.259220e-14 1.284660e-38 1.491360e-14)
    (7.246740e-17 1.700750e-15 3.413850e-15 1.736860e-16 1.493540e-14 8.878300e-16 1.613930e-15 2.343590e-14 1.203450e-38 1.659270e-14)
    (7.497350e-17 1.925150e-15 3.422540e-15 1.746680e-16 1.642450e-14 8.799190e-16 1.594390e-15 2.425500e-14 1.129620e-38 1.833320e-14)
    (7.721510e-17 2.160150e-15 3.422670e-15 1.752990e-16 1.795120e-14 8.721050e-16 1.574360e-15 2.504460e-14 1.062440e-38 2.013530e-14)
    (7.920310e-17 2.402880e-15 3.417490e-15 1.756850e-16 1.950260e-14 8.644100e-16 1.554040e-15 2.580910e-14 1.000790e-38 2.198030e-14)
    (8.091810e-17 2.651900e-15 3.404220e-15 1.757350e-16 2.107000e-14 8.569210e-16 1.533520e-15 2.653820e-14 9.452680e-39 2.385720e-14)
    (8.250810e-17 2.907030e-15 3.387550e-15 1.756220e-16 2.265850e-14 8.495600e-16 1.512750e-15 2.725050e-14 8.937590e-39 2.577160e-14)
    (8.382120e-17 3.165700e-15 3.366060e-15 1.752880e-16 2.424580e-14 8.426090e-16 1.492450e-15 2.792740e-14 8.467350e-39 2.769920e-14)
    (8.496570e-17 3.431450e-15 3.341350e-15 1.748100e-16 2.585760e-14 8.358720e-16 1.472160e-15 2.858870e-14 8.028160e-39 2.966960e-14)
    (8.597330e-17 3.698780e-15 3.313010e-15 1.741570e-16 2.746610e-14 8.293980e-16 1.451940e-15 2.922330e-14 7.629900e-39 3.164550e-14)
    (8.678050e-17 3.967410e-15 3.284380e-15 1.734500e-16 2.906450e-14 8.233760e-16 1.432460e-15 2.983380e-14 7.253920e-39 3.362300e-14)
    (8.745960e-17 4.241410e-15 3.249910e-15 1.725130e-16 3.068400e-14 8.174770e-16 1.412760e-15 3.042620e-14 6.909700e-39 3.563270e-14)
    (8.800820e-17 4.512420e-15 3.215940e-15 1.715490e-16 3.227300e-14 8.120690e-16 1.393880e-15 3.099060e-14 6.589980e-39 3.761710e-14)
    (8.841810e-17 4.788050e-15 3.179510e-15 1.704650e-16 3.387790e-14 8.068380e-16 1.375010e-15 3.154240e-14 6.290610e-39 3.962860e-14)
    (8.876740e-17 5.062720e-15 3.141980e-15 1.693240e-16 3.546890e-14 8.019450e-16 1.356510e-15 3.207440e-14 6.011010e-39 4.163210e-14)
    (8.893440e-17 5.336850e-15 3.104370e-15 1.681370e-16 3.704170e-14 7.975150e-16 1.338910e-15 3.258180e-14 5.750530e-39 4.362450e-14)
);

