0
0.02e-5
0.04e-5
0.06e-5
0.08e-5
0.10e-5
0.12e-5
0.14e-5
0.16e-5
0.18e-5
0.20e-5
0.22e-5
0.24e-5
0.26e-5
0.28e-5
0.30e-5
0.32e-5
0.34e-5
0.36e-5
0.38e-5
0.40e-5
0.42e-5
0.44e-5
0.46e-5
0.48e-5
0.50e-5
5e-06
5.001e-06
5.064376957e-06
5.136762665e-06
0.52e-5
5.201955124e-06
5.259515507e-06
5.328808426e-06
5.39022015e-06
0.54e-5
5.453679723e-06
5.519342918e-06
5.587325585e-06
0.56e-5
5.645829901e-06
5.718414089e-06
5.781067577e-06
0.58e-5
5.845914853e-06
5.913193501e-06
5.983165778e-06
0.60e-5
6.041271165e-06
6.101432269e-06
6.179767946e-06
0.62e-5
6.245149344e-06
6.313153654e-06
6.366006641e-06
0.64e-5
6.439123673e-06
6.496092786e-06
6.575118798e-06
0.66e-5
6.636863453e-06
6.700908718e-06
6.767424487e-06
0.68e-5
6.836605346e-06
6.908670366e-06
6.983878973e-06
0.70e-5
7.035900693e-06
7.117010655e-06
7.173301645e-06
0.72e-5
7.259697962e-06
7.318199449e-06
7.377419084e-06
0.74e-5
7.467599371e-06
7.52861486e-06
7.590345237e-06
0.76e-5
7.684281661e-06
7.747804279e-06
0.78e-5
7.812040052e-06
7.876984082e-06
7.975721959e-06
0.80e-5
8.042417274e-06
8.109807946e-06
8.177885202e-06
0.82e-5
8.281292765e-06
8.351088414e-06
0.84e-5
8.421571214e-06
8.49271595e-06
8.564522382e-06
0.86e-5
8.67347708e-06
8.746925126e-06
0.88e-5
8.821009085e-06
8.895726125e-06
0.90e-5
9.008939367e-06
9.08516842e-06
9.161977399e-06
0.92e-5
9.278365413e-06
9.317435468e-06
0.94e-5
0.96e-5
0.98e-5
