/*--------------------------------*- C++ -*----------------------------------*\
| =========                 |                                                 |
| \\      /  F ield         | OpenFOAM: The Open Source CFD Toolbox           |
|  \\    /   O peration     | Version:  2406                                  |
|   \\  /    A nd           | Website:  www.openfoam.com                      |
|    \\/     M anipulation  |                                                 |
\*---------------------------------------------------------------------------*/
FoamFile
{
    version     2.0;
    format      ascii;
    arch        "LSB;label=32;scalar=64";
    class       volVectorField;
    location    "2e-07/dielectric";
    object      EExtAmp;
}
// * * * * * * * * * * * * * * * * * * * * * * * * * * * * * * * * * * * * * //

dimensions      [1 1 -3 0 0 -1 0];

internalField   nonuniform List<vector> 
3626
(
(39.8571 -0.0550575 -0)
(39.879 -0.0529146 -0)
(39.9002 -0.0508209 -0)
(39.9205 -0.0487814 -0)
(39.9399 -0.0467979 -0)
(39.9585 -0.04487 -0)
(39.9762 -0.0429947 -0)
(39.9932 -0.0411684 -0)
(40.0094 -0.0393887 -0)
(40.025 -0.0376521 -0)
(40.0398 -0.0359556 -0)
(40.0539 -0.0342975 -0)
(40.0674 -0.0326753 -0)
(40.0802 -0.0310871 -0)
(40.0924 -0.0295313 -0)
(40.104 -0.0280067 -0)
(40.115 -0.0265116 -0)
(40.1253 -0.025044 -0)
(40.1351 -0.0236033 -0)
(40.1443 -0.0221876 -0)
(40.1529 -0.0207952 -0)
(40.161 -0.0194252 -0)
(40.1686 -0.018076 -0)
(40.1756 -0.0167459 -0)
(40.182 -0.0154336 -0)
(40.188 -0.0141382 -0)
(40.1934 -0.012858 -0)
(40.1983 -0.0115914 -0)
(40.2027 -0.0103375 -0)
(40.2066 -0.0090948 -0)
(40.2101 -0.00786179 -0)
(40.213 -0.0066376 -0)
(40.2154 -0.00542072 -0)
(40.2173 -0.00420964 -0)
(40.2188 -0.00300329 -0)
(40.2198 -0.00180061 -0)
(40.2202 -0.000600104 -0)
(39.8778 -0.16073 -0)
(39.8993 -0.154409 -0)
(39.92 -0.148249 -0)
(39.9398 -0.142253 -0)
(39.9587 -0.136421 -0)
(39.9767 -0.130748 -0)
(39.994 -0.125226 -0)
(40.0105 -0.119848 -0)
(40.0263 -0.114608 -0)
(40.0414 -0.109498 -0)
(40.0559 -0.104511 -0)
(40.0697 -0.099642 -0)
(40.0828 -0.0948851 -0)
(40.0953 -0.0902339 -0)
(40.1072 -0.0856841 -0)
(40.1185 -0.0812314 -0)
(40.1292 -0.0768699 -0)
(40.1393 -0.0725941 -0)
(40.1488 -0.0684005 -0)
(40.1578 -0.0642835 -0)
(40.1662 -0.0602378 -0)
(40.1741 -0.0562601 -0)
(40.1814 -0.0523452 -0)
(40.1882 -0.0484877 -0)
(40.1945 -0.0446842 -0)
(40.2003 -0.0409309 -0)
(40.2056 -0.0372228 -0)
(40.2104 -0.0335552 -0)
(40.2147 -0.0299253 -0)
(40.2185 -0.0263284 -0)
(40.2218 -0.0227598 -0)
(40.2247 -0.0192169 -0)
(40.227 -0.015695 -0)
(40.2289 -0.0121895 -0)
(40.2303 -0.00869731 -0)
(40.2313 -0.005215 -0)
(40.2317 -0.00173804 -0)
(39.9163 -0.257035 -0)
(39.9367 -0.246913 -0)
(39.9564 -0.237068 -0)
(39.9752 -0.22749 -0)
(39.9931 -0.218171 -0)
(40.0102 -0.209101 -0)
(40.0266 -0.200268 -0)
(40.0423 -0.19166 -0)
(40.0573 -0.183269 -0)
(40.0716 -0.175084 -0)
(40.0853 -0.167094 -0)
(40.0984 -0.159294 -0)
(40.1109 -0.151674 -0)
(40.1228 -0.144225 -0)
(40.1341 -0.136939 -0)
(40.1448 -0.129809 -0)
(40.1549 -0.122827 -0)
(40.1645 -0.115984 -0)
(40.1735 -0.109272 -0)
(40.182 -0.102685 -0)
(40.19 -0.0962124 -0)
(40.1975 -0.0898497 -0)
(40.2045 -0.0835882 -0)
(40.211 -0.0774198 -0)
(40.217 -0.0713386 -0)
(40.2225 -0.0653388 -0)
(40.2275 -0.0594127 -0)
(40.2321 -0.0535525 -0)
(40.2362 -0.0477539 -0)
(40.2398 -0.0420094 -0)
(40.2429 -0.0363114 -0)
(40.2456 -0.0306557 -0)
(40.2479 -0.0250349 -0)
(40.2497 -0.0194416 -0)
(40.251 -0.0138705 -0)
(40.2519 -0.00831625 -0)
(40.2524 -0.00277136 -0)
(39.968 -0.342788 -0)
(39.987 -0.329294 -0)
(40.0053 -0.316167 -0)
(40.0228 -0.303395 -0)
(40.0394 -0.290968 -0)
(40.0553 -0.278873 -0)
(40.0706 -0.267095 -0)
(40.0851 -0.255616 -0)
(40.0991 -0.244427 -0)
(40.1124 -0.233513 -0)
(40.1252 -0.22286 -0)
(40.1374 -0.212461 -0)
(40.149 -0.202301 -0)
(40.16 -0.192368 -0)
(40.1705 -0.182652 -0)
(40.1804 -0.173145 -0)
(40.1899 -0.163834 -0)
(40.1988 -0.154706 -0)
(40.2072 -0.145755 -0)
(40.2151 -0.136968 -0)
(40.2225 -0.128334 -0)
(40.2295 -0.119846 -0)
(40.236 -0.111494 -0)
(40.242 -0.103265 -0)
(40.2476 -0.0951532 -0)
(40.2527 -0.0871499 -0)
(40.2574 -0.0792449 -0)
(40.2616 -0.0714279 -0)
(40.2654 -0.0636933 -0)
(40.2687 -0.0560308 -0)
(40.2717 -0.0484305 -0)
(40.2742 -0.0408867 -0)
(40.2763 -0.0333896 -0)
(40.2779 -0.0259293 -0)
(40.2792 -0.0184988 -0)
(40.28 -0.0110909 -0)
(40.2804 -0.00369599 -0)
(40.0302 -0.417449 -0)
(40.0475 -0.400999 -0)
(40.0642 -0.384996 -0)
(40.08 -0.369425 -0)
(40.0951 -0.354274 -0)
(40.1096 -0.33953 -0)
(40.1234 -0.325171 -0)
(40.1366 -0.311179 -0)
(40.1493 -0.297543 -0)
(40.1614 -0.284243 -0)
(40.1729 -0.271264 -0)
(40.184 -0.258595 -0)
(40.1945 -0.246219 -0)
(40.2045 -0.234121 -0)
(40.214 -0.222288 -0)
(40.2231 -0.21071 -0)
(40.2316 -0.199371 -0)
(40.2397 -0.188256 -0)
(40.2474 -0.177356 -0)
(40.2545 -0.166657 -0)
(40.2613 -0.156144 -0)
(40.2676 -0.14581 -0)
(40.2735 -0.135642 -0)
(40.279 -0.125625 -0)
(40.284 -0.115751 -0)
(40.2887 -0.10601 -0)
(40.2929 -0.09639 -0)
(40.2968 -0.0868784 -0)
(40.3002 -0.0774681 -0)
(40.3033 -0.0681465 -0)
(40.306 -0.0589015 -0)
(40.3082 -0.049726 -0)
(40.3101 -0.0406078 -0)
(40.3117 -0.0315346 -0)
(40.3128 -0.0224979 -0)
(40.3135 -0.0134887 -0)
(40.3139 -0.00449504 -0)
(40.0995 -0.480997 -0)
(40.1149 -0.462028 -0)
(40.1298 -0.443579 -0)
(40.1438 -0.425631 -0)
(40.1572 -0.40817 -0)
(40.17 -0.391178 -0)
(40.1823 -0.374631 -0)
(40.194 -0.358506 -0)
(40.2052 -0.342792 -0)
(40.216 -0.327466 -0)
(40.2263 -0.312509 -0)
(40.2361 -0.29791 -0)
(40.2454 -0.283649 -0)
(40.2543 -0.269708 -0)
(40.2627 -0.256073 -0)
(40.2708 -0.242732 -0)
(40.2783 -0.229666 -0)
(40.2855 -0.216859 -0)
(40.2923 -0.204299 -0)
(40.2987 -0.191971 -0)
(40.3047 -0.179858 -0)
(40.3103 -0.167951 -0)
(40.3155 -0.156235 -0)
(40.3204 -0.144694 -0)
(40.3249 -0.133318 -0)
(40.329 -0.122096 -0)
(40.3327 -0.111014 -0)
(40.3361 -0.100057 -0)
(40.3392 -0.0892165 -0)
(40.3419 -0.0784793 -0)
(40.3443 -0.0678308 -0)
(40.3463 -0.0572628 -0)
(40.348 -0.0467614 -0)
(40.3493 -0.0363125 -0)
(40.3503 -0.0259059 -0)
(40.351 -0.0155317 -0)
(40.3513 -0.0051758 -0)
(40.1737 -0.53373 -0)
(40.1871 -0.512662 -0)
(40.1999 -0.492173 -0)
(40.2121 -0.472242 -0)
(40.2237 -0.452853 -0)
(40.2347 -0.433986 -0)
(40.2452 -0.415614 -0)
(40.2554 -0.397713 -0)
(40.2651 -0.380267 -0)
(40.2743 -0.363254 -0)
(40.2832 -0.346651 -0)
(40.2916 -0.330446 -0)
(40.2997 -0.314617 -0)
(40.3074 -0.299143 -0)
(40.3147 -0.28401 -0)
(40.3216 -0.269204 -0)
(40.3281 -0.254703 -0)
(40.3343 -0.24049 -0)
(40.3402 -0.226553 -0)
(40.3457 -0.212874 -0)
(40.3509 -0.199435 -0)
(40.3557 -0.186226 -0)
(40.3602 -0.173229 -0)
(40.3644 -0.160428 -0)
(40.3683 -0.147812 -0)
(40.3719 -0.135367 -0)
(40.3751 -0.123079 -0)
(40.3781 -0.11093 -0)
(40.3807 -0.0989117 -0)
(40.3831 -0.0870078 -0)
(40.3851 -0.0752025 -0)
(40.3868 -0.0634866 -0)
(40.3883 -0.0518444 -0)
(40.3894 -0.0402602 -0)
(40.3903 -0.0287227 -0)
(40.3909 -0.0172208 -0)
(40.3912 -0.00573874 -0)
(40.2504 -0.576301 -0)
(40.2616 -0.553539 -0)
(40.2724 -0.531404 -0)
(40.2826 -0.509874 -0)
(40.2923 -0.48893 -0)
(40.3015 -0.468552 -0)
(40.3103 -0.448709 -0)
(40.3188 -0.429375 -0)
(40.3269 -0.410534 -0)
(40.3347 -0.39216 -0)
(40.3421 -0.374231 -0)
(40.3491 -0.356731 -0)
(40.3559 -0.339638 -0)
(40.3623 -0.322929 -0)
(40.3684 -0.306588 -0)
(40.3742 -0.290599 -0)
(40.3797 -0.274941 -0)
(40.3849 -0.259593 -0)
(40.3898 -0.244543 -0)
(40.3944 -0.229771 -0)
(40.3987 -0.215259 -0)
(40.4028 -0.200996 -0)
(40.4066 -0.186963 -0)
(40.4101 -0.173142 -0)
(40.4133 -0.159521 -0)
(40.4163 -0.146086 -0)
(40.419 -0.13282 -0)
(40.4215 -0.119706 -0)
(40.4237 -0.106734 -0)
(40.4256 -0.0938865 -0)
(40.4273 -0.081146 -0)
(40.4287 -0.0685027 -0)
(40.4299 -0.0559395 -0)
(40.4309 -0.0434396 -0)
(40.4316 -0.0309906 -0)
(40.4321 -0.0185803 -0)
(40.4323 -0.00619173 -0)
(40.328 -0.609451 -0)
(40.3371 -0.58536 -0)
(40.3458 -0.561932 -0)
(40.354 -0.539146 -0)
(40.3617 -0.516982 -0)
(40.369 -0.495417 -0)
(40.3761 -0.47442 -0)
(40.3829 -0.453962 -0)
(40.3894 -0.434027 -0)
(40.3956 -0.414588 -0)
(40.4015 -0.395619 -0)
(40.4072 -0.377108 -0)
(40.4126 -0.359027 -0)
(40.4178 -0.341354 -0)
(40.4227 -0.324072 -0)
(40.4273 -0.307163 -0)
(40.4317 -0.290605 -0)
(40.4359 -0.274376 -0)
(40.4398 -0.258464 -0)
(40.4435 -0.242848 -0)
(40.447 -0.227507 -0)
(40.4503 -0.21243 -0)
(40.4533 -0.197597 -0)
(40.4561 -0.182989 -0)
(40.4587 -0.168593 -0)
(40.4611 -0.154395 -0)
(40.4633 -0.140375 -0)
(40.4652 -0.126516 -0)
(40.467 -0.112807 -0)
(40.4685 -0.099229 -0)
(40.4699 -0.0857642 -0)
(40.471 -0.0724019 -0)
(40.472 -0.0591241 -0)
(40.4728 -0.0459128 -0)
(40.4733 -0.0327552 -0)
(40.4737 -0.0196383 -0)
(40.4739 -0.00654434 -0)
(40.4049 -0.634068 -0)
(40.4118 -0.608987 -0)
(40.4185 -0.584599 -0)
(40.4247 -0.560882 -0)
(40.4305 -0.537814 -0)
(40.436 -0.515371 -0)
(40.4414 -0.493519 -0)
(40.4465 -0.472229 -0)
(40.4514 -0.451484 -0)
(40.4561 -0.431256 -0)
(40.4605 -0.411518 -0)
(40.4648 -0.392255 -0)
(40.4689 -0.373441 -0)
(40.4728 -0.355051 -0)
(40.4765 -0.337067 -0)
(40.48 -0.319472 -0)
(40.4833 -0.302242 -0)
(40.4865 -0.285355 -0)
(40.4895 -0.268798 -0)
(40.4923 -0.25255 -0)
(40.4949 -0.236589 -0)
(40.4973 -0.220904 -0)
(40.4996 -0.205474 -0)
(40.5018 -0.19028 -0)
(40.5037 -0.175306 -0)
(40.5055 -0.16054 -0)
(40.5071 -0.14596 -0)
(40.5086 -0.131548 -0)
(40.5099 -0.117292 -0)
(40.5111 -0.103174 -0)
(40.5121 -0.0891736 -0)
(40.513 -0.07528 -0)
(40.5137 -0.0614744 -0)
(40.5143 -0.0477381 -0)
(40.5147 -0.0340575 -0)
(40.515 -0.0204192 -0)
(40.5151 -0.00680458 -0)
(40.4802 -0.651027 -0)
(40.485 -0.625252 -0)
(40.4897 -0.600192 -0)
(40.4939 -0.575822 -0)
(40.4978 -0.552122 -0)
(40.5015 -0.529066 -0)
(40.5051 -0.506619 -0)
(40.5086 -0.484751 -0)
(40.5119 -0.463444 -0)
(40.5151 -0.442669 -0)
(40.5182 -0.422399 -0)
(40.5211 -0.402619 -0)
(40.5239 -0.383301 -0)
(40.5265 -0.364419 -0)
(40.5291 -0.345955 -0)
(40.5315 -0.327891 -0)
(40.5338 -0.310203 -0)
(40.5359 -0.292867 -0)
(40.538 -0.275871 -0)
(40.5399 -0.259193 -0)
(40.5417 -0.24281 -0)
(40.5433 -0.226711 -0)
(40.5449 -0.210875 -0)
(40.5463 -0.195281 -0)
(40.5477 -0.179914 -0)
(40.5489 -0.164759 -0)
(40.55 -0.149797 -0)
(40.551 -0.135007 -0)
(40.5519 -0.120377 -0)
(40.5526 -0.105887 -0)
(40.5533 -0.0915186 -0)
(40.5539 -0.0772598 -0)
(40.5544 -0.0630911 -0)
(40.5548 -0.0489935 -0)
(40.5551 -0.0349531 -0)
(40.5552 -0.0209561 -0)
(40.5553 -0.0069835 -0)
(40.5529 -0.661264 -0)
(40.5557 -0.635067 -0)
(40.5584 -0.609599 -0)
(40.5607 -0.584835 -0)
(40.5628 -0.560752 -0)
(40.5648 -0.537324 -0)
(40.5668 -0.514517 -0)
(40.5686 -0.492297 -0)
(40.5705 -0.470649 -0)
(40.5722 -0.449541 -0)
(40.5739 -0.428948 -0)
(40.5755 -0.408852 -0)
(40.577 -0.389226 -0)
(40.5785 -0.370043 -0)
(40.5799 -0.351286 -0)
(40.5812 -0.332935 -0)
(40.5825 -0.314967 -0)
(40.5836 -0.297358 -0)
(40.5848 -0.280096 -0)
(40.5858 -0.263157 -0)
(40.5868 -0.24652 -0)
(40.5877 -0.230172 -0)
(40.5886 -0.214092 -0)
(40.5894 -0.198259 -0)
(40.5901 -0.182657 -0)
(40.5907 -0.167271 -0)
(40.5913 -0.152081 -0)
(40.5919 -0.137066 -0)
(40.5923 -0.122213 -0)
(40.5927 -0.107504 -0)
(40.5931 -0.0929165 -0)
(40.5934 -0.0784405 -0)
(40.5937 -0.0640558 -0)
(40.5939 -0.049743 -0)
(40.594 -0.035488 -0)
(40.5941 -0.0212769 -0)
(40.5942 -0.00709044 -0)
(40.6225 -0.665627 -0)
(40.6234 -0.639238 -0)
(40.6242 -0.613585 -0)
(40.6247 -0.588643 -0)
(40.625 -0.56439 -0)
(40.6254 -0.540799 -0)
(40.6257 -0.517832 -0)
(40.6261 -0.49546 -0)
(40.6264 -0.473663 -0)
(40.6268 -0.452412 -0)
(40.6271 -0.43168 -0)
(40.6275 -0.411449 -0)
(40.6278 -0.391691 -0)
(40.6281 -0.372381 -0)
(40.6284 -0.353499 -0)
(40.6287 -0.335027 -0)
(40.629 -0.316941 -0)
(40.6293 -0.299217 -0)
(40.6295 -0.281843 -0)
(40.6298 -0.264795 -0)
(40.63 -0.248053 -0)
(40.6302 -0.231602 -0)
(40.6303 -0.215421 -0)
(40.6305 -0.199489 -0)
(40.6306 -0.183791 -0)
(40.6307 -0.16831 -0)
(40.6309 -0.153026 -0)
(40.6309 -0.137918 -0)
(40.631 -0.122974 -0)
(40.6311 -0.108173 -0)
(40.6311 -0.0934957 -0)
(40.6312 -0.0789299 -0)
(40.6312 -0.0644557 -0)
(40.6313 -0.0500538 -0)
(40.6313 -0.0357099 -0)
(40.6313 -0.02141 -0)
(40.6313 -0.0071348 -0)
(40.6886 -0.664965 -0)
(40.6876 -0.638587 -0)
(40.6866 -0.612945 -0)
(40.6853 -0.588017 -0)
(40.684 -0.563778 -0)
(40.6828 -0.540201 -0)
(40.6816 -0.51725 -0)
(40.6805 -0.494893 -0)
(40.6795 -0.473111 -0)
(40.6786 -0.451877 -0)
(40.6777 -0.43116 -0)
(40.6768 -0.410946 -0)
(40.676 -0.391204 -0)
(40.6752 -0.37191 -0)
(40.6745 -0.353045 -0)
(40.6738 -0.33459 -0)
(40.6732 -0.316522 -0)
(40.6726 -0.298817 -0)
(40.672 -0.281463 -0)
(40.6714 -0.264436 -0)
(40.6709 -0.247714 -0)
(40.6704 -0.231285 -0)
(40.6699 -0.215127 -0)
(40.6695 -0.199218 -0)
(40.6691 -0.183541 -0)
(40.6687 -0.168083 -0)
(40.6683 -0.152821 -0)
(40.668 -0.137734 -0)
(40.6677 -0.122811 -0)
(40.6674 -0.108031 -0)
(40.6672 -0.0933734 -0)
(40.667 -0.0788272 -0)
(40.6668 -0.0643723 -0)
(40.6667 -0.0499892 -0)
(40.6666 -0.0356639 -0)
(40.6665 -0.0213825 -0)
(40.6665 -0.00712565 -0)
(40.7508 -0.660034 -0)
(40.7481 -0.633837 -0)
(40.7454 -0.608371 -0)
(40.7425 -0.583617 -0)
(40.7396 -0.559549 -0)
(40.7369 -0.536139 -0)
(40.7343 -0.513351 -0)
(40.7319 -0.491154 -0)
(40.7295 -0.469529 -0)
(40.7273 -0.448447 -0)
(40.7252 -0.427881 -0)
(40.7232 -0.407812 -0)
(40.7214 -0.388214 -0)
(40.7196 -0.36906 -0)
(40.7179 -0.350333 -0)
(40.7163 -0.332014 -0)
(40.7148 -0.31408 -0)
(40.7133 -0.296507 -0)
(40.7119 -0.279284 -0)
(40.7107 -0.262387 -0)
(40.7094 -0.245794 -0)
(40.7083 -0.229492 -0)
(40.7072 -0.213459 -0)
(40.7062 -0.197674 -0)
(40.7053 -0.18212 -0)
(40.7044 -0.166783 -0)
(40.7036 -0.15164 -0)
(40.7029 -0.136671 -0)
(40.7022 -0.121864 -0)
(40.7016 -0.107199 -0)
(40.7011 -0.092655 -0)
(40.7007 -0.0782212 -0)
(40.7003 -0.0638778 -0)
(40.7001 -0.0496055 -0)
(40.6998 -0.0353903 -0)
(40.6997 -0.0212185 -0)
(40.6996 -0.00707102 -0)
(40.8091 -0.651541 -0)
(40.8047 -0.625668 -0)
(40.8005 -0.600518 -0)
(40.796 -0.576073 -0)
(40.7917 -0.552307 -0)
(40.7875 -0.529191 -0)
(40.7836 -0.50669 -0)
(40.7799 -0.484773 -0)
(40.7764 -0.463421 -0)
(40.773 -0.442606 -0)
(40.7698 -0.4223 -0)
(40.7667 -0.402486 -0)
(40.7639 -0.383136 -0)
(40.7611 -0.364226 -0)
(40.7585 -0.345738 -0)
(40.756 -0.327654 -0)
(40.7537 -0.309951 -0)
(40.7515 -0.292606 -0)
(40.7494 -0.275607 -0)
(40.7474 -0.258931 -0)
(40.7455 -0.242556 -0)
(40.7437 -0.22647 -0)
(40.7421 -0.210649 -0)
(40.7405 -0.195072 -0)
(40.7391 -0.179725 -0)
(40.7378 -0.16459 -0)
(40.7366 -0.149647 -0)
(40.7355 -0.134876 -0)
(40.7345 -0.120265 -0)
(40.7337 -0.105793 -0)
(40.7329 -0.0914402 -0)
(40.7322 -0.0771961 -0)
(40.7317 -0.0630409 -0)
(40.7313 -0.0489557 -0)
(40.731 -0.0349268 -0)
(40.7307 -0.0209406 -0)
(40.7306 -0.00697842 -0)
(40.8635 -0.640118 -0)
(40.8575 -0.614687 -0)
(40.8518 -0.589967 -0)
(40.8459 -0.565942 -0)
(40.8402 -0.542586 -0)
(40.8347 -0.519869 -0)
(40.8296 -0.497757 -0)
(40.8247 -0.476218 -0)
(40.82 -0.455236 -0)
(40.8155 -0.434782 -0)
(40.8113 -0.414827 -0)
(40.8073 -0.395356 -0)
(40.8034 -0.376342 -0)
(40.7998 -0.357761 -0)
(40.7963 -0.339594 -0)
(40.7931 -0.321827 -0)
(40.7899 -0.304434 -0)
(40.787 -0.287396 -0)
(40.7842 -0.270698 -0)
(40.7816 -0.254318 -0)
(40.7791 -0.238235 -0)
(40.7767 -0.222436 -0)
(40.7746 -0.206898 -0)
(40.7725 -0.1916 -0)
(40.7706 -0.176527 -0)
(40.7689 -0.161662 -0)
(40.7673 -0.146987 -0)
(40.7659 -0.132479 -0)
(40.7646 -0.118128 -0)
(40.7635 -0.103913 -0)
(40.7625 -0.0898164 -0)
(40.7616 -0.0758255 -0)
(40.7609 -0.0619218 -0)
(40.7604 -0.0480867 -0)
(40.7599 -0.0343069 -0)
(40.7597 -0.0205689 -0)
(40.7595 -0.00685456 -0)
(40.9139 -0.626328 -0)
(40.9065 -0.601434 -0)
(40.8994 -0.577239 -0)
(40.8922 -0.553723 -0)
(40.8852 -0.530865 -0)
(40.8785 -0.508633 -0)
(40.8722 -0.486992 -0)
(40.8662 -0.465912 -0)
(40.8605 -0.445378 -0)
(40.855 -0.425359 -0)
(40.8498 -0.40583 -0)
(40.8449 -0.386774 -0)
(40.8402 -0.368166 -0)
(40.8357 -0.349982 -0)
(40.8314 -0.332205 -0)
(40.8274 -0.314819 -0)
(40.8236 -0.297802 -0)
(40.8199 -0.281133 -0)
(40.8165 -0.264797 -0)
(40.8133 -0.248775 -0)
(40.8102 -0.233043 -0)
(40.8073 -0.217588 -0)
(40.8047 -0.20239 -0)
(40.8022 -0.187426 -0)
(40.7999 -0.172682 -0)
(40.7978 -0.158143 -0)
(40.7958 -0.143787 -0)
(40.7941 -0.129596 -0)
(40.7925 -0.115557 -0)
(40.7911 -0.101653 -0)
(40.7899 -0.0878623 -0)
(40.7889 -0.0741758 -0)
(40.788 -0.0605746 -0)
(40.7873 -0.0470405 -0)
(40.7868 -0.0335604 -0)
(40.7865 -0.0201214 -0)
(40.7863 -0.0067054 -0)
(40.9605 -0.610664 -0)
(40.9518 -0.586385 -0)
(40.9434 -0.562787 -0)
(40.9349 -0.539853 -0)
(40.9268 -0.517562 -0)
(40.919 -0.495882 -0)
(40.9116 -0.474778 -0)
(40.9046 -0.454221 -0)
(40.8979 -0.434195 -0)
(40.8915 -0.414673 -0)
(40.8854 -0.395628 -0)
(40.8796 -0.377044 -0)
(40.8741 -0.358898 -0)
(40.8688 -0.341165 -0)
(40.8639 -0.323831 -0)
(40.8591 -0.306879 -0)
(40.8546 -0.290289 -0)
(40.8504 -0.274038 -0)
(40.8463 -0.258114 -0)
(40.8425 -0.242496 -0)
(40.839 -0.227162 -0)
(40.8356 -0.212098 -0)
(40.8325 -0.197284 -0)
(40.8296 -0.182699 -0)
(40.8269 -0.168327 -0)
(40.8244 -0.154155 -0)
(40.8221 -0.140162 -0)
(40.8201 -0.126328 -0)
(40.8183 -0.112644 -0)
(40.8166 -0.0990895 -0)
(40.8152 -0.0856468 -0)
(40.814 -0.0723053 -0)
(40.813 -0.0590469 -0)
(40.8122 -0.0458539 -0)
(40.8116 -0.0327138 -0)
(40.8112 -0.0196137 -0)
(40.811 -0.0065362 -0)
(41.0034 -0.59356 -0)
(40.9935 -0.569955 -0)
(40.9839 -0.547011 -0)
(40.9743 -0.524715 -0)
(40.9651 -0.503044 -0)
(40.9563 -0.481968 -0)
(40.9479 -0.461451 -0)
(40.9399 -0.441466 -0)
(40.9323 -0.421997 -0)
(40.9251 -0.403017 -0)
(40.9182 -0.384501 -0)
(40.9116 -0.366433 -0)
(40.9053 -0.348791 -0)
(40.8994 -0.331552 -0)
(40.8937 -0.314702 -0)
(40.8883 -0.298225 -0)
(40.8832 -0.2821 -0)
(40.8784 -0.266307 -0)
(40.8738 -0.250832 -0)
(40.8695 -0.235655 -0)
(40.8654 -0.220753 -0)
(40.8616 -0.206115 -0)
(40.8581 -0.19172 -0)
(40.8548 -0.177546 -0)
(40.8517 -0.163581 -0)
(40.8489 -0.149808 -0)
(40.8464 -0.136209 -0)
(40.8441 -0.122766 -0)
(40.842 -0.109467 -0)
(40.8402 -0.0962942 -0)
(40.8386 -0.0832303 -0)
(40.8372 -0.0702647 -0)
(40.8361 -0.0573802 -0)
(40.8352 -0.0445594 -0)
(40.8345 -0.03179 -0)
(40.834 -0.0190598 -0)
(40.8338 -0.0063516 -0)
(41.0428 -0.575391 -0)
(41.0318 -0.552503 -0)
(41.0211 -0.530256 -0)
(41.0105 -0.508639 -0)
(41.0002 -0.487629 -0)
(40.9905 -0.467194 -0)
(40.9812 -0.447302 -0)
(40.9724 -0.427925 -0)
(40.964 -0.409048 -0)
(40.9559 -0.390644 -0)
(40.9483 -0.37269 -0)
(40.941 -0.355172 -0)
(40.934 -0.338066 -0)
(40.9274 -0.321352 -0)
(40.9211 -0.305016 -0)
(40.9152 -0.289044 -0)
(40.9095 -0.273414 -0)
(40.9041 -0.258106 -0)
(40.899 -0.243108 -0)
(40.8942 -0.228398 -0)
(40.8897 -0.213957 -0)
(40.8855 -0.19977 -0)
(40.8816 -0.185818 -0)
(40.8779 -0.172081 -0)
(40.8745 -0.158545 -0)
(40.8714 -0.145196 -0)
(40.8686 -0.132015 -0)
(40.8661 -0.118985 -0)
(40.8638 -0.106095 -0)
(40.8617 -0.0933273 -0)
(40.86 -0.0806652 -0)
(40.8585 -0.0680986 -0)
(40.8572 -0.0556108 -0)
(40.8562 -0.043185 -0)
(40.8554 -0.0308093 -0)
(40.8549 -0.0184717 -0)
(40.8547 -0.0061556 -0)
(41.079 -0.556479 -0)
(41.0669 -0.534339 -0)
(41.0552 -0.51282 -0)
(41.0436 -0.491909 -0)
(41.0324 -0.471588 -0)
(41.0218 -0.451823 -0)
(41.0117 -0.432581 -0)
(41.0021 -0.413837 -0)
(40.9929 -0.395576 -0)
(40.9842 -0.377774 -0)
(40.9758 -0.360406 -0)
(40.9679 -0.343459 -0)
(40.9603 -0.326912 -0)
(40.9531 -0.310745 -0)
(40.9462 -0.294945 -0)
(40.9397 -0.279498 -0)
(40.9335 -0.264383 -0)
(40.9277 -0.249581 -0)
(40.9221 -0.235078 -0)
(40.9169 -0.220855 -0)
(40.912 -0.206891 -0)
(40.9074 -0.193173 -0)
(40.9031 -0.179682 -0)
(40.8991 -0.166398 -0)
(40.8954 -0.153309 -0)
(40.8921 -0.1404 -0)
(40.889 -0.127654 -0)
(40.8862 -0.115053 -0)
(40.8837 -0.102588 -0)
(40.8815 -0.0902411 -0)
(40.8796 -0.0779968 -0)
(40.8779 -0.0658452 -0)
(40.8766 -0.05377 -0)
(40.8755 -0.0417552 -0)
(40.8747 -0.0297891 -0)
(40.8741 -0.0178599 -0)
(40.8738 -0.0059517 -0)
(41.112 -0.537099 -0)
(41.099 -0.515726 -0)
(41.0864 -0.494953 -0)
(41.0739 -0.474768 -0)
(41.0619 -0.455153 -0)
(41.0505 -0.436075 -0)
(41.0396 -0.4175 -0)
(41.0293 -0.399405 -0)
(41.0194 -0.381776 -0)
(41.01 -0.36459 -0)
(41.001 -0.347822 -0)
(40.9925 -0.331462 -0)
(40.9843 -0.315488 -0)
(40.9766 -0.299883 -0)
(40.9692 -0.284632 -0)
(40.9622 -0.269724 -0)
(40.9555 -0.255137 -0)
(40.9492 -0.240852 -0)
(40.9432 -0.226858 -0)
(40.9376 -0.213132 -0)
(40.9323 -0.199657 -0)
(40.9274 -0.186419 -0)
(40.9228 -0.173399 -0)
(40.9185 -0.160579 -0)
(40.9145 -0.147947 -0)
(40.9109 -0.135488 -0)
(40.9076 -0.123187 -0)
(40.9046 -0.111026 -0)
(40.9019 -0.0989954 -0)
(40.8996 -0.08708 -0)
(40.8975 -0.0752636 -0)
(40.8957 -0.0635371 -0)
(40.8943 -0.0518846 -0)
(40.8931 -0.0402907 -0)
(40.8922 -0.0287441 -0)
(40.8916 -0.0172333 -0)
(40.8913 -0.00574286 -0)
(41.1421 -0.517478 -0)
(41.1282 -0.496884 -0)
(41.1148 -0.476867 -0)
(41.1015 -0.457416 -0)
(41.0887 -0.438516 -0)
(41.0766 -0.420133 -0)
(41.0651 -0.402234 -0)
(41.0541 -0.384796 -0)
(41.0436 -0.367808 -0)
(41.0336 -0.351245 -0)
(41.024 -0.335087 -0)
(41.0149 -0.31932 -0)
(41.0063 -0.303928 -0)
(40.998 -0.288891 -0)
(40.9901 -0.274198 -0)
(40.9826 -0.259835 -0)
(40.9755 -0.245783 -0)
(40.9688 -0.232022 -0)
(40.9624 -0.218541 -0)
(40.9565 -0.20532 -0)
(40.9508 -0.192338 -0)
(40.9456 -0.179585 -0)
(40.9407 -0.167042 -0)
(40.9361 -0.154692 -0)
(40.9319 -0.142521 -0)
(40.9281 -0.130518 -0)
(40.9246 -0.118666 -0)
(40.9214 -0.10695 -0)
(40.9186 -0.09536 -0)
(40.916 -0.083881 -0)
(40.9138 -0.0724977 -0)
(40.912 -0.0612014 -0)
(40.9104 -0.0499767 -0)
(40.9091 -0.0388088 -0)
(40.9082 -0.0276867 -0)
(40.9076 -0.0165993 -0)
(40.9073 -0.00553155 -0)
(41.1695 -0.497809 -0)
(41.1549 -0.477994 -0)
(41.1407 -0.458735 -0)
(41.1267 -0.440021 -0)
(41.1132 -0.421838 -0)
(41.1004 -0.404151 -0)
(41.0883 -0.38693 -0)
(41.0767 -0.370152 -0)
(41.0656 -0.353806 -0)
(41.0551 -0.337869 -0)
(41.045 -0.322321 -0)
(41.0354 -0.307151 -0)
(41.0262 -0.292342 -0)
(41.0175 -0.277877 -0)
(41.0092 -0.263742 -0)
(41.0013 -0.249927 -0)
(40.9938 -0.236411 -0)
(40.9867 -0.223175 -0)
(40.98 -0.210209 -0)
(40.9736 -0.197491 -0)
(40.9677 -0.185005 -0)
(40.9622 -0.172737 -0)
(40.957 -0.160672 -0)
(40.9522 -0.148791 -0)
(40.9478 -0.137084 -0)
(40.9438 -0.125537 -0)
(40.94 -0.114136 -0)
(40.9367 -0.102865 -0)
(40.9337 -0.0917168 -0)
(40.931 -0.0806752 -0)
(40.9287 -0.0697261 -0)
(40.9267 -0.0588609 -0)
(40.9251 -0.048065 -0)
(40.9238 -0.037324 -0)
(40.9228 -0.0266272 -0)
(40.9221 -0.015964 -0)
(40.9218 -0.00531984 -0)
(41.1945 -0.478253 -0)
(41.1791 -0.459213 -0)
(41.1643 -0.440707 -0)
(41.1496 -0.422725 -0)
(41.1355 -0.405254 -0)
(41.1221 -0.38826 -0)
(41.1094 -0.371712 -0)
(41.0972 -0.35559 -0)
(41.0856 -0.339882 -0)
(41.0746 -0.324569 -0)
(41.064 -0.309629 -0)
(41.054 -0.295054 -0)
(41.0444 -0.280825 -0)
(41.0352 -0.266928 -0)
(41.0265 -0.25335 -0)
(41.0182 -0.240079 -0)
(41.0104 -0.227096 -0)
(41.0029 -0.214382 -0)
(40.9959 -0.201927 -0)
(40.9893 -0.189711 -0)
(40.9831 -0.177715 -0)
(40.9773 -0.165931 -0)
(40.9719 -0.15434 -0)
(40.9669 -0.142926 -0)
(40.9622 -0.131678 -0)
(40.958 -0.120586 -0)
(40.9541 -0.109633 -0)
(40.9506 -0.0988056 -0)
(40.9475 -0.0880957 -0)
(40.9447 -0.077489 -0)
(40.9422 -0.0669715 -0)
(40.9402 -0.056535 -0)
(40.9384 -0.0461653 -0)
(40.9371 -0.0358486 -0)
(40.936 -0.0255745 -0)
(40.9353 -0.0153329 -0)
(40.935 -0.0051095 -0)
(41.2171 -0.458939 -0)
(41.2011 -0.440663 -0)
(41.1857 -0.422901 -0)
(41.1704 -0.40564 -0)
(41.1557 -0.388871 -0)
(41.1418 -0.37256 -0)
(41.1285 -0.356678 -0)
(41.1159 -0.341204 -0)
(41.1038 -0.326128 -0)
(41.0923 -0.31143 -0)
(41.0814 -0.297092 -0)
(41.0709 -0.283104 -0)
(41.0609 -0.269451 -0)
(41.0513 -0.256116 -0)
(41.0423 -0.243088 -0)
(41.0336 -0.230355 -0)
(41.0254 -0.217898 -0)
(41.0177 -0.2057 -0)
(41.0104 -0.193749 -0)
(41.0035 -0.182027 -0)
(40.997 -0.170517 -0)
(40.991 -0.159209 -0)
(40.9854 -0.148086 -0)
(40.9801 -0.137134 -0)
(40.9753 -0.12634 -0)
(40.9709 -0.115696 -0)
(40.9669 -0.105186 -0)
(40.9632 -0.0947963 -0)
(40.96 -0.08452 -0)
(40.9571 -0.074343 -0)
(40.9545 -0.0642519 -0)
(40.9524 -0.0542387 -0)
(40.9506 -0.04429 -0)
(40.9491 -0.0343922 -0)
(40.948 -0.0245355 -0)
(40.9473 -0.0147099 -0)
(40.947 -0.00490189 -0)
(41.2377 -0.439972 -0)
(41.2211 -0.422445 -0)
(41.2051 -0.405412 -0)
(41.1892 -0.38886 -0)
(41.174 -0.372778 -0)
(41.1596 -0.357136 -0)
(41.1459 -0.341907 -0)
(41.1328 -0.327069 -0)
(41.1204 -0.312614 -0)
(41.1084 -0.298522 -0)
(41.0971 -0.284776 -0)
(41.0862 -0.271367 -0)
(41.0758 -0.258279 -0)
(41.066 -0.245498 -0)
(41.0565 -0.233011 -0)
(41.0476 -0.220806 -0)
(41.0391 -0.208866 -0)
(41.0311 -0.197174 -0)
(41.0235 -0.185718 -0)
(41.0164 -0.174481 -0)
(41.0097 -0.163448 -0)
(41.0034 -0.152607 -0)
(40.9976 -0.141944 -0)
(40.9922 -0.131444 -0)
(40.9872 -0.121097 -0)
(40.9826 -0.110893 -0)
(40.9785 -0.100818 -0)
(40.9747 -0.0908593 -0)
(40.9713 -0.081009 -0)
(40.9683 -0.0712542 -0)
(40.9657 -0.0615819 -0)
(40.9634 -0.0519846 -0)
(40.9616 -0.0424491 -0)
(40.9601 -0.0329626 -0)
(40.959 -0.0235156 -0)
(40.9582 -0.0140984 -0)
(40.9578 -0.00469813 -0)
(41.2564 -0.421433 -0)
(41.2392 -0.404637 -0)
(41.2227 -0.388316 -0)
(41.2063 -0.372456 -0)
(41.1907 -0.357044 -0)
(41.1758 -0.342055 -0)
(41.1617 -0.327463 -0)
(41.1482 -0.313247 -0)
(41.1353 -0.299399 -0)
(41.123 -0.285901 -0)
(41.1113 -0.272734 -0)
(41.1001 -0.259892 -0)
(41.0894 -0.247358 -0)
(41.0792 -0.235118 -0)
(41.0695 -0.22316 -0)
(41.0603 -0.211472 -0)
(41.0515 -0.200038 -0)
(41.0432 -0.18884 -0)
(41.0354 -0.177868 -0)
(41.028 -0.167105 -0)
(41.0211 -0.156537 -0)
(41.0147 -0.146153 -0)
(41.0087 -0.13594 -0)
(41.0031 -0.125883 -0)
(40.998 -0.115972 -0)
(40.9933 -0.106199 -0)
(40.989 -0.0965493 -0)
(40.9851 -0.0870115 -0)
(40.9816 -0.0775778 -0)
(40.9785 -0.0682358 -0)
(40.9758 -0.058973 -0)
(40.9735 -0.0497821 -0)
(40.9715 -0.0406507 -0)
(40.97 -0.0315661 -0)
(40.9688 -0.0225193 -0)
(40.9681 -0.0135011 -0)
(40.9677 -0.00449909 -0)
(41.2733 -0.403384 -0)
(41.2557 -0.387299 -0)
(41.2387 -0.371672 -0)
(41.2219 -0.356485 -0)
(41.2057 -0.341724 -0)
(41.1905 -0.327369 -0)
(41.176 -0.313396 -0)
(41.1621 -0.299787 -0)
(41.1489 -0.28653 -0)
(41.1363 -0.27361 -0)
(41.1242 -0.261009 -0)
(41.1127 -0.24872 -0)
(41.1017 -0.236727 -0)
(41.0912 -0.225015 -0)
(41.0812 -0.213572 -0)
(41.0717 -0.202387 -0)
(41.0627 -0.191444 -0)
(41.0542 -0.180727 -0)
(41.0462 -0.170226 -0)
(41.0386 -0.159924 -0)
(41.0315 -0.149809 -0)
(41.0249 -0.13987 -0)
(41.0187 -0.130094 -0)
(41.013 -0.120468 -0)
(41.0078 -0.110983 -0)
(41.0029 -0.101629 -0)
(40.9985 -0.0923942 -0)
(40.9945 -0.0832663 -0)
(40.9909 -0.0742384 -0)
(40.9877 -0.0652984 -0)
(40.9849 -0.0564344 -0)
(40.9825 -0.0476392 -0)
(40.9806 -0.0389008 -0)
(40.979 -0.0302073 -0)
(40.9778 -0.02155 -0)
(40.977 -0.01292 -0)
(40.9766 -0.00430546 -0)
(41.2889 -0.385474 -0)
(41.2709 -0.370093 -0)
(41.2534 -0.355154 -0)
(41.2362 -0.340636 -0)
(41.2197 -0.326522 -0)
(41.204 -0.312797 -0)
(41.1892 -0.29944 -0)
(41.175 -0.286432 -0)
(41.1614 -0.273763 -0)
(41.1485 -0.261417 -0)
(41.1361 -0.249378 -0)
(41.1243 -0.237638 -0)
(41.113 -0.226181 -0)
(41.1023 -0.214992 -0)
(41.0921 -0.204061 -0)
(41.0823 -0.193375 -0)
(41.0731 -0.182919 -0)
(41.0644 -0.172679 -0)
(41.0561 -0.162644 -0)
(41.0484 -0.1528 -0)
(41.0411 -0.143134 -0)
(41.0344 -0.133636 -0)
(41.028 -0.124295 -0)
(41.0222 -0.115097 -0)
(41.0168 -0.106034 -0)
(41.0118 -0.0970962 -0)
(41.0073 -0.0882729 -0)
(41.0032 -0.079552 -0)
(40.9995 -0.0709268 -0)
(40.9962 -0.0623856 -0)
(40.9934 -0.0539171 -0)
(40.9909 -0.0455143 -0)
(40.9889 -0.0371658 -0)
(40.9873 -0.0288601 -0)
(40.9861 -0.0205889 -0)
(40.9853 -0.0123439 -0)
(40.9849 -0.00411347 -0)
(41.3038 -0.36723 -0)
(41.2853 -0.352568 -0)
(41.2674 -0.338329 -0)
(41.2498 -0.324492 -0)
(41.2329 -0.31104 -0)
(41.2169 -0.297959 -0)
(41.2017 -0.28523 -0)
(41.1872 -0.272836 -0)
(41.1733 -0.260767 -0)
(41.1601 -0.249006 -0)
(41.1474 -0.237539 -0)
(41.1353 -0.226357 -0)
(41.1238 -0.215445 -0)
(41.1128 -0.204788 -0)
(41.1023 -0.194377 -0)
(41.0924 -0.184198 -0)
(41.0829 -0.174238 -0)
(41.074 -0.164483 -0)
(41.0656 -0.154923 -0)
(41.0577 -0.145546 -0)
(41.0502 -0.136337 -0)
(41.0433 -0.127289 -0)
(41.0369 -0.11839 -0)
(41.0309 -0.109628 -0)
(41.0253 -0.100995 -0)
(41.0203 -0.092482 -0)
(41.0156 -0.0840778 -0)
(41.0114 -0.0757713 -0)
(41.0077 -0.067556 -0)
(41.0043 -0.0594209 -0)
(41.0014 -0.051355 -0)
(40.9989 -0.0433517 -0)
(40.9968 -0.0354 -0)
(40.9952 -0.027489 -0)
(40.9939 -0.0196108 -0)
(40.9931 -0.0117575 -0)
(40.9927 -0.00391808 -0)
(41.3179 -0.348563 -0)
(41.299 -0.334638 -0)
(41.2808 -0.321117 -0)
(41.2628 -0.307978 -0)
(41.2455 -0.295205 -0)
(41.2292 -0.282785 -0)
(41.2136 -0.270701 -0)
(41.1988 -0.258935 -0)
(41.1846 -0.247479 -0)
(41.1711 -0.236317 -0)
(41.1582 -0.225435 -0)
(41.1458 -0.214823 -0)
(41.134 -0.204468 -0)
(41.1228 -0.194355 -0)
(41.1121 -0.184474 -0)
(41.1019 -0.174814 -0)
(41.0923 -0.165361 -0)
(41.0832 -0.156101 -0)
(41.0746 -0.147028 -0)
(41.0665 -0.138127 -0)
(41.0589 -0.129386 -0)
(41.0518 -0.120799 -0)
(41.0452 -0.112353 -0)
(41.0391 -0.104037 -0)
(41.0335 -0.0958437 -0)
(41.0283 -0.0877646 -0)
(41.0235 -0.079789 -0)
(41.0193 -0.0719063 -0)
(41.0154 -0.0641103 -0)
(41.012 -0.0563903 -0)
(41.009 -0.0487359 -0)
(41.0065 -0.0411409 -0)
(41.0044 -0.0335949 -0)
(41.0027 -0.0260874 -0)
(41.0014 -0.018611 -0)
(41.0006 -0.011158 -0)
(41.0001 -0.00371833 -0)
(41.3313 -0.329494 -0)
(41.312 -0.316325 -0)
(41.2934 -0.303539 -0)
(41.275 -0.291114 -0)
(41.2574 -0.279036 -0)
(41.2408 -0.267293 -0)
(41.2249 -0.255868 -0)
(41.2098 -0.244745 -0)
(41.1953 -0.233915 -0)
(41.1815 -0.223365 -0)
(41.1683 -0.213079 -0)
(41.1558 -0.203049 -0)
(41.1437 -0.193262 -0)
(41.1323 -0.183703 -0)
(41.1214 -0.174363 -0)
(41.111 -0.165232 -0)
(41.1011 -0.156296 -0)
(41.0918 -0.147544 -0)
(41.0831 -0.138966 -0)
(41.0748 -0.130552 -0)
(41.0671 -0.12229 -0)
(41.0599 -0.114173 -0)
(41.0532 -0.106189 -0)
(41.0469 -0.0983295 -0)
(41.0412 -0.0905854 -0)
(41.0359 -0.0829495 -0)
(41.0311 -0.0754115 -0)
(41.0267 -0.0679614 -0)
(41.0228 -0.0605933 -0)
(41.0193 -0.053297 -0)
(41.0163 -0.0460627 -0)
(41.0137 -0.0388845 -0)
(41.0115 -0.0317524 -0)
(41.0098 -0.0246568 -0)
(41.0085 -0.0175904 -0)
(41.0076 -0.0105462 -0)
(41.0072 -0.00351444 -0)
(41.3439 -0.310046 -0)
(41.3243 -0.29765 -0)
(41.3053 -0.285615 -0)
(41.2866 -0.27392 -0)
(41.2687 -0.262552 -0)
(41.2517 -0.251499 -0)
(41.2356 -0.240747 -0)
(41.2202 -0.23028 -0)
(41.2054 -0.22009 -0)
(41.1914 -0.210162 -0)
(41.1779 -0.200484 -0)
(41.1651 -0.191047 -0)
(41.1529 -0.181838 -0)
(41.1412 -0.172844 -0)
(41.1301 -0.164056 -0)
(41.1195 -0.155464 -0)
(41.1095 -0.147056 -0)
(41.1 -0.138819 -0)
(41.0911 -0.130748 -0)
(41.0827 -0.122831 -0)
(41.0749 -0.115056 -0)
(41.0675 -0.107419 -0)
(41.0607 -0.0999072 -0)
(41.0543 -0.092512 -0)
(41.0484 -0.0852259 -0)
(41.0431 -0.0780418 -0)
(41.0381 -0.07095 -0)
(41.0337 -0.0639409 -0)
(41.0297 -0.0570088 -0)
(41.0262 -0.0501444 -0)
(41.0231 -0.0433382 -0)
(41.0204 -0.0365847 -0)
(41.0182 -0.0298746 -0)
(41.0165 -0.0231986 -0)
(41.0151 -0.0165502 -0)
(41.0143 -0.00992255 -0)
(41.0138 -0.00330663 -0)
(41.3558 -0.290243 -0)
(41.3358 -0.278635 -0)
(41.3165 -0.267365 -0)
(41.2975 -0.256414 -0)
(41.2793 -0.24577 -0)
(41.262 -0.235422 -0)
(41.2456 -0.225355 -0)
(41.2299 -0.215556 -0)
(41.2149 -0.206017 -0)
(41.2006 -0.196724 -0)
(41.187 -0.187664 -0)
(41.1739 -0.17883 -0)
(41.1615 -0.17021 -0)
(41.1496 -0.161791 -0)
(41.1383 -0.153564 -0)
(41.1275 -0.14552 -0)
(41.1174 -0.137649 -0)
(41.1077 -0.129939 -0)
(41.0987 -0.122383 -0)
(41.0901 -0.114971 -0)
(41.0821 -0.107694 -0)
(41.0746 -0.100544 -0)
(41.0677 -0.0935133 -0)
(41.0612 -0.0865912 -0)
(41.0553 -0.0797714 -0)
(41.0498 -0.0730472 -0)
(41.0448 -0.0664093 -0)
(41.0403 -0.059849 -0)
(41.0362 -0.0533608 -0)
(41.0326 -0.0469358 -0)
(41.0295 -0.0405653 -0)
(41.0268 -0.0342441 -0)
(41.0245 -0.0279634 -0)
(41.0227 -0.0217146 -0)
(41.0214 -0.0154915 -0)
(41.0205 -0.00928782 -0)
(41.0201 -0.00309511 -0)
(41.3669 -0.270106 -0)
(41.3465 -0.259301 -0)
(41.3269 -0.24881 -0)
(41.3076 -0.238617 -0)
(41.2891 -0.22871 -0)
(41.2716 -0.219078 -0)
(41.2549 -0.209709 -0)
(41.239 -0.20059 -0)
(41.2238 -0.191712 -0)
(41.2092 -0.183064 -0)
(41.1954 -0.174633 -0)
(41.1821 -0.166412 -0)
(41.1695 -0.15839 -0)
(41.1574 -0.150555 -0)
(41.1459 -0.142898 -0)
(41.135 -0.135413 -0)
(41.1247 -0.128087 -0)
(41.1149 -0.120912 -0)
(41.1057 -0.11388 -0)
(41.097 -0.106983 -0)
(41.0889 -0.10021 -0)
(41.0813 -0.0935574 -0)
(41.0742 -0.0870147 -0)
(41.0677 -0.0805736 -0)
(41.0616 -0.0742277 -0)
(41.0561 -0.0679709 -0)
(41.051 -0.0617946 -0)
(41.0464 -0.0556903 -0)
(41.0423 -0.0496531 -0)
(41.0386 -0.0436748 -0)
(41.0354 -0.037747 -0)
(41.0327 -0.0318651 -0)
(41.0304 -0.0260208 -0)
(41.0286 -0.0202061 -0)
(41.0272 -0.0144154 -0)
(41.0263 -0.00864266 -0)
(41.0259 -0.00288012 -0)
(41.3772 -0.249655 -0)
(41.3565 -0.239666 -0)
(41.3366 -0.229968 -0)
(41.3171 -0.220545 -0)
(41.2983 -0.211387 -0)
(41.2805 -0.202484 -0)
(41.2636 -0.193823 -0)
(41.2474 -0.185394 -0)
(41.232 -0.177188 -0)
(41.2172 -0.169194 -0)
(41.2032 -0.161402 -0)
(41.1897 -0.153803 -0)
(41.1769 -0.146388 -0)
(41.1647 -0.139146 -0)
(41.153 -0.132069 -0)
(41.142 -0.12515 -0)
(41.1315 -0.118379 -0)
(41.1216 -0.111747 -0)
(41.1122 -0.105248 -0)
(41.1034 -0.0988727 -0)
(41.0952 -0.0926132 -0)
(41.0875 -0.0864643 -0)
(41.0803 -0.0804175 -0)
(41.0737 -0.0744647 -0)
(41.0675 -0.0686001 -0)
(41.0619 -0.0628178 -0)
(41.0567 -0.0571098 -0)
(41.0521 -0.0514685 -0)
(41.0479 -0.0458892 -0)
(41.0442 -0.0403641 -0)
(41.041 -0.0348859 -0)
(41.0382 -0.0294499 -0)
(41.0359 -0.0240486 -0)
(41.034 -0.0186747 -0)
(41.0327 -0.0133228 -0)
(41.0317 -0.00798765 -0)
(41.0313 -0.00266184 -0)
(41.3866 -0.228922 -0)
(41.3657 -0.219762 -0)
(41.3456 -0.210868 -0)
(41.3257 -0.202226 -0)
(41.3067 -0.193827 -0)
(41.2887 -0.185662 -0)
(41.2716 -0.177721 -0)
(41.2552 -0.169991 -0)
(41.2396 -0.162466 -0)
(41.2246 -0.155136 -0)
(41.2104 -0.147991 -0)
(41.1967 -0.141023 -0)
(41.1837 -0.134223 -0)
(41.1713 -0.127582 -0)
(41.1596 -0.121093 -0)
(41.1483 -0.114748 -0)
(41.1377 -0.108539 -0)
(41.1277 -0.102458 -0)
(41.1182 -0.0964985 -0)
(41.1093 -0.090653 -0)
(41.101 -0.0849137 -0)
(41.0932 -0.0792758 -0)
(41.0859 -0.0737317 -0)
(41.0792 -0.0682738 -0)
(41.073 -0.0628968 -0)
(41.0673 -0.0575953 -0)
(41.062 -0.0523621 -0)
(41.0573 -0.0471899 -0)
(41.0531 -0.0420745 -0)
(41.0493 -0.0370089 -0)
(41.046 -0.0319861 -0)
(41.0432 -0.027002 -0)
(41.0409 -0.0220498 -0)
(41.039 -0.0171226 -0)
(41.0376 -0.0122155 -0)
(41.0367 -0.00732377 -0)
(41.0362 -0.00244061 -0)
(41.3953 -0.207927 -0)
(41.3741 -0.199605 -0)
(41.3537 -0.191526 -0)
(41.3337 -0.183676 -0)
(41.3144 -0.176046 -0)
(41.2962 -0.16863 -0)
(41.2789 -0.161416 -0)
(41.2623 -0.154395 -0)
(41.2465 -0.14756 -0)
(41.2313 -0.140902 -0)
(41.2169 -0.134412 -0)
(41.2031 -0.128083 -0)
(41.19 -0.121907 -0)
(41.1774 -0.115875 -0)
(41.1655 -0.10998 -0)
(41.1542 -0.104217 -0)
(41.1434 -0.0985776 -0)
(41.1333 -0.0930537 -0)
(41.1237 -0.0876409 -0)
(41.1147 -0.0823317 -0)
(41.1063 -0.077119 -0)
(41.0984 -0.0719986 -0)
(41.091 -0.0669633 -0)
(41.0842 -0.0620065 -0)
(41.0779 -0.0571232 -0)
(41.0722 -0.0523085 -0)
(41.0669 -0.0475557 -0)
(41.0621 -0.0428584 -0)
(41.0578 -0.0382126 -0)
(41.054 -0.0336121 -0)
(41.0507 -0.0290504 -0)
(41.0479 -0.0245238 -0)
(41.0455 -0.0200261 -0)
(41.0436 -0.0155511 -0)
(41.0422 -0.0110945 -0)
(41.0413 -0.00665164 -0)
(41.0408 -0.00221663 -0)
(41.4031 -0.186692 -0)
(41.3817 -0.17922 -0)
(41.3611 -0.171965 -0)
(41.3408 -0.164916 -0)
(41.3214 -0.158065 -0)
(41.303 -0.151406 -0)
(41.2854 -0.144928 -0)
(41.2687 -0.138624 -0)
(41.2527 -0.132487 -0)
(41.2374 -0.126509 -0)
(41.2228 -0.120681 -0)
(41.2089 -0.114998 -0)
(41.1956 -0.109452 -0)
(41.183 -0.104036 -0)
(41.1709 -0.098743 -0)
(41.1595 -0.0935684 -0)
(41.1486 -0.0885047 -0)
(41.1383 -0.0835449 -0)
(41.1287 -0.078685 -0)
(41.1196 -0.0739182 -0)
(41.111 -0.069238 -0)
(41.1031 -0.0646408 -0)
(41.0957 -0.0601201 -0)
(41.0888 -0.0556699 -0)
(41.0824 -0.0512856 -0)
(41.0766 -0.046963 -0)
(41.0712 -0.042696 -0)
(41.0664 -0.0384788 -0)
(41.0621 -0.0343079 -0)
(41.0582 -0.0301775 -0)
(41.0549 -0.026082 -0)
(41.052 -0.022018 -0)
(41.0496 -0.0179799 -0)
(41.0477 -0.0139622 -0)
(41.0463 -0.00996088 -0)
(41.0454 -0.00597201 -0)
(41.0449 -0.00199014 -0)
(41.4101 -0.165243 -0)
(41.3884 -0.158629 -0)
(41.3676 -0.152207 -0)
(41.3472 -0.145967 -0)
(41.3276 -0.139903 -0)
(41.309 -0.134009 -0)
(41.2913 -0.128275 -0)
(41.2744 -0.122695 -0)
(41.2583 -0.117263 -0)
(41.2428 -0.111971 -0)
(41.2281 -0.106813 -0)
(41.2141 -0.101782 -0)
(41.2007 -0.0968736 -0)
(41.1879 -0.0920793 -0)
(41.1757 -0.0873945 -0)
(41.1642 -0.0828142 -0)
(41.1532 -0.0783322 -0)
(41.1428 -0.0739423 -0)
(41.1331 -0.0696407 -0)
(41.1239 -0.0654217 -0)
(41.1153 -0.0612794 -0)
(41.1073 -0.0572106 -0)
(41.0998 -0.0532095 -0)
(41.0928 -0.0492709 -0)
(41.0864 -0.0453906 -0)
(41.0805 -0.041565 -0)
(41.0751 -0.0377885 -0)
(41.0703 -0.0340561 -0)
(41.0659 -0.0303646 -0)
(41.062 -0.026709 -0)
(41.0586 -0.0230843 -0)
(41.0557 -0.0194874 -0)
(41.0533 -0.0159134 -0)
(41.0514 -0.0123575 -0)
(41.05 -0.00881605 -0)
(41.049 -0.00528563 -0)
(41.0485 -0.00176141 -0)
(41.4162 -0.1436 -0)
(41.3944 -0.137852 -0)
(41.3734 -0.132271 -0)
(41.3528 -0.126848 -0)
(41.333 -0.121578 -0)
(41.3143 -0.116456 -0)
(41.2965 -0.111473 -0)
(41.2794 -0.106623 -0)
(41.2631 -0.101902 -0)
(41.2476 -0.0973036 -0)
(41.2328 -0.0928205 -0)
(41.2186 -0.088449 -0)
(41.2051 -0.084183 -0)
(41.1922 -0.0800164 -0)
(41.1799 -0.0759451 -0)
(41.1683 -0.0719647 -0)
(41.1572 -0.0680696 -0)
(41.1468 -0.0642547 -0)
(41.137 -0.0605166 -0)
(41.1277 -0.0568502 -0)
(41.119 -0.0532506 -0)
(41.1109 -0.0497149 -0)
(41.1034 -0.0462381 -0)
(41.0964 -0.0428155 -0)
(41.0899 -0.0394437 -0)
(41.084 -0.0361193 -0)
(41.0786 -0.0328376 -0)
(41.0736 -0.0295943 -0)
(41.0692 -0.0263865 -0)
(41.0653 -0.0232098 -0)
(41.0619 -0.02006 -0)
(41.059 -0.0169343 -0)
(41.0566 -0.0138286 -0)
(41.0546 -0.0107385 -0)
(41.0532 -0.00766106 -0)
(41.0522 -0.00459316 -0)
(41.0517 -0.00153065 -0)
(41.4214 -0.121796 -0)
(41.3995 -0.11692 -0)
(41.3784 -0.112187 -0)
(41.3576 -0.107587 -0)
(41.3377 -0.103118 -0)
(41.3188 -0.0987726 -0)
(41.3009 -0.0945464 -0)
(41.2837 -0.090433 -0)
(41.2673 -0.0864289 -0)
(41.2517 -0.0825283 -0)
(41.2367 -0.0787257 -0)
(41.2225 -0.0750179 -0)
(41.2089 -0.0713995 -0)
(41.1959 -0.0678655 -0)
(41.1835 -0.0644122 -0)
(41.1718 -0.0610361 -0)
(41.1607 -0.0577325 -0)
(41.1502 -0.0544968 -0)
(41.1403 -0.0513263 -0)
(41.131 -0.0482167 -0)
(41.1223 -0.0451638 -0)
(41.1141 -0.042165 -0)
(41.1065 -0.0392162 -0)
(41.0994 -0.0363134 -0)
(41.0929 -0.0334537 -0)
(41.0869 -0.0306341 -0)
(41.0815 -0.0278509 -0)
(41.0765 -0.0251001 -0)
(41.0721 -0.0223794 -0)
(41.0682 -0.0196852 -0)
(41.0647 -0.0170137 -0)
(41.0618 -0.0143627 -0)
(41.0594 -0.0117286 -0)
(41.0574 -0.00910777 -0)
(41.056 -0.00649765 -0)
(41.055 -0.00389564 -0)
(41.0545 -0.0012982 -0)
(41.4258 -0.0998516 -0)
(41.4037 -0.0958546 -0)
(41.3825 -0.0919738 -0)
(41.3616 -0.0882032 -0)
(41.3416 -0.0845388 -0)
(41.3226 -0.0809767 -0)
(41.3046 -0.077512 -0)
(41.2873 -0.0741397 -0)
(41.2708 -0.0708569 -0)
(41.2551 -0.067659 -0)
(41.2401 -0.0645415 -0)
(41.2257 -0.0615016 -0)
(41.212 -0.0585351 -0)
(41.199 -0.0556378 -0)
(41.1866 -0.0528066 -0)
(41.1748 -0.0500388 -0)
(41.1636 -0.0473304 -0)
(41.153 -0.0446776 -0)
(41.1431 -0.0420784 -0)
(41.1337 -0.0395291 -0)
(41.1249 -0.0370263 -0)
(41.1167 -0.0345678 -0)
(41.1091 -0.0321504 -0)
(41.102 -0.0297706 -0)
(41.0954 -0.0274262 -0)
(41.0894 -0.0251146 -0)
(41.0839 -0.0228329 -0)
(41.079 -0.0205777 -0)
(41.0745 -0.0183472 -0)
(41.0706 -0.0161384 -0)
(41.0671 -0.0139482 -0)
(41.0642 -0.0117749 -0)
(41.0617 -0.00961537 -0)
(41.0597 -0.00746676 -0)
(41.0583 -0.00532692 -0)
(41.0573 -0.00319373 -0)
(41.0568 -0.00106429 -0)
(41.4293 -0.0777925 -0)
(41.4072 -0.0746788 -0)
(41.3858 -0.0716555 -0)
(41.3648 -0.068718 -0)
(41.3447 -0.0658633 -0)
(41.3257 -0.0630883 -0)
(41.3075 -0.060389 -0)
(41.2902 -0.0577618 -0)
(41.2736 -0.0552043 -0)
(41.2578 -0.0527129 -0)
(41.2427 -0.0502841 -0)
(41.2283 -0.0479157 -0)
(41.2146 -0.0456045 -0)
(41.2015 -0.0433472 -0)
(41.189 -0.0411415 -0)
(41.1772 -0.0389851 -0)
(41.1659 -0.036875 -0)
(41.1553 -0.0348083 -0)
(41.1453 -0.0327834 -0)
(41.1359 -0.0307973 -0)
(41.1271 -0.0288473 -0)
(41.1188 -0.026932 -0)
(41.1112 -0.0250486 -0)
(41.104 -0.0231945 -0)
(41.0975 -0.0213679 -0)
(41.0914 -0.019567 -0)
(41.0859 -0.0177892 -0)
(41.0809 -0.0160322 -0)
(41.0764 -0.0142944 -0)
(41.0725 -0.0125735 -0)
(41.069 -0.0108671 -0)
(41.066 -0.00917382 -0)
(41.0636 -0.00749132 -0)
(41.0616 -0.00581733 -0)
(41.0601 -0.00415018 -0)
(41.0591 -0.00248822 -0)
(41.0586 -0.000829183 -0)
(41.432 -0.055644 -0)
(41.4097 -0.0534172 -0)
(41.3883 -0.051255 -0)
(41.3673 -0.0491541 -0)
(41.3471 -0.0471124 -0)
(41.328 -0.0451277 -0)
(41.3098 -0.0431972 -0)
(41.2924 -0.0413181 -0)
(41.2758 -0.0394888 -0)
(41.2599 -0.0377068 -0)
(41.2447 -0.0359695 -0)
(41.2303 -0.0342755 -0)
(41.2165 -0.0326224 -0)
(41.2033 -0.0310077 -0)
(41.1908 -0.02943 -0)
(41.1789 -0.0278876 -0)
(41.1677 -0.0263782 -0)
(41.157 -0.0249 -0)
(41.147 -0.0234515 -0)
(41.1375 -0.0220308 -0)
(41.1287 -0.020636 -0)
(41.1204 -0.019266 -0)
(41.1127 -0.0179187 -0)
(41.1056 -0.0165924 -0)
(41.099 -0.0152858 -0)
(41.0929 -0.0139975 -0)
(41.0874 -0.0127257 -0)
(41.0824 -0.0114687 -0)
(41.0779 -0.0102256 -0)
(41.0739 -0.00899447 -0)
(41.0704 -0.00777376 -0)
(41.0674 -0.00656244 -0)
(41.065 -0.00535885 -0)
(41.063 -0.00416136 -0)
(41.0615 -0.00296877 -0)
(41.0605 -0.0017799 -0)
(41.06 -0.000593139 -0)
(41.4337 -0.0334315 -0)
(41.4114 -0.0320943 -0)
(41.39 -0.0307957 -0)
(41.3689 -0.029534 -0)
(41.3487 -0.0283077 -0)
(41.3295 -0.0271157 -0)
(41.3113 -0.025956 -0)
(41.2938 -0.0248273 -0)
(41.2772 -0.0237284 -0)
(41.2613 -0.0226579 -0)
(41.2461 -0.0216142 -0)
(41.2316 -0.0205965 -0)
(41.2178 -0.0196033 -0)
(41.2046 -0.0186333 -0)
(41.192 -0.0176854 -0)
(41.1801 -0.0167586 -0)
(41.1688 -0.0158518 -0)
(41.1582 -0.0149636 -0)
(41.1481 -0.0140933 -0)
(41.1386 -0.0132397 -0)
(41.1298 -0.0124017 -0)
(41.1215 -0.0115784 -0)
(41.1138 -0.0107688 -0)
(41.1066 -0.00997176 -0)
(41.1 -0.0091865 -0)
(41.0939 -0.00841223 -0)
(41.0884 -0.00764789 -0)
(41.0833 -0.00689244 -0)
(41.0788 -0.00614527 -0)
(41.0749 -0.00540535 -0)
(41.0714 -0.0046717 -0)
(41.0684 -0.0039437 -0)
(41.0659 -0.00322036 -0)
(41.0639 -0.00250071 -0)
(41.0624 -0.00178402 -0)
(41.0615 -0.00106959 -0)
(41.061 -0.00035643 -0)
(41.4346 -0.0111807 -0)
(41.4123 -0.0107347 -0)
(41.3908 -0.0103013 -0)
(41.3697 -0.00988002 -0)
(41.3494 -0.00947069 -0)
(41.3303 -0.00907269 -0)
(41.312 -0.00868539 -0)
(41.2945 -0.00830828 -0)
(41.2779 -0.0079411 -0)
(41.2619 -0.00758332 -0)
(41.2467 -0.00723446 -0)
(41.2322 -0.00689421 -0)
(41.2184 -0.00656212 -0)
(41.2052 -0.00623774 -0)
(41.1926 -0.00592074 -0)
(41.1807 -0.00561082 -0)
(41.1694 -0.00530754 -0)
(41.1587 -0.00501047 -0)
(41.1487 -0.00471935 -0)
(41.1392 -0.00443378 -0)
(41.1303 -0.00415335 -0)
(41.122 -0.00387783 -0)
(41.1143 -0.00360681 -0)
(41.1071 -0.00333995 -0)
(41.1005 -0.00307697 -0)
(41.0944 -0.00281761 -0)
(41.0889 -0.00256155 -0)
(41.0838 -0.00230844 -0)
(41.0793 -0.0020581 -0)
(41.0753 -0.0018102 -0)
(41.0718 -0.00156441 -0)
(41.0689 -0.00132055 -0)
(41.0664 -0.00107827 -0)
(41.0644 -0.000837264 -0)
(41.0629 -0.000597279 -0)
(41.0619 -0.000358075 -0)
(41.0614 -0.00011932 -0)
(41.4346 0.011087 -0)
(41.4123 0.0106412 -0)
(41.3908 0.0102088 -0)
(41.3697 0.00978881 -0)
(41.3494 0.0093806 -0)
(41.3303 0.00898393 -0)
(41.312 0.00859831 -0)
(41.2945 0.00822317 -0)
(41.2779 0.00785812 -0)
(41.2619 0.00750262 -0)
(41.2467 0.00715616 -0)
(41.2322 0.00681844 -0)
(41.2184 0.00648893 -0)
(41.2052 0.00616716 -0)
(41.1926 0.00585277 -0)
(41.1807 0.00554544 -0)
(41.1694 0.00524473 -0)
(41.1587 0.00495024 -0)
(41.1487 0.00466174 -0)
(41.1392 0.00437884 -0)
(41.1303 0.00410118 -0)
(41.122 0.00382854 -0)
(41.1143 0.00356055 -0)
(41.1071 0.00329684 -0)
(41.1005 0.00303714 -0)
(41.0944 0.00278118 -0)
(41.0889 0.00252858 -0)
(41.0838 0.00227896 -0)
(41.0793 0.0020321 -0)
(41.0753 0.00178762 -0)
(41.0718 0.00154518 -0)
(41.0689 0.00130455 -0)
(41.0664 0.00106541 -0)
(41.0644 0.000827419 -0)
(41.0629 0.000590347 -0)
(41.0619 0.000353967 -0)
(41.0614 0.000117966 -0)
(41.4337 0.0333374 -0)
(41.4114 0.0320004 -0)
(41.39 0.0307028 -0)
(41.3689 0.0294423 -0)
(41.3487 0.0282173 -0)
(41.3295 0.0270266 -0)
(41.3113 0.0258686 -0)
(41.2938 0.0247419 -0)
(41.2772 0.0236452 -0)
(41.2613 0.022577 -0)
(41.2461 0.0215358 -0)
(41.2316 0.0205206 -0)
(41.2178 0.01953 -0)
(41.2046 0.0185626 -0)
(41.192 0.0176174 -0)
(41.1801 0.0166933 -0)
(41.1688 0.0157891 -0)
(41.1582 0.0149035 -0)
(41.1481 0.0140358 -0)
(41.1386 0.0131849 -0)
(41.1298 0.0123495 -0)
(41.1215 0.0115291 -0)
(41.1138 0.0107225 -0)
(41.1066 0.00992862 -0)
(41.1 0.00914662 -0)
(41.0939 0.00837572 -0)
(41.0884 0.00761482 -0)
(41.0834 0.00686285 -0)
(41.0788 0.00611915 -0)
(41.0749 0.00538267 -0)
(41.0714 0.00465237 -0)
(41.0684 0.00392762 -0)
(41.0659 0.00320743 -0)
(41.0639 0.00249082 -0)
(41.0624 0.00177706 -0)
(41.0615 0.00106546 -0)
(41.061 0.000355068 -0)
(41.432 0.055549 -0)
(41.4097 0.0533225 -0)
(41.3883 0.0511613 -0)
(41.3673 0.0490618 -0)
(41.3471 0.0470213 -0)
(41.328 0.045038 -0)
(41.3098 0.0431091 -0)
(41.2924 0.0412321 -0)
(41.2758 0.039405 -0)
(41.2599 0.0376254 -0)
(41.2447 0.0358907 -0)
(41.2303 0.0341994 -0)
(41.2165 0.0325489 -0)
(41.2033 0.0309371 -0)
(41.1908 0.0293621 -0)
(41.1789 0.0278223 -0)
(41.1677 0.0263156 -0)
(41.157 0.02484 -0)
(41.147 0.0233941 -0)
(41.1376 0.0219761 -0)
(41.1287 0.020584 -0)
(41.1204 0.0192168 -0)
(41.1127 0.0178725 -0)
(41.1056 0.0165492 -0)
(41.099 0.0152458 -0)
(41.0929 0.0139608 -0)
(41.0874 0.0126924 -0)
(41.0824 0.0114389 -0)
(41.0779 0.0101992 -0)
(41.0739 0.00897158 -0)
(41.0704 0.00775424 -0)
(41.0675 0.00654621 -0)
(41.065 0.00534579 -0)
(41.063 0.00415136 -0)
(41.0615 0.00296173 -0)
(41.0605 0.00177573 -0)
(41.06 0.000591765 -0)
(41.4293 0.0776964 -0)
(41.4072 0.0745829 -0)
(41.3858 0.0715608 -0)
(41.3648 0.0686247 -0)
(41.3447 0.0657712 -0)
(41.3257 0.0629976 -0)
(41.3075 0.0603001 -0)
(41.2902 0.0576749 -0)
(41.2737 0.0551197 -0)
(41.2578 0.0526308 -0)
(41.2427 0.0502046 -0)
(41.2283 0.0478391 -0)
(41.2146 0.0455308 -0)
(41.2015 0.0432764 -0)
(41.189 0.0410735 -0)
(41.1772 0.0389199 -0)
(41.1659 0.0368126 -0)
(41.1553 0.0347486 -0)
(41.1453 0.0327262 -0)
(41.1359 0.0307427 -0)
(41.1271 0.0287955 -0)
(41.1188 0.0268829 -0)
(41.1112 0.0250024 -0)
(41.1041 0.0231513 -0)
(41.0975 0.0213278 -0)
(41.0914 0.0195302 -0)
(41.0859 0.0177557 -0)
(41.0809 0.0160021 -0)
(41.0764 0.0142678 -0)
(41.0725 0.0125503 -0)
(41.069 0.0108473 -0)
(41.066 0.00915734 -0)
(41.0636 0.00747806 -0)
(41.0616 0.00580718 -0)
(41.0601 0.00414303 -0)
(41.0591 0.00248398 -0)
(41.0587 0.000827786 -0)
(41.4258 0.0997539 -0)
(41.4037 0.0957572 -0)
(41.3825 0.0918776 -0)
(41.3616 0.0881085 -0)
(41.3416 0.0844453 -0)
(41.3226 0.0808847 -0)
(41.3046 0.0774218 -0)
(41.2873 0.0740516 -0)
(41.2708 0.0707712 -0)
(41.2551 0.0675759 -0)
(41.2401 0.0644612 -0)
(41.2257 0.0614244 -0)
(41.2121 0.0584609 -0)
(41.199 0.0555666 -0)
(41.1866 0.0527385 -0)
(41.1748 0.0499737 -0)
(41.1636 0.0472681 -0)
(41.153 0.0446181 -0)
(41.1431 0.0420215 -0)
(41.1337 0.0394749 -0)
(41.1249 0.0369747 -0)
(41.1167 0.0345189 -0)
(41.1091 0.0321043 -0)
(41.102 0.0297274 -0)
(41.0955 0.0273859 -0)
(41.0894 0.0250776 -0)
(41.084 0.0227991 -0)
(41.079 0.0205472 -0)
(41.0745 0.0183202 -0)
(41.0706 0.0161148 -0)
(41.0671 0.0139281 -0)
(41.0642 0.0117581 -0)
(41.0617 0.00960183 -0)
(41.0598 0.00745638 -0)
(41.0583 0.00531961 -0)
(41.0573 0.00318939 -0)
(41.0568 0.00106286 -0)
(41.4214 0.121696 -0)
(41.3995 0.116821 -0)
(41.3784 0.112089 -0)
(41.3576 0.107491 -0)
(41.3377 0.103023 -0)
(41.3188 0.0986791 -0)
(41.3009 0.0944547 -0)
(41.2837 0.0903435 -0)
(41.2673 0.0863418 -0)
(41.2517 0.0824439 -0)
(41.2368 0.0786443 -0)
(41.2225 0.0749397 -0)
(41.2089 0.0713246 -0)
(41.1959 0.0677939 -0)
(41.1836 0.0643439 -0)
(41.1718 0.0609709 -0)
(41.1607 0.0576703 -0)
(41.1502 0.0544375 -0)
(41.1403 0.0512697 -0)
(41.131 0.0481628 -0)
(41.1223 0.0451125 -0)
(41.1141 0.0421163 -0)
(41.1065 0.0391702 -0)
(41.0995 0.0362702 -0)
(41.0929 0.0334134 -0)
(41.087 0.0305968 -0)
(41.0815 0.0278167 -0)
(41.0766 0.0250692 -0)
(41.0721 0.0223519 -0)
(41.0682 0.0196611 -0)
(41.0648 0.0169931 -0)
(41.0618 0.0143455 -0)
(41.0594 0.0117147 -0)
(41.0574 0.00909711 -0)
(41.056 0.00649014 -0)
(41.055 0.00389118 -0)
(41.0545 0.00129673 -0)
(41.4162 0.143498 -0)
(41.3944 0.13775 -0)
(41.3734 0.132171 -0)
(41.3528 0.12675 -0)
(41.333 0.121482 -0)
(41.3143 0.11636 -0)
(41.2965 0.11138 -0)
(41.2794 0.106532 -0)
(41.2632 0.101814 -0)
(41.2476 0.0972178 -0)
(41.2328 0.0927377 -0)
(41.2186 0.0883696 -0)
(41.2051 0.0841071 -0)
(41.1922 0.0799442 -0)
(41.1799 0.0758763 -0)
(41.1683 0.0718993 -0)
(41.1573 0.0680075 -0)
(41.1468 0.0641956 -0)
(41.137 0.0604604 -0)
(41.1277 0.0567967 -0)
(41.1191 0.0531998 -0)
(41.111 0.0496666 -0)
(41.1034 0.0461924 -0)
(41.0964 0.0427724 -0)
(41.0899 0.0394033 -0)
(41.084 0.0360818 -0)
(41.0786 0.0328032 -0)
(41.0737 0.029563 -0)
(41.0693 0.0263585 -0)
(41.0654 0.0231852 -0)
(41.0619 0.0200388 -0)
(41.059 0.0169166 -0)
(41.0566 0.0138143 -0)
(41.0547 0.0107275 -0)
(41.0532 0.00765328 -0)
(41.0522 0.00458854 -0)
(41.0518 0.00152912 -0)
(41.4101 0.165139 -0)
(41.3885 0.158525 -0)
(41.3676 0.152105 -0)
(41.3472 0.145867 -0)
(41.3276 0.139805 -0)
(41.309 0.133912 -0)
(41.2913 0.12818 -0)
(41.2744 0.122602 -0)
(41.2583 0.117172 -0)
(41.2429 0.111884 -0)
(41.2281 0.106728 -0)
(41.2141 0.101702 -0)
(41.2007 0.0967965 -0)
(41.1879 0.092006 -0)
(41.1757 0.087325 -0)
(41.1642 0.0827485 -0)
(41.1532 0.07827 -0)
(41.1429 0.0738833 -0)
(41.1331 0.0695848 -0)
(41.1239 0.0653686 -0)
(41.1153 0.061229 -0)
(41.1073 0.0571627 -0)
(41.0998 0.0531641 -0)
(41.0928 0.049228 -0)
(41.0864 0.0453503 -0)
(41.0805 0.0415273 -0)
(41.0752 0.0377537 -0)
(41.0703 0.0340244 -0)
(41.0659 0.0303361 -0)
(41.062 0.0266839 -0)
(41.0587 0.0230625 -0)
(41.0558 0.0194691 -0)
(41.0534 0.0158986 -0)
(41.0514 0.012346 -0)
(41.05 0.00880795 -0)
(41.049 0.00528081 -0)
(41.0486 0.00175982 -0)
(41.4031 0.186585 -0)
(41.3817 0.179113 -0)
(41.3611 0.17186 -0)
(41.3408 0.164814 -0)
(41.3214 0.157965 -0)
(41.303 0.151307 -0)
(41.2855 0.144832 -0)
(41.2687 0.13853 -0)
(41.2527 0.132395 -0)
(41.2374 0.126419 -0)
(41.2229 0.120594 -0)
(41.2089 0.114915 -0)
(41.1957 0.109373 -0)
(41.183 0.103961 -0)
(41.1709 0.0986726 -0)
(41.1595 0.093502 -0)
(41.1486 0.0884422 -0)
(41.1384 0.0834859 -0)
(41.1287 0.0786293 -0)
(41.1196 0.0738654 -0)
(41.1111 0.069188 -0)
(41.1031 0.0645933 -0)
(41.0957 0.0600751 -0)
(41.0888 0.0556273 -0)
(41.0824 0.0512455 -0)
(41.0766 0.0469254 -0)
(41.0713 0.0426611 -0)
(41.0664 0.0384467 -0)
(41.0621 0.0342789 -0)
(41.0583 0.0301518 -0)
(41.0549 0.0260596 -0)
(41.0521 0.0219991 -0)
(41.0497 0.0179645 -0)
(41.0478 0.0139502 -0)
(41.0463 0.00995239 -0)
(41.0454 0.00596694 -0)
(41.0449 0.00198846 -0)
(41.3953 0.207816 -0)
(41.3741 0.199496 -0)
(41.3537 0.191419 -0)
(41.3337 0.183572 -0)
(41.3144 0.175944 -0)
(41.2962 0.16853 -0)
(41.2789 0.161318 -0)
(41.2623 0.154299 -0)
(41.2465 0.147467 -0)
(41.2314 0.140811 -0)
(41.2169 0.134324 -0)
(41.2032 0.127998 -0)
(41.19 0.121826 -0)
(41.1775 0.115798 -0)
(41.1655 0.109908 -0)
(41.1542 0.10415 -0)
(41.1435 0.0985144 -0)
(41.1333 0.0929945 -0)
(41.1237 0.0875853 -0)
(41.1147 0.0822793 -0)
(41.1063 0.0770695 -0)
(41.0984 0.0719517 -0)
(41.0911 0.0669189 -0)
(41.0843 0.0619644 -0)
(41.078 0.0570834 -0)
(41.0722 0.052271 -0)
(41.0669 0.0475207 -0)
(41.0621 0.042826 -0)
(41.0578 0.0381832 -0)
(41.054 0.0335858 -0)
(41.0507 0.0290274 -0)
(41.0479 0.0245042 -0)
(41.0455 0.02001 -0)
(41.0436 0.0155386 -0)
(41.0422 0.0110855 -0)
(41.0413 0.0066463 -0)
(41.0408 0.00221485 -0)
(41.3866 0.228808 -0)
(41.3657 0.219649 -0)
(41.3456 0.210758 -0)
(41.3258 0.20212 -0)
(41.3067 0.193723 -0)
(41.2887 0.185561 -0)
(41.2716 0.177622 -0)
(41.2552 0.169894 -0)
(41.2396 0.162372 -0)
(41.2246 0.155044 -0)
(41.2104 0.147901 -0)
(41.1968 0.140936 -0)
(41.1838 0.134141 -0)
(41.1714 0.127504 -0)
(41.1596 0.121019 -0)
(41.1484 0.11468 -0)
(41.1378 0.108475 -0)
(41.1277 0.102398 -0)
(41.1183 0.0964427 -0)
(41.1094 0.0906008 -0)
(41.101 0.0848646 -0)
(41.0932 0.0792295 -0)
(41.086 0.0736879 -0)
(41.0792 0.0682323 -0)
(41.073 0.0628575 -0)
(41.0673 0.0575582 -0)
(41.0621 0.0523271 -0)
(41.0574 0.0471574 -0)
(41.0531 0.0420447 -0)
(41.0494 0.036982 -0)
(41.0461 0.0319624 -0)
(41.0433 0.0269817 -0)
(41.0409 0.022033 -0)
(41.0391 0.0171095 -0)
(41.0377 0.0122061 -0)
(41.0367 0.00731812 -0)
(41.0363 0.00243872 -0)
(41.3772 0.249537 -0)
(41.3565 0.239551 -0)
(41.3367 0.229856 -0)
(41.3171 0.220437 -0)
(41.2983 0.211282 -0)
(41.2805 0.202381 -0)
(41.2636 0.193723 -0)
(41.2475 0.185296 -0)
(41.232 0.177093 -0)
(41.2173 0.169101 -0)
(41.2032 0.16131 -0)
(41.1898 0.153715 -0)
(41.1769 0.146303 -0)
(41.1647 0.139066 -0)
(41.1531 0.131994 -0)
(41.142 0.12508 -0)
(41.1315 0.118314 -0)
(41.1216 0.111686 -0)
(41.1122 0.105191 -0)
(41.1035 0.0988204 -0)
(41.0952 0.0925644 -0)
(41.0875 0.0864185 -0)
(41.0804 0.0803744 -0)
(41.0737 0.0744239 -0)
(41.0676 0.0685614 -0)
(41.0619 0.0627811 -0)
(41.0568 0.0570752 -0)
(41.0521 0.0514361 -0)
(41.0479 0.0458592 -0)
(41.0442 0.0403369 -0)
(41.041 0.0348617 -0)
(41.0382 0.0294289 -0)
(41.0359 0.0240312 -0)
(41.0341 0.018661 -0)
(41.0327 0.013313 -0)
(41.0318 0.00798167 -0)
(41.0313 0.00265983 -0)
(41.3669 0.269982 -0)
(41.3466 0.259181 -0)
(41.327 0.248695 -0)
(41.3077 0.238507 -0)
(41.2892 0.228603 -0)
(41.2716 0.218975 -0)
(41.255 0.209609 -0)
(41.239 0.200492 -0)
(41.2238 0.191617 -0)
(41.2093 0.18297 -0)
(41.1954 0.174541 -0)
(41.1822 0.166322 -0)
(41.1695 0.158303 -0)
(41.1575 0.150472 -0)
(41.146 0.14282 -0)
(41.1351 0.13534 -0)
(41.1247 0.12802 -0)
(41.1149 0.12085 -0)
(41.1057 0.113823 -0)
(41.0971 0.10693 -0)
(41.0889 0.100162 -0)
(41.0813 0.093512 -0)
(41.0743 0.0869722 -0)
(41.0677 0.0805335 -0)
(41.0617 0.0741898 -0)
(41.0561 0.0679349 -0)
(41.051 0.0617605 -0)
(41.0464 0.0556582 -0)
(41.0423 0.0496232 -0)
(41.0387 0.0436473 -0)
(41.0355 0.0377224 -0)
(41.0327 0.0318436 -0)
(41.0305 0.0260028 -0)
(41.0286 0.0201919 -0)
(41.0273 0.014405 -0)
(41.0264 0.00863634 -0)
(41.0259 0.00287799 -0)
(41.3558 0.290114 -0)
(41.3358 0.278511 -0)
(41.3165 0.267246 -0)
(41.2975 0.256301 -0)
(41.2793 0.245662 -0)
(41.262 0.235318 -0)
(41.2456 0.225255 -0)
(41.2299 0.215459 -0)
(41.215 0.205922 -0)
(41.2007 0.196631 -0)
(41.187 0.187572 -0)
(41.174 0.17874 -0)
(41.1615 0.170121 -0)
(41.1496 0.161706 -0)
(41.1383 0.153483 -0)
(41.1276 0.145445 -0)
(41.1174 0.13758 -0)
(41.1078 0.129875 -0)
(41.0987 0.122325 -0)
(41.0902 0.114918 -0)
(41.0822 0.107645 -0)
(41.0747 0.100499 -0)
(41.0677 0.0934714 -0)
(41.0613 0.0865519 -0)
(41.0553 0.0797343 -0)
(41.0498 0.073012 -0)
(41.0448 0.066376 -0)
(41.0403 0.0598174 -0)
(41.0362 0.0533312 -0)
(41.0326 0.0469084 -0)
(41.0295 0.0405405 -0)
(41.0268 0.0342223 -0)
(41.0246 0.0279449 -0)
(41.0228 0.0216998 -0)
(41.0214 0.0154807 -0)
(41.0205 0.0092812 -0)
(41.0201 0.00309286 -0)
(41.344 0.309911 -0)
(41.3243 0.297521 -0)
(41.3053 0.285492 -0)
(41.2867 0.273804 -0)
(41.2687 0.262442 -0)
(41.2518 0.251395 -0)
(41.2356 0.240646 -0)
(41.2202 0.230183 -0)
(41.2055 0.219996 -0)
(41.1914 0.21007 -0)
(41.178 0.200393 -0)
(41.1652 0.190956 -0)
(41.1529 0.181749 -0)
(41.1413 0.172757 -0)
(41.1301 0.163973 -0)
(41.1196 0.155386 -0)
(41.1096 0.146984 -0)
(41.1001 0.138754 -0)
(41.0912 0.130689 -0)
(41.0828 0.122777 -0)
(41.0749 0.115007 -0)
(41.0675 0.107374 -0)
(41.0607 0.0998658 -0)
(41.0543 0.0924735 -0)
(41.0485 0.0851898 -0)
(41.0431 0.0780077 -0)
(41.0382 0.0709176 -0)
(41.0337 0.0639101 -0)
(41.0297 0.0569798 -0)
(41.0262 0.0501174 -0)
(41.0231 0.0433135 -0)
(41.0205 0.0365628 -0)
(41.0183 0.0298559 -0)
(41.0165 0.0231835 -0)
(41.0152 0.016539 -0)
(41.0143 0.00991568 -0)
(41.0139 0.00330428 -0)
(41.3313 0.329352 -0)
(41.312 0.316191 -0)
(41.2934 0.303412 -0)
(41.2751 0.290995 -0)
(41.2575 0.278926 -0)
(41.2408 0.267189 -0)
(41.225 0.255768 -0)
(41.2098 0.244649 -0)
(41.1954 0.233823 -0)
(41.1816 0.223275 -0)
(41.1684 0.212989 -0)
(41.1558 0.202959 -0)
(41.1438 0.193172 -0)
(41.1323 0.183615 -0)
(41.1214 0.174278 -0)
(41.111 0.165152 -0)
(41.1012 0.156222 -0)
(41.0919 0.147475 -0)
(41.0831 0.138905 -0)
(41.0749 0.130497 -0)
(41.0672 0.12224 -0)
(41.0599 0.114127 -0)
(41.0532 0.106148 -0)
(41.047 0.0982916 -0)
(41.0412 0.0905501 -0)
(41.0359 0.0829164 -0)
(41.0311 0.0753802 -0)
(41.0267 0.0679317 -0)
(41.0228 0.0605652 -0)
(41.0193 0.0532707 -0)
(41.0163 0.0460385 -0)
(41.0137 0.0388628 -0)
(41.0115 0.0317337 -0)
(41.0098 0.0246415 -0)
(41.0085 0.0175791 -0)
(41.0077 0.0105392 -0)
(41.0072 0.00351202 -0)
(41.3179 0.348413 -0)
(41.299 0.334497 -0)
(41.2808 0.320985 -0)
(41.2628 0.307855 -0)
(41.2456 0.295093 -0)
(41.2292 0.282681 -0)
(41.2137 0.270602 -0)
(41.1988 0.258841 -0)
(41.1847 0.247389 -0)
(41.1711 0.23623 -0)
(41.1582 0.225347 -0)
(41.1459 0.214734 -0)
(41.1341 0.204378 -0)
(41.1229 0.194266 -0)
(41.1122 0.184387 -0)
(41.102 0.174731 -0)
(41.0923 0.165283 -0)
(41.0832 0.15603 -0)
(41.0746 0.146964 -0)
(41.0665 0.138069 -0)
(41.059 0.129335 -0)
(41.0519 0.120753 -0)
(41.0453 0.112311 -0)
(41.0392 0.104 -0)
(41.0335 0.0958092 -0)
(41.0283 0.0877326 -0)
(41.0236 0.079759 -0)
(41.0193 0.0718779 -0)
(41.0155 0.0640834 -0)
(41.0121 0.056365 -0)
(41.0091 0.0487125 -0)
(41.0065 0.0411198 -0)
(41.0044 0.0335765 -0)
(41.0027 0.0260723 -0)
(41.0015 0.0185997 -0)
(41.0006 0.011151 -0)
(41.0002 0.00371589 -0)
(41.3038 0.367074 -0)
(41.2853 0.35242 -0)
(41.2675 0.33819 -0)
(41.2499 0.324363 -0)
(41.233 0.310926 -0)
(41.217 0.297856 -0)
(41.2018 0.285133 -0)
(41.1872 0.272744 -0)
(41.1734 0.260679 -0)
(41.1601 0.248921 -0)
(41.1475 0.237454 -0)
(41.1354 0.226271 -0)
(41.1239 0.215357 -0)
(41.1129 0.204699 -0)
(41.1024 0.194288 -0)
(41.0924 0.184113 -0)
(41.083 0.174158 -0)
(41.0741 0.164409 -0)
(41.0656 0.154856 -0)
(41.0577 0.145486 -0)
(41.0503 0.136283 -0)
(41.0434 0.127242 -0)
(41.0369 0.118348 -0)
(41.0309 0.109591 -0)
(41.0254 0.100961 -0)
(41.0203 0.0924509 -0)
(41.0157 0.0840489 -0)
(41.0115 0.0757443 -0)
(41.0077 0.0675306 -0)
(41.0044 0.059397 -0)
(41.0015 0.0513328 -0)
(40.999 0.0433315 -0)
(40.9969 0.0353824 -0)
(40.9952 0.0274745 -0)
(40.994 0.0195999 -0)
(40.9932 0.0117506 -0)
(40.9928 0.00391568 -0)
(41.289 0.385315 -0)
(41.2709 0.36994 -0)
(41.2535 0.35501 -0)
(41.2363 0.340501 -0)
(41.2197 0.326405 -0)
(41.2041 0.312694 -0)
(41.1892 0.299344 -0)
(41.175 0.286342 -0)
(41.1615 0.273678 -0)
(41.1485 0.261336 -0)
(41.1361 0.249298 -0)
(41.1243 0.237556 -0)
(41.1131 0.226096 -0)
(41.1023 0.214905 -0)
(41.0921 0.203973 -0)
(41.0824 0.193289 -0)
(41.0732 0.182837 -0)
(41.0644 0.172602 -0)
(41.0562 0.162574 -0)
(41.0485 0.152738 -0)
(41.0412 0.143078 -0)
(41.0344 0.133588 -0)
(41.0281 0.124252 -0)
(41.0222 0.115059 -0)
(41.0168 0.106 -0)
(41.0119 0.097066 -0)
(41.0073 0.0882453 -0)
(41.0032 0.0795266 -0)
(40.9995 0.0709031 -0)
(40.9963 0.0623635 -0)
(40.9934 0.0538966 -0)
(40.991 0.0454957 -0)
(40.989 0.0371495 -0)
(40.9874 0.0288466 -0)
(40.9861 0.0205787 -0)
(40.9853 0.0123374 -0)
(40.9849 0.00411122 -0)
(41.2733 0.403229 -0)
(41.2557 0.387149 -0)
(41.2387 0.371528 -0)
(41.2219 0.356351 -0)
(41.2058 0.341608 -0)
(41.1905 0.327268 -0)
(41.176 0.313303 -0)
(41.1622 0.2997 -0)
(41.1489 0.286449 -0)
(41.1363 0.273533 -0)
(41.1242 0.260933 -0)
(41.1127 0.248643 -0)
(41.1017 0.236647 -0)
(41.0913 0.224932 -0)
(41.0813 0.213488 -0)
(41.0718 0.202303 -0)
(41.0628 0.191363 -0)
(41.0543 0.180651 -0)
(41.0462 0.170155 -0)
(41.0387 0.159861 -0)
(41.0316 0.149753 -0)
(41.025 0.139821 -0)
(41.0188 0.130051 -0)
(41.0131 0.120431 -0)
(41.0078 0.11095 -0)
(41.003 0.1016 -0)
(40.9985 0.0923684 -0)
(40.9945 0.083243 -0)
(40.9909 0.0742171 -0)
(40.9878 0.0652788 -0)
(40.985 0.0564164 -0)
(40.9826 0.0476229 -0)
(40.9806 0.0388866 -0)
(40.9791 0.0301955 -0)
(40.9779 0.021541 -0)
(40.9771 0.0129144 -0)
(40.9767 0.00430348 -0)
(41.2564 0.421289 -0)
(41.2393 0.4045 -0)
(41.2228 0.388184 -0)
(41.2064 0.372333 -0)
(41.1908 0.356936 -0)
(41.1759 0.341959 -0)
(41.1618 0.327374 -0)
(41.1483 0.313164 -0)
(41.1354 0.299322 -0)
(41.1231 0.285828 -0)
(41.1113 0.272664 -0)
(41.1001 0.259821 -0)
(41.0894 0.247286 -0)
(41.0793 0.235043 -0)
(41.0696 0.223082 -0)
(41.0603 0.211394 -0)
(41.0516 0.199961 -0)
(41.0433 0.188767 -0)
(41.0355 0.1778 -0)
(41.0281 0.167044 -0)
(41.0212 0.156482 -0)
(41.0148 0.146105 -0)
(41.0088 0.135898 -0)
(41.0032 0.125846 -0)
(40.998 0.115941 -0)
(40.9933 0.106172 -0)
(40.989 0.0965258 -0)
(40.9851 0.0869908 -0)
(40.9816 0.0775595 -0)
(40.9785 0.0682194 -0)
(40.9758 0.0589583 -0)
(40.9735 0.049769 -0)
(40.9716 0.0406392 -0)
(40.9701 0.0315566 -0)
(40.9689 0.0225121 -0)
(40.9682 0.0134966 -0)
(40.9678 0.00449753 -0)
(41.2378 0.439845 -0)
(41.2212 0.422325 -0)
(41.2052 0.405296 -0)
(41.1893 0.388752 -0)
(41.1741 0.37268 -0)
(41.1597 0.357047 -0)
(41.146 0.341824 -0)
(41.1329 0.326991 -0)
(41.1204 0.312541 -0)
(41.1085 0.298454 -0)
(41.0971 0.284711 -0)
(41.0862 0.271303 -0)
(41.0759 0.258214 -0)
(41.066 0.24543 -0)
(41.0566 0.232941 -0)
(41.0477 0.220735 -0)
(41.0392 0.208796 -0)
(41.0312 0.197106 -0)
(41.0236 0.185654 -0)
(41.0164 0.174423 -0)
(41.0098 0.163395 -0)
(41.0035 0.15256 -0)
(40.9977 0.141904 -0)
(40.9923 0.131409 -0)
(40.9873 0.121068 -0)
(40.9827 0.110868 -0)
(40.9785 0.100797 -0)
(40.9747 0.0908413 -0)
(40.9714 0.0809937 -0)
(40.9684 0.071241 -0)
(40.9657 0.0615705 -0)
(40.9635 0.0519747 -0)
(40.9616 0.0424408 -0)
(40.9601 0.0329559 -0)
(40.959 0.0235105 -0)
(40.9583 0.0140953 -0)
(40.9579 0.00469706 -0)
(41.2172 0.458831 -0)
(41.2012 0.44056 -0)
(41.1858 0.4228 -0)
(41.1705 0.405546 -0)
(41.1558 0.388783 -0)
(41.1419 0.372478 -0)
(41.1286 0.3566 -0)
(41.116 0.341131 -0)
(41.1039 0.32606 -0)
(41.0924 0.311367 -0)
(41.0814 0.297032 -0)
(41.0709 0.283047 -0)
(41.0609 0.269393 -0)
(41.0514 0.256057 -0)
(41.0423 0.243027 -0)
(41.0337 0.230292 -0)
(41.0255 0.217835 -0)
(41.0178 0.205638 -0)
(41.0105 0.19369 -0)
(41.0036 0.181972 -0)
(40.9971 0.170467 -0)
(40.9911 0.159164 -0)
(40.9854 0.148047 -0)
(40.9802 0.1371 -0)
(40.9754 0.126312 -0)
(40.971 0.115672 -0)
(40.9669 0.105166 -0)
(40.9633 0.0947805 -0)
(40.96 0.0845072 -0)
(40.9571 0.0743327 -0)
(40.9546 0.0642435 -0)
(40.9524 0.054232 -0)
(40.9506 0.0442846 -0)
(40.9492 0.034388 -0)
(40.9481 0.0245325 -0)
(40.9474 0.0147081 -0)
(40.947 0.00490132 -0)
(41.1946 0.478163 -0)
(41.1792 0.459125 -0)
(41.1644 0.440621 -0)
(41.1497 0.422643 -0)
(41.1356 0.405175 -0)
(41.1222 0.388185 -0)
(41.1095 0.371641 -0)
(41.0973 0.355523 -0)
(41.0857 0.33982 -0)
(41.0747 0.324511 -0)
(41.0641 0.309575 -0)
(41.054 0.295002 -0)
(41.0444 0.280775 -0)
(41.0353 0.266878 -0)
(41.0266 0.253298 -0)
(41.0183 0.240025 -0)
(41.0105 0.227041 -0)
(41.003 0.214327 -0)
(40.996 0.201873 -0)
(40.9894 0.189659 -0)
(40.9832 0.177668 -0)
(40.9774 0.165888 -0)
(40.972 0.154302 -0)
(40.9669 0.142894 -0)
(40.9623 0.131651 -0)
(40.9581 0.120563 -0)
(40.9542 0.109614 -0)
(40.9507 0.0987912 -0)
(40.9475 0.0880848 -0)
(40.9447 0.0774809 -0)
(40.9423 0.0669656 -0)
(40.9402 0.0565308 -0)
(40.9385 0.0461625 -0)
(40.9371 0.0358468 -0)
(40.9361 0.0255735 -0)
(40.9354 0.0153324 -0)
(40.9351 0.0051094 -0)
(41.1696 0.497735 -0)
(41.155 0.477921 -0)
(41.1408 0.458662 -0)
(41.1268 0.43995 -0)
(41.1133 0.421768 -0)
(41.1005 0.404084 -0)
(41.0884 0.386866 -0)
(41.0768 0.370092 -0)
(41.0657 0.353749 -0)
(41.0551 0.337816 -0)
(41.045 0.322273 -0)
(41.0354 0.307107 -0)
(41.0263 0.2923 -0)
(41.0175 0.277834 -0)
(41.0092 0.263699 -0)
(41.0014 0.249881 -0)
(40.9939 0.236363 -0)
(40.9868 0.223127 -0)
(40.9801 0.21016 -0)
(40.9738 0.197444 -0)
(40.9678 0.18496 -0)
(40.9623 0.172697 -0)
(40.9571 0.160636 -0)
(40.9523 0.14876 -0)
(40.9479 0.137057 -0)
(40.9438 0.125515 -0)
(40.9401 0.114119 -0)
(40.9368 0.102852 -0)
(40.9338 0.0917072 -0)
(40.9311 0.0806687 -0)
(40.9288 0.069722 -0)
(40.9268 0.0588588 -0)
(40.9251 0.0480643 -0)
(40.9238 0.0373241 -0)
(40.9228 0.0266278 -0)
(40.9222 0.0159646 -0)
(40.9219 0.00532013 -0)
(41.1422 0.517419 -0)
(41.1283 0.496824 -0)
(41.1149 0.476806 -0)
(41.1017 0.457356 -0)
(41.0889 0.438456 -0)
(41.0767 0.420074 -0)
(41.0652 0.402178 -0)
(41.0542 0.384743 -0)
(41.0437 0.367758 -0)
(41.0337 0.351199 -0)
(41.0241 0.335044 -0)
(41.015 0.319282 -0)
(41.0063 0.303892 -0)
(40.998 0.288857 -0)
(40.9902 0.274163 -0)
(40.9827 0.259798 -0)
(40.9756 0.245743 -0)
(40.9689 0.231981 -0)
(40.9625 0.218499 -0)
(40.9566 0.205277 -0)
(40.9509 0.192297 -0)
(40.9457 0.179547 -0)
(40.9408 0.167008 -0)
(40.9362 0.154661 -0)
(40.932 0.142495 -0)
(40.9282 0.130497 -0)
(40.9247 0.118649 -0)
(40.9215 0.106937 -0)
(40.9186 0.0953511 -0)
(40.9161 0.0838754 -0)
(40.9139 0.0724948 -0)
(40.912 0.0612005 -0)
(40.9105 0.0499774 -0)
(40.9092 0.0388103 -0)
(40.9083 0.0276883 -0)
(40.9077 0.0166006 -0)
(40.9073 0.00553211 -0)
(41.1121 0.537052 -0)
(41.099 0.515679 -0)
(41.0865 0.494904 -0)
(41.074 0.474719 -0)
(41.062 0.455103 -0)
(41.0506 0.436025 -0)
(41.0397 0.417452 -0)
(41.0294 0.399359 -0)
(41.0195 0.381733 -0)
(41.0101 0.364549 -0)
(41.0011 0.347786 -0)
(40.9925 0.331429 -0)
(40.9844 0.315459 -0)
(40.9766 0.299855 -0)
(40.9692 0.284605 -0)
(40.9622 0.269694 -0)
(40.9556 0.255105 -0)
(40.9493 0.240818 -0)
(40.9433 0.226821 -0)
(40.9377 0.213095 -0)
(40.9324 0.19962 -0)
(40.9275 0.186384 -0)
(40.9229 0.173367 -0)
(40.9186 0.16055 -0)
(40.9146 0.147922 -0)
(40.911 0.135467 -0)
(40.9077 0.12317 -0)
(40.9047 0.111013 -0)
(40.902 0.0989866 -0)
(40.8996 0.0870746 -0)
(40.8976 0.0752611 -0)
(40.8958 0.0635368 -0)
(40.8943 0.0518859 -0)
(40.8932 0.0402928 -0)
(40.8923 0.0287463 -0)
(40.8917 0.017235 -0)
(40.8914 0.00574355 -0)
(41.0791 0.556443 -0)
(41.067 0.534302 -0)
(41.0553 0.512781 -0)
(41.0438 0.491869 -0)
(41.0326 0.471546 -0)
(41.0219 0.451781 -0)
(41.0118 0.432541 -0)
(41.0022 0.413798 -0)
(40.993 0.395539 -0)
(40.9843 0.377739 -0)
(40.9759 0.360374 -0)
(40.9679 0.343432 -0)
(40.9604 0.326888 -0)
(40.9532 0.310724 -0)
(40.9463 0.294924 -0)
(40.9398 0.279476 -0)
(40.9336 0.264359 -0)
(40.9277 0.249553 -0)
(40.9222 0.235048 -0)
(40.917 0.220823 -0)
(40.9121 0.206858 -0)
(40.9075 0.193141 -0)
(40.9032 0.179652 -0)
(40.8992 0.166371 -0)
(40.8955 0.153285 -0)
(40.8922 0.140379 -0)
(40.8891 0.127637 -0)
(40.8863 0.11504 -0)
(40.8838 0.102579 -0)
(40.8816 0.0902354 -0)
(40.8797 0.077994 -0)
(40.878 0.0658447 -0)
(40.8766 0.0537711 -0)
(40.8755 0.0417572 -0)
(40.8747 0.0297912 -0)
(40.8742 0.0178616 -0)
(40.8739 0.00595238 -0)
(41.0429 0.575365 -0)
(41.0319 0.552475 -0)
(41.0212 0.530227 -0)
(41.0106 0.508607 -0)
(41.0004 0.487596 -0)
(40.9906 0.467161 -0)
(40.9813 0.447269 -0)
(40.9725 0.427893 -0)
(40.9641 0.409017 -0)
(40.956 0.390615 -0)
(40.9483 0.372665 -0)
(40.941 0.35515 -0)
(40.9341 0.338048 -0)
(40.9275 0.321337 -0)
(40.9212 0.305002 -0)
(40.9152 0.289028 -0)
(40.9096 0.273396 -0)
(40.9042 0.258086 -0)
(40.8991 0.243085 -0)
(40.8943 0.228372 -0)
(40.8898 0.213929 -0)
(40.8856 0.199742 -0)
(40.8817 0.185791 -0)
(40.878 0.172056 -0)
(40.8746 0.158522 -0)
(40.8715 0.145176 -0)
(40.8687 0.131999 -0)
(40.8662 0.118972 -0)
(40.8639 0.106085 -0)
(40.8618 0.0933208 -0)
(40.8601 0.0806614 -0)
(40.8585 0.0680972 -0)
(40.8573 0.055611 -0)
(40.8563 0.0431862 -0)
(40.8555 0.0308109 -0)
(40.855 0.018473 -0)
(40.8548 0.00615614 -0)
(41.0035 0.593543 -0)
(40.9936 0.569935 -0)
(40.984 0.54699 -0)
(40.9744 0.524692 -0)
(40.9652 0.503019 -0)
(40.9564 0.481942 -0)
(40.948 0.461425 -0)
(40.94 0.44144 -0)
(40.9324 0.421972 -0)
(40.9252 0.402993 -0)
(40.9182 0.38448 -0)
(40.9117 0.366416 -0)
(40.9054 0.348777 -0)
(40.8994 0.331541 -0)
(40.8938 0.314692 -0)
(40.8884 0.298215 -0)
(40.8833 0.282089 -0)
(40.8785 0.266292 -0)
(40.8739 0.250815 -0)
(40.8696 0.235634 -0)
(40.8655 0.220731 -0)
(40.8617 0.206091 -0)
(40.8582 0.191696 -0)
(40.8549 0.177523 -0)
(40.8518 0.163559 -0)
(40.849 0.149788 -0)
(40.8465 0.136192 -0)
(40.8442 0.122752 -0)
(40.8421 0.109456 -0)
(40.8402 0.0962863 -0)
(40.8386 0.083225 -0)
(40.8373 0.0702616 -0)
(40.8361 0.0573788 -0)
(40.8352 0.0445592 -0)
(40.8345 0.0317905 -0)
(40.8341 0.0190603 -0)
(40.8339 0.00635187 -0)
(40.9606 0.610654 -0)
(40.9519 0.586373 -0)
(40.9435 0.562773 -0)
(40.9351 0.539837 -0)
(40.9269 0.517544 -0)
(40.9191 0.495862 -0)
(40.9117 0.474758 -0)
(40.9047 0.454202 -0)
(40.898 0.434176 -0)
(40.8916 0.414655 -0)
(40.8855 0.395611 -0)
(40.8797 0.377031 -0)
(40.8741 0.358888 -0)
(40.8689 0.341158 -0)
(40.8639 0.323825 -0)
(40.8592 0.306874 -0)
(40.8547 0.290283 -0)
(40.8504 0.274029 -0)
(40.8464 0.258103 -0)
(40.8426 0.242481 -0)
(40.8391 0.227144 -0)
(40.8357 0.212078 -0)
(40.8326 0.197263 -0)
(40.8297 0.182678 -0)
(40.827 0.168307 -0)
(40.8245 0.154136 -0)
(40.8222 0.140145 -0)
(40.8202 0.126314 -0)
(40.8184 0.112632 -0)
(40.8167 0.0990798 -0)
(40.8153 0.0856394 -0)
(40.8141 0.0722999 -0)
(40.8131 0.0590433 -0)
(40.8123 0.0458517 -0)
(40.8117 0.0327126 -0)
(40.8113 0.0196131 -0)
(40.8111 0.00653607 -0)
(40.914 0.626323 -0)
(40.9066 0.601428 -0)
(40.8995 0.57723 -0)
(40.8923 0.553713 -0)
(40.8853 0.530852 -0)
(40.8786 0.508619 -0)
(40.8723 0.486978 -0)
(40.8663 0.465898 -0)
(40.8606 0.445363 -0)
(40.8551 0.425345 -0)
(40.8499 0.405817 -0)
(40.8449 0.386764 -0)
(40.8402 0.368159 -0)
(40.8357 0.349977 -0)
(40.8315 0.332203 -0)
(40.8274 0.314818 -0)
(40.8236 0.2978 -0)
(40.82 0.281129 -0)
(40.8166 0.264791 -0)
(40.8133 0.248765 -0)
(40.8103 0.23303 -0)
(40.8074 0.217573 -0)
(40.8048 0.202373 -0)
(40.8023 0.187408 -0)
(40.8 0.172664 -0)
(40.7979 0.158125 -0)
(40.7959 0.14377 -0)
(40.7942 0.129581 -0)
(40.7926 0.115544 -0)
(40.7912 0.101641 -0)
(40.79 0.0878528 -0)
(40.789 0.0741683 -0)
(40.7881 0.0605688 -0)
(40.7874 0.0470362 -0)
(40.7869 0.0335575 -0)
(40.7865 0.0201197 -0)
(40.7864 0.00670485 -0)
(40.8636 0.640119 -0)
(40.8576 0.614685 -0)
(40.8519 0.589964 -0)
(40.846 0.565936 -0)
(40.8403 0.542578 -0)
(40.8349 0.519861 -0)
(40.8297 0.497748 -0)
(40.8248 0.476209 -0)
(40.8201 0.455226 -0)
(40.8156 0.434772 -0)
(40.8114 0.414818 -0)
(40.8074 0.395349 -0)
(40.8035 0.376337 -0)
(40.7999 0.357758 -0)
(40.7964 0.339594 -0)
(40.7931 0.321828 -0)
(40.79 0.304436 -0)
(40.7871 0.287396 -0)
(40.7843 0.270696 -0)
(40.7816 0.254314 -0)
(40.7792 0.238228 -0)
(40.7768 0.222425 -0)
(40.7747 0.206885 -0)
(40.7726 0.191585 -0)
(40.7708 0.176511 -0)
(40.769 0.161646 -0)
(40.7674 0.14697 -0)
(40.766 0.132464 -0)
(40.7647 0.118114 -0)
(40.7636 0.103901 -0)
(40.7626 0.0898051 -0)
(40.7617 0.0758158 -0)
(40.761 0.0619138 -0)
(40.7604 0.0480805 -0)
(40.76 0.0343023 -0)
(40.7597 0.0205661 -0)
(40.7596 0.00685359 -0)
(40.8092 0.651545 -0)
(40.8048 0.62567 -0)
(40.8005 0.600519 -0)
(40.7961 0.576071 -0)
(40.7918 0.552302 -0)
(40.7877 0.529186 -0)
(40.7837 0.506684 -0)
(40.78 0.484766 -0)
(40.7765 0.463414 -0)
(40.7731 0.442598 -0)
(40.7699 0.422292 -0)
(40.7668 0.402479 -0)
(40.7639 0.383131 -0)
(40.7612 0.364223 -0)
(40.7586 0.345737 -0)
(40.7561 0.327655 -0)
(40.7537 0.309953 -0)
(40.7515 0.292608 -0)
(40.7494 0.275608 -0)
(40.7474 0.25893 -0)
(40.7456 0.242552 -0)
(40.7438 0.226463 -0)
(40.7422 0.210639 -0)
(40.7406 0.195061 -0)
(40.7392 0.179711 -0)
(40.7379 0.164575 -0)
(40.7367 0.149632 -0)
(40.7356 0.134861 -0)
(40.7346 0.12025 -0)
(40.7338 0.105779 -0)
(40.733 0.0914281 -0)
(40.7323 0.0771855 -0)
(40.7318 0.063032 -0)
(40.7314 0.0489486 -0)
(40.731 0.0349217 -0)
(40.7308 0.0209375 -0)
(40.7307 0.00697741 -0)
(40.7509 0.66004 -0)
(40.7481 0.633842 -0)
(40.7455 0.608375 -0)
(40.7426 0.583618 -0)
(40.7397 0.559548 -0)
(40.737 0.536137 -0)
(40.7344 0.513349 -0)
(40.7319 0.491151 -0)
(40.7296 0.469525 -0)
(40.7274 0.448443 -0)
(40.7253 0.427875 -0)
(40.7233 0.407807 -0)
(40.7214 0.38821 -0)
(40.7196 0.369058 -0)
(40.7179 0.350333 -0)
(40.7163 0.332016 -0)
(40.7148 0.314083 -0)
(40.7134 0.296511 -0)
(40.712 0.279286 -0)
(40.7107 0.262387 -0)
(40.7095 0.245792 -0)
(40.7084 0.229487 -0)
(40.7073 0.213452 -0)
(40.7063 0.197664 -0)
(40.7054 0.182108 -0)
(40.7045 0.166768 -0)
(40.7037 0.151624 -0)
(40.703 0.136655 -0)
(40.7023 0.121848 -0)
(40.7017 0.107183 -0)
(40.7012 0.0926398 -0)
(40.7008 0.0782073 -0)
(40.7004 0.0638655 -0)
(40.7001 0.0495952 -0)
(40.6999 0.0353825 -0)
(40.6998 0.0212134 -0)
(40.6997 0.00706918 -0)
(40.6886 0.664971 -0)
(40.6876 0.638592 -0)
(40.6867 0.612949 -0)
(40.6854 0.588018 -0)
(40.6841 0.563778 -0)
(40.6829 0.5402 -0)
(40.6817 0.517248 -0)
(40.6806 0.494891 -0)
(40.6796 0.473109 -0)
(40.6787 0.451874 -0)
(40.6777 0.431158 -0)
(40.6769 0.410943 -0)
(40.6761 0.391203 -0)
(40.6753 0.371911 -0)
(40.6746 0.353047 -0)
(40.6739 0.334595 -0)
(40.6732 0.316528 -0)
(40.6726 0.298825 -0)
(40.672 0.28147 -0)
(40.6715 0.264442 -0)
(40.671 0.247719 -0)
(40.6705 0.231288 -0)
(40.67 0.215127 -0)
(40.6696 0.199215 -0)
(40.6692 0.183537 -0)
(40.6688 0.168076 -0)
(40.6684 0.152812 -0)
(40.6681 0.137725 -0)
(40.6678 0.122801 -0)
(40.6675 0.108021 -0)
(40.6673 0.0933642 -0)
(40.6671 0.0788189 -0)
(40.6669 0.0643652 -0)
(40.6668 0.0499836 -0)
(40.6667 0.0356599 -0)
(40.6666 0.0213801 -0)
(40.6666 0.00712494 -0)
(40.6226 0.665637 -0)
(40.6234 0.639248 -0)
(40.6242 0.613594 -0)
(40.6248 0.58865 -0)
(40.6251 0.564395 -0)
(40.6255 0.540802 -0)
(40.6258 0.517834 -0)
(40.6262 0.49546 -0)
(40.6265 0.473662 -0)
(40.6269 0.45241 -0)
(40.6272 0.431676 -0)
(40.6276 0.411443 -0)
(40.6279 0.391685 -0)
(40.6282 0.372375 -0)
(40.6285 0.353494 -0)
(40.6288 0.335023 -0)
(40.6291 0.316938 -0)
(40.6293 0.299215 -0)
(40.6296 0.281841 -0)
(40.6298 0.264793 -0)
(40.63 0.248048 -0)
(40.6302 0.231595 -0)
(40.6304 0.215412 -0)
(40.6306 0.199478 -0)
(40.6307 0.183777 -0)
(40.6308 0.168294 -0)
(40.631 0.153008 -0)
(40.631 0.137898 -0)
(40.6311 0.122953 -0)
(40.6312 0.108152 -0)
(40.6312 0.0934755 -0)
(40.6313 0.0789109 -0)
(40.6313 0.0644387 -0)
(40.6314 0.0500394 -0)
(40.6314 0.0356988 -0)
(40.6314 0.0214028 -0)
(40.6314 0.00713219 -0)
(40.553 0.661269 -0)
(40.5558 0.635072 -0)
(40.5585 0.609602 -0)
(40.5608 0.584836 -0)
(40.5629 0.560752 -0)
(40.5649 0.537324 -0)
(40.5669 0.514516 -0)
(40.5687 0.492297 -0)
(40.5705 0.470648 -0)
(40.5723 0.449541 -0)
(40.574 0.428948 -0)
(40.5756 0.408853 -0)
(40.5771 0.389227 -0)
(40.5786 0.370047 -0)
(40.5799 0.351291 -0)
(40.5813 0.332943 -0)
(40.5825 0.314978 -0)
(40.5837 0.297371 -0)
(40.5848 0.28011 -0)
(40.5859 0.263172 -0)
(40.5869 0.246535 -0)
(40.5878 0.230187 -0)
(40.5887 0.214106 -0)
(40.5894 0.19827 -0)
(40.5902 0.182666 -0)
(40.5908 0.167278 -0)
(40.5914 0.152086 -0)
(40.592 0.137069 -0)
(40.5924 0.122215 -0)
(40.5929 0.107504 -0)
(40.5932 0.0929163 -0)
(40.5935 0.0784398 -0)
(40.5938 0.0640549 -0)
(40.594 0.0497421 -0)
(40.5941 0.0354872 -0)
(40.5942 0.0212764 -0)
(40.5943 0.0070903 -0)
(40.4802 0.651038 -0)
(40.4851 0.625264 -0)
(40.4897 0.600204 -0)
(40.494 0.575834 -0)
(40.4979 0.552133 -0)
(40.5016 0.529076 -0)
(40.5052 0.506628 -0)
(40.5087 0.484759 -0)
(40.512 0.463451 -0)
(40.5152 0.442675 -0)
(40.5183 0.422403 -0)
(40.5212 0.40262 -0)
(40.524 0.3833 -0)
(40.5266 0.364416 -0)
(40.5292 0.345951 -0)
(40.5316 0.327886 -0)
(40.5338 0.310198 -0)
(40.536 0.292862 -0)
(40.538 0.275865 -0)
(40.5399 0.259186 -0)
(40.5417 0.242802 -0)
(40.5434 0.226701 -0)
(40.545 0.210862 -0)
(40.5464 0.195266 -0)
(40.5477 0.179896 -0)
(40.549 0.164739 -0)
(40.5501 0.149774 -0)
(40.5511 0.134982 -0)
(40.552 0.120352 -0)
(40.5527 0.105862 -0)
(40.5534 0.0914944 -0)
(40.554 0.0772372 -0)
(40.5545 0.0630711 -0)
(40.5549 0.0489768 -0)
(40.5552 0.0349405 -0)
(40.5553 0.0209482 -0)
(40.5554 0.00698069 -0)
(40.405 0.634073 -0)
(40.4119 0.608991 -0)
(40.4186 0.584602 -0)
(40.4248 0.560883 -0)
(40.4306 0.537813 -0)
(40.4361 0.515369 -0)
(40.4414 0.493517 -0)
(40.4465 0.472227 -0)
(40.4514 0.451483 -0)
(40.4561 0.431255 -0)
(40.4606 0.411517 -0)
(40.4649 0.392255 -0)
(40.469 0.373442 -0)
(40.4729 0.355054 -0)
(40.4766 0.337072 -0)
(40.4801 0.31948 -0)
(40.4834 0.302253 -0)
(40.4866 0.28537 -0)
(40.4895 0.268816 -0)
(40.4923 0.252571 -0)
(40.4949 0.236612 -0)
(40.4974 0.220929 -0)
(40.4997 0.2055 -0)
(40.5018 0.190305 -0)
(40.5038 0.175331 -0)
(40.5056 0.160563 -0)
(40.5072 0.145982 -0)
(40.5087 0.131568 -0)
(40.51 0.11731 -0)
(40.5112 0.103189 -0)
(40.5122 0.0891857 -0)
(40.5131 0.0752896 -0)
(40.5138 0.0614816 -0)
(40.5144 0.0477431 -0)
(40.5148 0.0340606 -0)
(40.5151 0.0204208 -0)
(40.5153 0.00680504 -0)
(40.328 0.609457 -0)
(40.3371 0.585366 -0)
(40.3459 0.561939 -0)
(40.354 0.539153 -0)
(40.3618 0.516989 -0)
(40.3691 0.495425 -0)
(40.3762 0.47443 -0)
(40.383 0.453974 -0)
(40.3895 0.434041 -0)
(40.3957 0.414604 -0)
(40.4016 0.395637 -0)
(40.4073 0.377126 -0)
(40.4127 0.359045 -0)
(40.4179 0.341373 -0)
(40.4228 0.32409 -0)
(40.4274 0.307181 -0)
(40.4318 0.290622 -0)
(40.436 0.274392 -0)
(40.4399 0.258479 -0)
(40.4436 0.242861 -0)
(40.4471 0.227517 -0)
(40.4503 0.212438 -0)
(40.4534 0.197602 -0)
(40.4562 0.182991 -0)
(40.4588 0.168592 -0)
(40.4612 0.15439 -0)
(40.4633 0.140367 -0)
(40.4653 0.126506 -0)
(40.4671 0.112794 -0)
(40.4686 0.0992153 -0)
(40.47 0.0857502 -0)
(40.4711 0.0723884 -0)
(40.4721 0.0591118 -0)
(40.4729 0.0459026 -0)
(40.4734 0.0327475 -0)
(40.4738 0.0196336 -0)
(40.474 0.00654272 -0)
(40.2504 0.5763 -0)
(40.2617 0.553537 -0)
(40.2725 0.531399 -0)
(40.2827 0.509866 -0)
(40.2924 0.488918 -0)
(40.3016 0.468536 -0)
(40.3104 0.44869 -0)
(40.3189 0.429353 -0)
(40.327 0.410511 -0)
(40.3347 0.392136 -0)
(40.3421 0.374206 -0)
(40.3492 0.356706 -0)
(40.356 0.339614 -0)
(40.3624 0.322906 -0)
(40.3685 0.306568 -0)
(40.3743 0.290583 -0)
(40.3798 0.274929 -0)
(40.3849 0.259586 -0)
(40.3898 0.244541 -0)
(40.3944 0.229776 -0)
(40.3988 0.215269 -0)
(40.4028 0.201011 -0)
(40.4066 0.186982 -0)
(40.4101 0.173165 -0)
(40.4134 0.159546 -0)
(40.4163 0.146113 -0)
(40.4191 0.132848 -0)
(40.4215 0.119734 -0)
(40.4237 0.106761 -0)
(40.4257 0.0939108 -0)
(40.4274 0.0811677 -0)
(40.4289 0.0685213 -0)
(40.4301 0.0559549 -0)
(40.4311 0.0434515 -0)
(40.4318 0.030999 -0)
(40.4323 0.0185853 -0)
(40.4325 0.00619338 -0)
(40.1737 0.533729 -0)
(40.1871 0.512663 -0)
(40.2 0.492176 -0)
(40.2121 0.472245 -0)
(40.2237 0.452856 -0)
(40.2347 0.433988 -0)
(40.2453 0.415616 -0)
(40.2554 0.397714 -0)
(40.2651 0.380267 -0)
(40.2744 0.363253 -0)
(40.2833 0.34665 -0)
(40.2917 0.330444 -0)
(40.2998 0.314614 -0)
(40.3075 0.29914 -0)
(40.3148 0.284008 -0)
(40.3217 0.269202 -0)
(40.3283 0.254703 -0)
(40.3345 0.240491 -0)
(40.3403 0.226556 -0)
(40.3458 0.212879 -0)
(40.351 0.199441 -0)
(40.3558 0.186233 -0)
(40.3604 0.173238 -0)
(40.3645 0.160438 -0)
(40.3684 0.147821 -0)
(40.372 0.135377 -0)
(40.3752 0.123087 -0)
(40.3782 0.110938 -0)
(40.3808 0.0989181 -0)
(40.3831 0.0870131 -0)
(40.3852 0.0752068 -0)
(40.3869 0.0634899 -0)
(40.3883 0.0518469 -0)
(40.3895 0.0402621 -0)
(40.3904 0.0287241 -0)
(40.3909 0.0172217 -0)
(40.3912 0.00573907 -0)
(40.0996 0.480974 -0)
(40.115 0.462008 -0)
(40.1298 0.443562 -0)
(40.1439 0.425617 -0)
(40.1573 0.408158 -0)
(40.1701 0.391168 -0)
(40.1824 0.374623 -0)
(40.1941 0.358501 -0)
(40.2053 0.342788 -0)
(40.2161 0.327463 -0)
(40.2263 0.312506 -0)
(40.2361 0.297906 -0)
(40.2455 0.283644 -0)
(40.2544 0.269703 -0)
(40.2628 0.256067 -0)
(40.2708 0.242726 -0)
(40.2784 0.229661 -0)
(40.2856 0.216854 -0)
(40.2924 0.204296 -0)
(40.2987 0.19197 -0)
(40.3047 0.17986 -0)
(40.3103 0.167957 -0)
(40.3155 0.156244 -0)
(40.3204 0.144706 -0)
(40.3249 0.133332 -0)
(40.329 0.122112 -0)
(40.3328 0.111032 -0)
(40.3362 0.100076 -0)
(40.3393 0.0892358 -0)
(40.342 0.0784982 -0)
(40.3444 0.0678487 -0)
(40.3464 0.0572792 -0)
(40.3481 0.0467757 -0)
(40.3494 0.0363242 -0)
(40.3505 0.0259147 -0)
(40.3511 0.0155372 -0)
(40.3515 0.00517768 -0)
(40.0302 0.41743 -0)
(40.0475 0.400981 -0)
(40.0642 0.384981 -0)
(40.0801 0.369413 -0)
(40.0952 0.354267 -0)
(40.1097 0.339526 -0)
(40.1235 0.325172 -0)
(40.1367 0.311183 -0)
(40.1494 0.297549 -0)
(40.1615 0.284251 -0)
(40.173 0.271271 -0)
(40.1841 0.2586 -0)
(40.1946 0.246222 -0)
(40.2046 0.234121 -0)
(40.2142 0.222285 -0)
(40.2232 0.210704 -0)
(40.2318 0.199363 -0)
(40.2399 0.188247 -0)
(40.2475 0.177346 -0)
(40.2547 0.166648 -0)
(40.2614 0.156137 -0)
(40.2677 0.145805 -0)
(40.2736 0.135639 -0)
(40.2791 0.125625 -0)
(40.2841 0.115754 -0)
(40.2888 0.106016 -0)
(40.293 0.0963989 -0)
(40.2969 0.0868895 -0)
(40.3003 0.0774807 -0)
(40.3033 0.06816 -0)
(40.306 0.0589152 -0)
(40.3083 0.0497392 -0)
(40.3102 0.0406198 -0)
(40.3117 0.0315448 -0)
(40.3128 0.0225057 -0)
(40.3136 0.0134937 -0)
(40.3139 0.00449686 -0)
(39.9681 0.34277 -0)
(39.9871 0.329271 -0)
(40.0055 0.316136 -0)
(40.0229 0.303356 -0)
(40.0396 0.290923 -0)
(40.0555 0.278825 -0)
(40.0707 0.267045 -0)
(40.0852 0.255568 -0)
(40.0992 0.244384 -0)
(40.1125 0.233475 -0)
(40.1253 0.222828 -0)
(40.1374 0.212433 -0)
(40.149 0.202278 -0)
(40.16 0.192348 -0)
(40.1705 0.182635 -0)
(40.1805 0.17313 -0)
(40.1899 0.163819 -0)
(40.1988 0.154692 -0)
(40.2072 0.145741 -0)
(40.2152 0.136955 -0)
(40.2226 0.128321 -0)
(40.2295 0.119834 -0)
(40.236 0.111482 -0)
(40.2421 0.103254 -0)
(40.2476 0.095143 -0)
(40.2528 0.0871406 -0)
(40.2574 0.0792365 -0)
(40.2617 0.0714206 -0)
(40.2655 0.0636869 -0)
(40.2689 0.0560254 -0)
(40.2718 0.0484261 -0)
(40.2743 0.0408832 -0)
(40.2764 0.0333869 -0)
(40.2781 0.0259273 -0)
(40.2793 0.0184974 -0)
(40.2802 0.0110901 -0)
(40.2806 0.00369566 -0)
(39.9163 0.257002 -0)
(39.9367 0.246878 -0)
(39.9564 0.237027 -0)
(39.9752 0.227443 -0)
(39.9932 0.218118 -0)
(40.0103 0.209044 -0)
(40.0267 0.200211 -0)
(40.0424 0.191605 -0)
(40.0574 0.183219 -0)
(40.0718 0.175041 -0)
(40.0855 0.167059 -0)
(40.0986 0.159267 -0)
(40.1111 0.151655 -0)
(40.1229 0.144212 -0)
(40.1342 0.136931 -0)
(40.1449 0.129807 -0)
(40.1551 0.122829 -0)
(40.1646 0.115988 -0)
(40.1737 0.109279 -0)
(40.1822 0.102695 -0)
(40.1902 0.0962244 -0)
(40.1977 0.0898642 -0)
(40.2046 0.0836053 -0)
(40.2111 0.0774395 -0)
(40.2171 0.0713608 -0)
(40.2226 0.0653634 -0)
(40.2276 0.0594392 -0)
(40.2322 0.0535805 -0)
(40.2362 0.0477827 -0)
(40.2398 0.0420381 -0)
(40.243 0.0363392 -0)
(40.2457 0.0306816 -0)
(40.2479 0.025058 -0)
(40.2497 0.0194609 -0)
(40.2511 0.0138851 -0)
(40.252 0.00832544 -0)
(40.2524 0.00277464 -0)
(39.8779 0.160673 -0)
(39.8994 0.154389 -0)
(39.9201 0.148253 -0)
(39.9399 0.142268 -0)
(39.9588 0.136438 -0)
(39.9768 0.130761 -0)
(39.9941 0.125234 -0)
(40.0106 0.119849 -0)
(40.0264 0.114602 -0)
(40.0415 0.109486 -0)
(40.056 0.104494 -0)
(40.0698 0.0996213 -0)
(40.0829 0.094861 -0)
(40.0954 0.0902067 -0)
(40.1073 0.085654 -0)
(40.1185 0.0811983 -0)
(40.1292 0.0768338 -0)
(40.1393 0.0725549 -0)
(40.1489 0.0683583 -0)
(40.1578 0.0642384 -0)
(40.1663 0.0601901 -0)
(40.1741 0.05621 -0)
(40.1815 0.0522932 -0)
(40.1883 0.0484344 -0)
(40.1946 0.0446301 -0)
(40.2004 0.0408766 -0)
(40.2057 0.0371692 -0)
(40.2105 0.033503 -0)
(40.2148 0.0298752 -0)
(40.2186 0.0262811 -0)
(40.2219 0.0227162 -0)
(40.2248 0.0191777 -0)
(40.2271 0.015661 -0)
(40.229 0.0121616 -0)
(40.2305 0.00867618 -0)
(40.2314 0.00520156 -0)
(40.2319 0.00173321 -0)
(39.8574 0.0549985 -0)
(39.8793 0.052884 -0)
(39.9004 0.050804 -0)
(39.9206 0.0487668 -0)
(39.9399 0.0467782 -0)
(39.9585 0.0448409 -0)
(39.9763 0.0429548 -0)
(39.9933 0.0411185 -0)
(40.0095 0.0393304 -0)
(40.025 0.037588 -0)
(40.0399 0.0358884 -0)
(40.054 0.0342297 -0)
(40.0675 0.0326092 -0)
(40.0804 0.0310246 -0)
(40.0926 0.029474 -0)
(40.1041 0.0279557 -0)
(40.1151 0.0264677 -0)
(40.1255 0.0250078 -0)
(40.1352 0.0235748 -0)
(40.1444 0.0221668 -0)
(40.1531 0.0207819 -0)
(40.1612 0.0194189 -0)
(40.1687 0.0180759 -0)
(40.1757 0.0167513 -0)
(40.1821 0.0154436 -0)
(40.1881 0.0141518 -0)
(40.1935 0.0128741 -0)
(40.1984 0.0116089 -0)
(40.2028 0.0103555 -0)
(40.2067 0.00911235 -0)
(40.2101 0.00787801 -0)
(40.2131 0.0066518 -0)
(40.2155 0.0054324 -0)
(40.2174 0.0042185 -0)
(40.2189 0.00300928 -0)
(40.2198 0.00180391 -0)
(40.2203 0.000601121 -0)
)
;

boundaryField
{
    ground
    {
        type            extrapolatedCalculated;
        value           nonuniform List<vector> 
98
(
(40.2204 -0.000600104 -0)
(40.2319 -0.00173804 -0)
(40.2525 -0.00277136 -0)
(40.2805 -0.00369599 -0)
(40.314 -0.00449504 -0)
(40.3514 -0.0051758 -0)
(40.3912 -0.00573874 -0)
(40.4324 -0.00619173 -0)
(40.474 -0.00654434 -0)
(40.5151 -0.00680458 -0)
(40.5554 -0.0069835 -0)
(40.5942 -0.00709044 -0)
(40.6313 -0.0071348 -0)
(40.6665 -0.00712565 -0)
(40.6996 -0.00707102 -0)
(40.7306 -0.00697842 -0)
(40.7595 -0.00685456 -0)
(40.7862 -0.0067054 -0)
(40.811 -0.0065362 -0)
(40.8337 -0.0063516 -0)
(40.8546 -0.0061556 -0)
(40.8738 -0.0059517 -0)
(40.8912 -0.00574286 -0)
(40.9072 -0.00553155 -0)
(40.9217 -0.00531984 -0)
(40.9349 -0.0051095 -0)
(40.9469 -0.00490189 -0)
(40.9577 -0.00469813 -0)
(40.9676 -0.00449909 -0)
(40.9765 -0.00430546 -0)
(40.9848 -0.00411347 -0)
(40.9926 -0.00391808 -0)
(41 -0.00371833 -0)
(41.0071 -0.00351444 -0)
(41.0137 -0.00330663 -0)
(41.0199 -0.00309511 -0)
(41.0258 -0.00288012 -0)
(41.0312 -0.00266184 -0)
(41.0361 -0.00244061 -0)
(41.0407 -0.00221663 -0)
(41.0448 -0.00199014 -0)
(41.0484 -0.00176141 -0)
(41.0516 -0.00153065 -0)
(41.0544 -0.0012982 -0)
(41.0567 -0.00106429 -0)
(41.0585 -0.000829183 -0)
(41.0599 -0.000593139 -0)
(41.0608 -0.00035643 -0)
(41.0613 -0.00011932 -0)
(41.0613 0.000117966 -0)
(41.0608 0.000355068 -0)
(41.0599 0.000591765 -0)
(41.0585 0.000827786 -0)
(41.0567 0.00106286 -0)
(41.0544 0.00129673 -0)
(41.0516 0.00152912 -0)
(41.0484 0.00175982 -0)
(41.0448 0.00198846 -0)
(41.0407 0.00221485 -0)
(41.0362 0.00243872 -0)
(41.0312 0.00265983 -0)
(41.0258 0.00287799 -0)
(41.02 0.00309286 -0)
(41.0138 0.00330428 -0)
(41.0071 0.00351202 -0)
(41.0001 0.00371589 -0)
(40.9927 0.00391568 -0)
(40.9848 0.00411122 -0)
(40.9766 0.00430348 -0)
(40.9677 0.00449753 -0)
(40.9578 0.00469706 -0)
(40.947 0.00490132 -0)
(40.935 0.0051094 -0)
(40.9218 0.00532013 -0)
(40.9073 0.00553211 -0)
(40.8913 0.00574355 -0)
(40.8738 0.00595238 -0)
(40.8547 0.00615614 -0)
(40.8338 0.00635187 -0)
(40.811 0.00653607 -0)
(40.7863 0.00670485 -0)
(40.7596 0.00685359 -0)
(40.7307 0.00697741 -0)
(40.6997 0.00706918 -0)
(40.6666 0.00712494 -0)
(40.6314 0.00713219 -0)
(40.5943 0.0070903 -0)
(40.5555 0.00698069 -0)
(40.5153 0.00680504 -0)
(40.474 0.00654272 -0)
(40.4326 0.00619338 -0)
(40.3913 0.00573907 -0)
(40.3516 0.00517768 -0)
(40.314 0.00449686 -0)
(40.2807 0.00369566 -0)
(40.2525 0.00277464 -0)
(40.232 0.00173321 -0)
(40.2205 0.000601121 -0)
)
;
    }
    topBotBoundaries
    {
        type            extrapolatedCalculated;
        value           nonuniform List<vector> 
74
(
(39.8571 -0 -0)
(39.879 -0 -0)
(39.9002 -0 -0)
(39.9205 -0 -0)
(39.9399 -0 -0)
(39.9585 -0 -0)
(39.9762 -0 -0)
(39.9932 -0 -0)
(40.0094 -0 -0)
(40.025 -0 -0)
(40.0398 -0 -0)
(40.0539 -0 -0)
(40.0674 -0 -0)
(40.0802 -0 -0)
(40.0924 -0 -0)
(40.104 -0 -0)
(40.115 -0 -0)
(40.1253 -0 -0)
(40.1351 -0 -0)
(40.1443 -0 -0)
(40.1529 -0 -0)
(40.161 -0 -0)
(40.1686 -0 -0)
(40.1756 -0 -0)
(40.182 -0 -0)
(40.188 -0 -0)
(40.1934 -0 -0)
(40.1983 -0 -0)
(40.2027 -0 -0)
(40.2066 -0 -0)
(40.2101 -0 -0)
(40.213 -0 -0)
(40.2154 -0 -0)
(40.2173 -0 -0)
(40.2188 -0 -0)
(40.2198 -0 -0)
(40.2202 -0 -0)
(39.8574 -0 -0)
(39.8793 -0 -0)
(39.9004 -0 -0)
(39.9206 -0 -0)
(39.9399 -0 -0)
(39.9585 -0 -0)
(39.9763 -0 -0)
(39.9933 -0 -0)
(40.0095 -0 -0)
(40.025 -0 -0)
(40.0399 -0 -0)
(40.054 -0 -0)
(40.0675 -0 -0)
(40.0804 -0 -0)
(40.0926 -0 -0)
(40.1041 -0 -0)
(40.1151 -0 -0)
(40.1255 -0 -0)
(40.1352 -0 -0)
(40.1444 -0 -0)
(40.1531 -0 -0)
(40.1612 -0 -0)
(40.1687 -0 -0)
(40.1757 -0 -0)
(40.1821 -0 -0)
(40.1881 -0 -0)
(40.1935 -0 -0)
(40.1984 -0 -0)
(40.2028 -0 -0)
(40.2067 -0 -0)
(40.2101 -0 -0)
(40.2131 -0 -0)
(40.2155 -0 -0)
(40.2174 -0 -0)
(40.2189 -0 -0)
(40.2198 -0 -0)
(40.2203 -0 -0)
)
;
    }
    frontBack
    {
        type            empty;
    }
    dielectric_to_region0
    {
        type            extrapolatedCalculated;
        value           nonuniform List<vector> 
98
(
(39.8459 -0.0550575 -0)
(39.8669 -0.16073 -0)
(39.9059 -0.257035 -0)
(39.9584 -0.342788 -0)
(40.0214 -0.417449 -0)
(40.0917 -0.480997 -0)
(40.1669 -0.53373 -0)
(40.2447 -0.576301 -0)
(40.3234 -0.609451 -0)
(40.4014 -0.634068 -0)
(40.4778 -0.651027 -0)
(40.5516 -0.661264 -0)
(40.6222 -0.665627 -0)
(40.6892 -0.664965 -0)
(40.7523 -0.660034 -0)
(40.8115 -0.651541 -0)
(40.8666 -0.640118 -0)
(40.9178 -0.626328 -0)
(40.9651 -0.610664 -0)
(41.0086 -0.59356 -0)
(41.0486 -0.575391 -0)
(41.0853 -0.556479 -0)
(41.1188 -0.537099 -0)
(41.1493 -0.517478 -0)
(41.1771 -0.497809 -0)
(41.2025 -0.478253 -0)
(41.2255 -0.458939 -0)
(41.2463 -0.439972 -0)
(41.2653 -0.421433 -0)
(41.2824 -0.403384 -0)
(41.2983 -0.385474 -0)
(41.3134 -0.36723 -0)
(41.3277 -0.348563 -0)
(41.3413 -0.329494 -0)
(41.3541 -0.310046 -0)
(41.3662 -0.290243 -0)
(41.3774 -0.270106 -0)
(41.3879 -0.249655 -0)
(41.3975 -0.228922 -0)
(41.4062 -0.207927 -0)
(41.4142 -0.186692 -0)
(41.4212 -0.165243 -0)
(41.4274 -0.1436 -0)
(41.4328 -0.121796 -0)
(41.4372 -0.0998516 -0)
(41.4408 -0.0777925 -0)
(41.4435 -0.055644 -0)
(41.4453 -0.0334315 -0)
(41.4462 -0.0111807 -0)
(41.4462 0.011087 -0)
(41.4453 0.0333374 -0)
(41.4435 0.055549 -0)
(41.4408 0.0776964 -0)
(41.4372 0.0997539 -0)
(41.4328 0.121696 -0)
(41.4274 0.143498 -0)
(41.4212 0.165139 -0)
(41.4142 0.186585 -0)
(41.4062 0.207816 -0)
(41.3975 0.228808 -0)
(41.3879 0.249537 -0)
(41.3774 0.269982 -0)
(41.3662 0.290114 -0)
(41.3542 0.309911 -0)
(41.3413 0.329352 -0)
(41.3277 0.348413 -0)
(41.3134 0.367074 -0)
(41.2984 0.385315 -0)
(41.2825 0.403229 -0)
(41.2653 0.421289 -0)
(41.2464 0.439845 -0)
(41.2256 0.458831 -0)
(41.2026 0.478163 -0)
(41.1773 0.497735 -0)
(41.1494 0.517419 -0)
(41.1189 0.537052 -0)
(41.0854 0.556443 -0)
(41.0487 0.575365 -0)
(41.0087 0.593543 -0)
(40.9652 0.610654 -0)
(40.9179 0.626323 -0)
(40.8667 0.640119 -0)
(40.8116 0.651545 -0)
(40.7524 0.66004 -0)
(40.6893 0.664971 -0)
(40.6223 0.665637 -0)
(40.5517 0.661269 -0)
(40.4779 0.651038 -0)
(40.4015 0.634073 -0)
(40.3235 0.609457 -0)
(40.2448 0.5763 -0)
(40.167 0.533729 -0)
(40.0918 0.480974 -0)
(40.0215 0.41743 -0)
(39.9585 0.34277 -0)
(39.9059 0.257002 -0)
(39.867 0.160673 -0)
(39.8462 0.0549985 -0)
)
;
    }
}


// ************************************************************************* //
