/*--------------------------------*- C++ -*----------------------------------*\
  =========                 |
  \\      /  F ield         | OpenFOAM: The Open Source CFD Toolbox
   \\    /   O peration     | Website:  https://openfoam.org
    \\  /    A nd           | Version:  7
     \\/     M anipulation  |
\*---------------------------------------------------------------------------*/
FoamFile
{
    version     2.0;
    format      ascii;
    class       volScalarField;
    location    "0.2/solid";
    object      Tsolid;
}
// * * * * * * * * * * * * * * * * * * * * * * * * * * * * * * * * * * * * * //

dimensions      [0 0 0 1 0 0 0];

internalField   nonuniform List<scalar> 
1600
(
303.497
303.408
303.32
303.231
303.143
303.054
302.966
302.877
302.789
302.7
302.612
302.523
302.435
302.346
302.257
302.169
302.08
301.992
301.903
301.815
301.726
301.637
301.549
301.46
301.372
301.283
301.195
301.106
301.018
300.929
300.841
300.752
300.664
300.575
300.487
300.398
300.31
300.221
300.133
300.044
303.497
303.409
303.32
303.231
303.143
303.054
302.966
302.877
302.789
302.7
302.612
302.523
302.435
302.346
302.257
302.169
302.08
301.992
301.903
301.815
301.726
301.637
301.549
301.46
301.372
301.283
301.195
301.106
301.018
300.929
300.841
300.752
300.664
300.575
300.487
300.398
300.31
300.221
300.133
300.044
303.497
303.409
303.32
303.231
303.143
303.054
302.966
302.877
302.789
302.7
302.612
302.523
302.435
302.346
302.257
302.169
302.08
301.992
301.903
301.815
301.726
301.637
301.549
301.46
301.372
301.283
301.195
301.106
301.018
300.929
300.841
300.752
300.664
300.575
300.487
300.398
300.31
300.221
300.133
300.044
303.497
303.409
303.32
303.231
303.143
303.054
302.966
302.877
302.789
302.7
302.612
302.523
302.435
302.346
302.257
302.169
302.08
301.992
301.903
301.815
301.726
301.638
301.549
301.46
301.372
301.283
301.195
301.106
301.018
300.929
300.841
300.752
300.664
300.575
300.487
300.398
300.31
300.221
300.133
300.044
303.497
303.409
303.32
303.231
303.143
303.054
302.966
302.877
302.789
302.7
302.612
302.523
302.435
302.346
302.257
302.169
302.08
301.992
301.903
301.815
301.726
301.638
301.549
301.46
301.372
301.283
301.195
301.106
301.018
300.929
300.841
300.752
300.664
300.575
300.487
300.398
300.31
300.221
300.133
300.044
303.497
303.409
303.32
303.231
303.143
303.054
302.966
302.877
302.789
302.7
302.612
302.523
302.435
302.346
302.258
302.169
302.08
301.992
301.903
301.815
301.726
301.638
301.549
301.461
301.372
301.283
301.195
301.106
301.018
300.929
300.841
300.752
300.664
300.575
300.487
300.398
300.31
300.221
300.133
300.044
303.497
303.409
303.32
303.231
303.143
303.054
302.966
302.877
302.789
302.7
302.612
302.523
302.435
302.346
302.258
302.169
302.08
301.992
301.903
301.815
301.726
301.638
301.549
301.461
301.372
301.283
301.195
301.106
301.018
300.929
300.841
300.752
300.664
300.575
300.487
300.398
300.31
300.221
300.133
300.044
303.497
303.409
303.32
303.231
303.143
303.054
302.966
302.877
302.789
302.7
302.612
302.523
302.435
302.346
302.258
302.169
302.08
301.992
301.903
301.815
301.726
301.638
301.549
301.461
301.372
301.283
301.195
301.106
301.018
300.929
300.841
300.752
300.664
300.575
300.487
300.398
300.31
300.221
300.133
300.044
303.497
303.409
303.32
303.231
303.143
303.054
302.966
302.877
302.789
302.7
302.612
302.523
302.435
302.346
302.258
302.169
302.08
301.992
301.903
301.815
301.726
301.638
301.549
301.461
301.372
301.284
301.195
301.106
301.018
300.929
300.841
300.752
300.664
300.575
300.487
300.398
300.31
300.221
300.133
300.044
303.497
303.409
303.32
303.231
303.143
303.054
302.966
302.877
302.789
302.7
302.612
302.523
302.435
302.346
302.258
302.169
302.08
301.992
301.903
301.815
301.726
301.638
301.549
301.461
301.372
301.284
301.195
301.106
301.018
300.929
300.841
300.752
300.664
300.575
300.487
300.398
300.31
300.221
300.133
300.044
303.497
303.409
303.32
303.231
303.143
303.054
302.966
302.877
302.789
302.7
302.612
302.523
302.435
302.346
302.258
302.169
302.08
301.992
301.903
301.815
301.726
301.638
301.549
301.461
301.372
301.284
301.195
301.106
301.018
300.929
300.841
300.752
300.664
300.575
300.487
300.398
300.31
300.221
300.133
300.044
303.497
303.409
303.32
303.231
303.143
303.054
302.966
302.877
302.789
302.7
302.612
302.523
302.435
302.346
302.258
302.169
302.08
301.992
301.903
301.815
301.726
301.638
301.549
301.461
301.372
301.284
301.195
301.106
301.018
300.929
300.841
300.752
300.664
300.575
300.487
300.398
300.31
300.221
300.133
300.044
303.497
303.409
303.32
303.231
303.143
303.054
302.966
302.877
302.789
302.7
302.612
302.523
302.435
302.346
302.258
302.169
302.081
301.992
301.903
301.815
301.726
301.638
301.549
301.461
301.372
301.284
301.195
301.107
301.018
300.929
300.841
300.752
300.664
300.575
300.487
300.398
300.31
300.221
300.133
300.044
303.497
303.409
303.32
303.231
303.143
303.054
302.966
302.877
302.789
302.7
302.612
302.523
302.435
302.346
302.258
302.169
302.081
301.992
301.903
301.815
301.726
301.638
301.549
301.461
301.372
301.284
301.195
301.107
301.018
300.929
300.841
300.752
300.664
300.575
300.487
300.398
300.31
300.221
300.133
300.044
303.497
303.409
303.32
303.231
303.143
303.054
302.966
302.877
302.789
302.7
302.612
302.523
302.435
302.346
302.258
302.169
302.081
301.992
301.903
301.815
301.726
301.638
301.549
301.461
301.372
301.284
301.195
301.107
301.018
300.929
300.841
300.752
300.664
300.575
300.487
300.398
300.31
300.221
300.133
300.044
303.497
303.409
303.32
303.231
303.143
303.054
302.966
302.877
302.789
302.7
302.612
302.523
302.435
302.346
302.258
302.169
302.081
301.992
301.904
301.815
301.726
301.638
301.549
301.461
301.372
301.284
301.195
301.107
301.018
300.929
300.841
300.752
300.664
300.575
300.487
300.398
300.31
300.221
300.133
300.044
303.497
303.409
303.32
303.231
303.143
303.054
302.966
302.877
302.789
302.7
302.612
302.523
302.435
302.346
302.258
302.169
302.081
301.992
301.904
301.815
301.726
301.638
301.549
301.461
301.372
301.284
301.195
301.107
301.018
300.929
300.841
300.752
300.664
300.575
300.487
300.398
300.31
300.221
300.133
300.044
303.497
303.409
303.32
303.231
303.143
303.054
302.966
302.877
302.789
302.7
302.612
302.523
302.435
302.346
302.258
302.169
302.081
301.992
301.904
301.815
301.726
301.638
301.549
301.461
301.372
301.284
301.195
301.107
301.018
300.93
300.841
300.752
300.664
300.575
300.487
300.398
300.31
300.221
300.133
300.044
303.497
303.409
303.32
303.231
303.143
303.054
302.966
302.877
302.789
302.7
302.612
302.523
302.435
302.346
302.258
302.169
302.081
301.992
301.904
301.815
301.726
301.638
301.549
301.461
301.372
301.284
301.195
301.107
301.018
300.93
300.841
300.752
300.664
300.575
300.487
300.398
300.31
300.221
300.133
300.044
303.497
303.409
303.32
303.231
303.143
303.054
302.966
302.877
302.789
302.7
302.612
302.523
302.435
302.346
302.258
302.169
302.081
301.992
301.904
301.815
301.726
301.638
301.549
301.461
301.372
301.284
301.195
301.107
301.018
300.93
300.841
300.752
300.664
300.575
300.487
300.398
300.31
300.221
300.133
300.044
303.497
303.409
303.32
303.231
303.143
303.054
302.966
302.877
302.789
302.7
302.612
302.523
302.435
302.346
302.258
302.169
302.081
301.992
301.904
301.815
301.727
301.638
301.549
301.461
301.372
301.284
301.195
301.107
301.018
300.93
300.841
300.753
300.664
300.575
300.487
300.398
300.31
300.221
300.133
300.044
303.497
303.409
303.32
303.231
303.143
303.054
302.966
302.877
302.789
302.7
302.612
302.523
302.435
302.346
302.258
302.169
302.081
301.992
301.904
301.815
301.727
301.638
301.549
301.461
301.372
301.284
301.195
301.107
301.018
300.93
300.841
300.753
300.664
300.576
300.487
300.398
300.31
300.221
300.133
300.044
303.497
303.409
303.32
303.231
303.143
303.054
302.966
302.877
302.789
302.7
302.612
302.523
302.435
302.346
302.258
302.169
302.081
301.992
301.904
301.815
301.727
301.638
301.549
301.461
301.372
301.284
301.195
301.107
301.018
300.93
300.841
300.753
300.664
300.576
300.487
300.398
300.31
300.221
300.133
300.044
303.497
303.409
303.32
303.231
303.143
303.054
302.966
302.877
302.789
302.7
302.612
302.523
302.435
302.346
302.258
302.169
302.081
301.992
301.904
301.815
301.726
301.638
301.549
301.461
301.372
301.284
301.195
301.107
301.018
300.93
300.841
300.753
300.664
300.576
300.487
300.398
300.31
300.221
300.133
300.044
303.497
303.408
303.32
303.231
303.143
303.054
302.966
302.877
302.789
302.7
302.612
302.523
302.435
302.346
302.258
302.169
302.081
301.992
301.904
301.815
301.726
301.638
301.549
301.461
301.372
301.284
301.195
301.107
301.018
300.93
300.841
300.753
300.664
300.576
300.487
300.399
300.31
300.221
300.133
300.044
303.497
303.408
303.32
303.231
303.143
303.054
302.966
302.877
302.789
302.7
302.612
302.523
302.435
302.346
302.258
302.169
302.081
301.992
301.904
301.815
301.726
301.638
301.549
301.461
301.372
301.284
301.195
301.107
301.018
300.93
300.841
300.753
300.664
300.576
300.487
300.399
300.31
300.221
300.133
300.044
303.497
303.408
303.32
303.231
303.143
303.054
302.966
302.877
302.789
302.7
302.612
302.523
302.435
302.346
302.258
302.169
302.081
301.992
301.904
301.815
301.726
301.638
301.549
301.461
301.372
301.284
301.195
301.107
301.018
300.93
300.841
300.753
300.664
300.576
300.487
300.399
300.31
300.221
300.133
300.044
303.497
303.408
303.32
303.231
303.143
303.054
302.966
302.877
302.789
302.7
302.612
302.523
302.435
302.346
302.258
302.169
302.081
301.992
301.904
301.815
301.726
301.638
301.549
301.461
301.372
301.284
301.195
301.107
301.018
300.93
300.841
300.753
300.664
300.576
300.487
300.399
300.31
300.221
300.133
300.044
303.497
303.408
303.32
303.231
303.143
303.054
302.966
302.877
302.789
302.7
302.612
302.523
302.435
302.346
302.258
302.169
302.081
301.992
301.903
301.815
301.726
301.638
301.549
301.461
301.372
301.284
301.195
301.107
301.018
300.93
300.841
300.753
300.664
300.576
300.487
300.399
300.31
300.221
300.133
300.044
303.497
303.408
303.32
303.231
303.143
303.054
302.966
302.877
302.789
302.7
302.612
302.523
302.435
302.346
302.258
302.169
302.081
301.992
301.903
301.815
301.726
301.638
301.549
301.461
301.372
301.284
301.195
301.107
301.018
300.93
300.841
300.753
300.664
300.576
300.487
300.399
300.31
300.221
300.133
300.044
303.497
303.408
303.32
303.231
303.143
303.054
302.966
302.877
302.789
302.7
302.612
302.523
302.435
302.346
302.258
302.169
302.08
301.992
301.903
301.815
301.726
301.638
301.549
301.461
301.372
301.284
301.195
301.107
301.018
300.93
300.841
300.753
300.664
300.576
300.487
300.399
300.31
300.221
300.133
300.044
303.497
303.408
303.32
303.231
303.143
303.054
302.966
302.877
302.789
302.7
302.612
302.523
302.435
302.346
302.258
302.169
302.08
301.992
301.903
301.815
301.726
301.638
301.549
301.461
301.372
301.284
301.195
301.107
301.018
300.93
300.841
300.753
300.664
300.576
300.487
300.399
300.31
300.221
300.133
300.044
303.497
303.408
303.32
303.231
303.143
303.054
302.966
302.877
302.789
302.7
302.612
302.523
302.435
302.346
302.258
302.169
302.08
301.992
301.903
301.815
301.726
301.638
301.549
301.461
301.372
301.284
301.195
301.107
301.018
300.93
300.841
300.753
300.664
300.576
300.487
300.399
300.31
300.222
300.133
300.044
303.497
303.408
303.32
303.231
303.143
303.054
302.966
302.877
302.789
302.7
302.612
302.523
302.435
302.346
302.258
302.169
302.08
301.992
301.903
301.815
301.726
301.638
301.549
301.461
301.372
301.284
301.195
301.107
301.018
300.93
300.841
300.753
300.664
300.576
300.487
300.399
300.31
300.222
300.133
300.044
303.497
303.408
303.32
303.231
303.143
303.054
302.966
302.877
302.789
302.7
302.612
302.523
302.435
302.346
302.258
302.169
302.08
301.992
301.903
301.815
301.726
301.638
301.549
301.461
301.372
301.284
301.195
301.107
301.018
300.93
300.841
300.753
300.664
300.576
300.487
300.399
300.31
300.222
300.133
300.044
303.497
303.408
303.32
303.231
303.143
303.054
302.966
302.877
302.789
302.7
302.612
302.523
302.435
302.346
302.257
302.169
302.08
301.992
301.903
301.815
301.726
301.638
301.549
301.461
301.372
301.284
301.195
301.107
301.018
300.93
300.841
300.753
300.664
300.576
300.487
300.399
300.31
300.222
300.133
300.044
303.497
303.408
303.32
303.231
303.143
303.054
302.966
302.877
302.789
302.7
302.612
302.523
302.435
302.346
302.257
302.169
302.08
301.992
301.903
301.815
301.726
301.638
301.549
301.461
301.372
301.284
301.195
301.107
301.018
300.93
300.841
300.753
300.664
300.576
300.487
300.399
300.31
300.222
300.133
300.044
303.497
303.408
303.32
303.231
303.143
303.054
302.966
302.877
302.789
302.7
302.612
302.523
302.435
302.346
302.257
302.169
302.08
301.992
301.903
301.815
301.726
301.638
301.549
301.461
301.372
301.284
301.195
301.107
301.018
300.93
300.841
300.753
300.664
300.576
300.487
300.399
300.31
300.222
300.133
300.044
303.497
303.408
303.32
303.231
303.143
303.054
302.966
302.877
302.789
302.7
302.612
302.523
302.435
302.346
302.257
302.169
302.08
301.992
301.903
301.815
301.726
301.638
301.549
301.461
301.372
301.284
301.195
301.107
301.018
300.93
300.841
300.753
300.664
300.576
300.487
300.399
300.31
300.222
300.133
300.044
303.497
303.408
303.32
303.231
303.143
303.054
302.966
302.877
302.789
302.7
302.612
302.523
302.435
302.346
302.257
302.169
302.08
301.992
301.903
301.815
301.726
301.638
301.549
301.461
301.372
301.284
301.195
301.107
301.018
300.93
300.841
300.753
300.664
300.576
300.487
300.399
300.31
300.221
300.133
300.044
)
;

boundaryField
{
    topWall
    {
        type            zeroGradient;
    }
    rightWall
    {
        type            fixedValue;
        value           uniform 300;
    }
    bottomWall
    {
        type            zeroGradient;
    }
    frontAndBack
    {
        type            empty;
    }
    solid_to_region0
    {
        type            compressible::turbulentTemperatureCoupledBaffleMixed;
        refValue        nonuniform List<scalar> 
40
(
303.984
303.984
303.984
303.984
303.984
303.984
303.984
303.984
303.984
303.984
303.984
303.984
303.984
303.984
303.984
303.984
303.984
303.984
303.984
303.984
303.984
303.984
303.984
303.984
303.984
303.984
303.984
303.984
303.984
303.984
303.984
303.984
303.984
303.984
303.984
303.984
303.984
303.984
303.983
303.984
)
;
        refGradient     uniform 0;
        valueFraction   nonuniform List<scalar> 
40
(
0.0909091
0.0909091
0.0909091
0.0909091
0.0909091
0.0909091
0.0909091
0.0909091
0.0909091
0.0909091
0.0909091
0.0909091
0.0909091
0.0909091
0.0909091
0.0909091
0.0909091
0.0909091
0.0909091
0.0909091
0.0909091
0.0909091
0.0909091
0.0909091
0.0909091
0.0909091
0.0909091
0.0909091
0.0909091
0.0909091
0.0909091
0.0909091
0.0909091
0.0909091
0.0909091
0.0909091
0.0909091
0.0909091
0.0909091
0.0909091
)
;
        value           nonuniform List<scalar> 
40
(
303.541
303.541
303.541
303.541
303.541
303.541
303.541
303.541
303.541
303.541
303.541
303.541
303.541
303.541
303.541
303.541
303.541
303.541
303.541
303.541
303.541
303.541
303.541
303.541
303.541
303.541
303.541
303.541
303.541
303.541
303.541
303.541
303.541
303.541
303.541
303.541
303.541
303.541
303.541
303.541
)
;
        Tnbr            Tair;
        thicknessLayers 0();
        kappaLayers     0();
        kappaMethod     lookup;
        kappa           kappaSolid;
        alphaAni        Anialpha;
    }
}


// ************************************************************************* //
